Time,FC,PAS,PAM,PAD,temp,SpO2,FR
-1,114,139,97,75,37.2699,98,16
0,125.4,152.9,106.7,75,36.7481,98,17.6
30,126.793,151.341,108.104,75,36.2263,98,17.4951
60,125.58,156.357,106.326,75,35.7046,98,17.9487
90,127.521,152.907,105.382,75,35.1828,98,17.9446
120,126.316,154.235,107.45,75,34.661,98,17.2859
150,128.347,150.469,106.125,75,34.1392,98,17.8861
180,125.089,151.707,104.684,75,33.6175,98,17.9707
210,125.991,151.522,108.697,75,33.0957,98,17.4097
240,128.036,150.735,108.213,75,32.5739,98,17.4509
270,122.686,155.601,104.066,75,32.0521,98,17.6798
300,127.586,150.274,108.149,75,31.5303,98,17.5063
330,122.691,156.545,107.962,75,31.0086,98,17.6242
360,135.232,155.083,119.344,75,30.4868,98,17.3579
390,136.224,154.667,117.18,75,29.965,98,17.7302
420,124.671,156.499,117.508,75,30.1995,98,17.7643
450,128.401,153.114,119.322,75,30.434,98,17.486
480,123.179,155.467,105.89,75,30.6685,100,17.1828
510,124.621,152.21,104.76,75,30.903,96.2407,16.9237
540,152.225,118.024,83.2967,69.75,31.1375,96.7456,0.359205
