Time,FC,PAS,PAM,PAD,temp,SpO2,FR
-1,102,149,105,93,37.4595,92,21
0,112.2,163.9,115.5,93,36.9351,92,23.1
30,110.996,163.77,115.837,93,36.4106,92,23.1945
60,111.3,165.833,113.057,93,35.8862,92,23.5211
90,113.075,160.63,117.584,93,35.3618,92,22.6114
120,109.623,164.017,114.227,93,34.8373,92,23.4676
150,111.952,167.965,112.944,93,34.3129,92,23.3523
180,110.622,167.809,113.788,93,33.7885,92,23.3085
210,111.408,161.622,115.023,93,33.264,92,22.9486
240,111.08,160.898,115.32,93,32.7396,92,23.6718
270,110.731,164.741,115.56,93,32.2152,92,22.6013
300,111.28,162.96,112.99,93,31.6908,92,23.3967
330,110.023,160.796,116.857,93,31.1663,92,23.2356
360,125.974,161.901,129.14,93,30.6419,92,22.8877
390,124.775,167.91,126.891,93,30.1175,92,22.5375
420,121.78,162.997,127.847,93,30.4998,92,23.1509
450,126.232,163.421,130.938,93.93,31.1872,92.92,23.7789
480,114.17,168.241,117.617,95.081,32.2642,92.368,22.8239
510,115.371,169.607,114.212,92.0763,32.4709,100.399,23.6713
540,110.516,163.469,118.422,94.4095,32.3309,98.8281,22.9898
570,112.859,130.621,93.094,73.7962,32.8134,92.1687,22.126
600,111.479,129.425,93.1347,76.6002,33.3625,89.063,21.3576
630,111.518,130.249,95.4894,74.5176,32.586,84.9761,20.8571
660,106.523,128.251,94.5324,73.1896,34.3646,81.1562,21.159
690,105.68,131.359,92.5632,74.3075,34.4704,79.8302,19.7684
720,103.839,113.543,80.271,70.9936,34.0018,71.6439,20.1034
750,91.1379,114.602,56.4182,62.5474,34.589,68.3441,19.2926
780,92.9763,111.227,51.2576,61.5364,35.9278,87.093,18.6114
810,89.4668,115.514,56.7317,61.9628,36.4592,83.5741,17.8504
840,85.4163,107.932,80.4477,65.4794,35.8419,83.08,17.9224
870,86.4995,111.346,78.8138,65.423,37.051,76.7784,17.9388
900,89.2031,141.122,80.2623,63.8101,36.7172,73.2164,17.0636
930,88.1702,141.861,79.764,62.2084,37.3507,67.9322,17.2422
960,85.0643,141.41,76.1812,80.3352,37.173,67.9611,17.5825
990,93.1224,144.001,98.1757,81.1969,37.8925,66.3825,17.4258
1020,94.6957,140.721,100.436,83.9979,37.1298,59.6689,16.7382
1050,94.992,138.563,102.313,80.8022,37.0267,58.4005,17.2766
1080,90.0763,121.535,87.9465,77.7576,37.7691,52.7361,16.6725
1110,91.1688,129.251,96.4837,70.3899,36.8272,51.3417,19.3046
1140,92.2667,129.322,96.0357,67.7426,37.9522,44.2172,19.3429
1170,93.4711,126.456,92.4501,68.8887,36.8232,43.8324,18.8327
1200,95.5126,128.748,92.6057,69.7768,36.3362,40.8582,18.6376
1230,116.552,154.072,114.089,71.7683,37.212,32.859,22.9284
1260,101.437,134.852,89.891,67.7516,36.4853,33.6588,22.4363
1290,96.6963,137.008,87.3848,69.7381,36.3039,25.5251,23.2161
1320,98.5505,135.278,88.8736,68.0261,36.4082,26.7084,23.011
1350,83.8962,116.865,89.4779,67.759,36.7631,26.5796,18.2863
1380,88.0599,117.397,86.3451,70.7707,37.9864,29.2632,18.0362
1410,109.088,155.312,114.34,68.5222,37.6106,29.2126,22.8843
1440,121.93,170.719,123.041,68.6349,37.2542,28.5528,24.4254
1470,126.374,177.693,129.633,71.8775,36.365,29.2682,25.7826
1500,124.743,170.401,129.651,69.1248,36.6701,27.0924,24.6803
1530,100.009,136.86,105.339,69.8008,37.8057,28.1073,20.6215
1560,102.68,138.335,102.817,70.5374,36.3233,29.1981,20.8329
1590,102.851,138.865,101.786,70.1388,36.6028,26.1248,20.3741
1620,100.969,142.669,103.343,72.1439,37.6432,27.3236,20.188
1650,84.5982,120.891,87.0754,70.2877,37.3295,26.1682,16.977
1680,85.8388,118.231,88.1081,69.8382,37.5308,26.3331,16.7273
1710,81.7257,120.222,89.6702,71.5145,36.2292,26.781,17.0454
1740,84.6113,115.337,88.8929,67.5944,35.9644,27.4078,17.7354
1770,87.3349,118.338,85.2325,68.5139,36.1754,28.993,17.5023
1800,96.1464,130.445,97.1051,70.5622,36.1639,28.8787,18.5363
1830,71.5556,104.212,73.8332,68.0138,36.5572,27.2317,19.4859
1860,74.8196,101.971,74.3906,68.023,36.78,27.0735,18.5124
1890,74.8253,102.684,72.825,70.1073,37.5929,27.9495,19.2601
1920,72.2374,106.928,75.6669,67.9815,36.7972,27.9007,19.2408
1950,75.8368,106.522,77.7582,71.3229,36.6519,26.6345,19.4382
1980,76.8066,101.361,77.6493,69.8691,36.8125,26.9573,19.0786
2010,72.0892,101.653,76.7306,70.958,37.0165,29.8062,18.7018
2040,75.6155,100.037,78.7787,71.6746,35.7391,28.6885,19.5178
2070,75.0069,106.185,76.7349,69.2715,37.0078,28.7226,18.5845
2100,72.7492,104.002,72.6715,68.288,37.1815,30.3569,19.1446
2130,90.3183,122.477,90.6875,70.3324,36.1582,30.4925,19.0863
2160,87.7405,127.764,92.9136,71.0568,36.9617,28.9316,19.445
2190,92.4478,123.019,92.9571,69.4997,37.255,27.4921,19.6259
2220,91.6484,128.744,95.2464,71.8522,36.1828,30.8522,18.8
2250,88.8073,129.377,93.778,70.6424,37.0827,30.5922,19.0077
2280,88.5427,129.157,92.7892,68.4718,36.3753,26.8459,19.8145
2310,88.9345,127.969,92.7819,67.6787,36.888,26.872,19.2295
2340,91.6865,125.465,90.5505,69.1699,35.7656,26.9136,19.0195
2370,90.6017,123.277,91.2731,70.8589,37.2625,26.3769,19.1388
2400,92.5046,130.08,93.0791,72.11,36.8958,26.9651,18.9099
2430,88.9337,124.485,89.8268,69.6821,37.2175,29.2561,19.2749
2460,91.7076,128.59,95.055,69.2151,35.7311,26.7759,19.5298
2490,89.1727,124.27,95.3035,71.1379,36.1146,27.4746,19.2621
2520,89.2863,124.557,94.4841,67.9908,35.8619,28.1847,18.7901
2550,93.3646,126.857,90.6134,68.3782,36.9676,27.6956,19.449
2580,91.9722,130.049,89.824,69.4333,36.7614,30.8898,19.5954
2610,92.4832,123.1,92.0403,67.8877,36.0747,28.0268,19.6893
2640,91.4753,127.48,91.0807,71.8918,37.1238,26.7466,18.7358
2670,87.9849,126.47,89.6522,67.6537,35.5674,27.57,18.944
2700,92.6242,127.062,94.4405,70.1333,36.377,30.4476,19.8239
2730,83.3419,121.51,88.5744,72.1598,37.1917,26.8475,16.9303
2760,88.5833,137.978,103.639,77.3923,35.5616,27.0058,17.8423
2790,97.605,135.991,103.409,78.9287,36.6932,30.4496,16.9492
2820,96.5172,135.336,99.7826,81.4972,36.6382,26.5371,17.0391
2850,93.349,141.717,98.8497,80.5705,36.7565,29.8326,17.3129
2880,96.9115,141.178,101.178,78.8894,35.8669,27.6086,17.9764
2910,95.1336,137.518,103.59,80.7041,36.403,29.0678,17.4233
2940,94.8125,137.99,102.202,79.4844,36.3619,29.8726,17.7591
2970,94.6293,140.699,104.708,81.4686,36.5586,30.781,18.0223
3000,95.8128,139.932,101.23,80.2622,36.2649,29.8422,17.3035
3030,98.1534,134.328,100.925,80.5483,36.0293,26.6099,17.8264
3060,93.151,139.62,100.758,81.1699,35.4294,30.0164,17.6776
3090,97.1575,139.084,101.79,79.4026,35.8687,27.8138,17.7316
3120,93.1345,137.008,103.542,81.9213,35.1811,26.5718,16.9136
3150,96.0101,141.577,101.377,81.2176,36.7459,29.4306,17.9985
3180,94.2909,141.133,103.691,80.8946,35.8912,26.3391,18.0644
3210,95.5928,141.909,103.11,80.3845,35.8472,26.6639,17.489
3240,97.2041,140.067,100.975,83.126,35.9286,30.4431,17.3896
