Time,FC,PAS,PAM,PAD,temp,SpO2,FR
-1,111,155,107,90,37.0902,88,29
0,122.1,170.5,117.7,90,36.5709,88,31.9
30,119.329,169.64,116.745,90,36.0516,88,31.4725
60,119.261,172.003,118.879,90,35.5324,88,31.3385
90,123.584,170.691,115.04,90,35.0131,88,32.2472
120,120.33,169.392,119.132,90,34.4938,88,32.2024
150,122.451,166.376,118.171,90,33.9746,88,32.4229
180,122.397,169.364,116.099,90,33.4553,88,31.7314
210,119.77,171.772,115.179,90,32.9361,88,32.6572
240,124.937,167.22,117.689,90,32.4168,88,31.172
270,123.506,171.007,117.185,90,31.8975,88,31.6698
300,120.057,174.733,116.94,90,31.3783,88,32.2054
330,122.547,166.933,115.106,90,30.859,88,32.1764
360,132.496,166.964,128.172,90,30.3397,88,32.2089
390,132.779,173.634,131.022,90,29.8205,88,31.3565
420,136.073,171.452,118.981,90,30.1795,88,31.3557
450,134.659,168.384,115.677,90,30.5384,88,32.1987
480,122.785,171.092,119.276,90,30.8974,100,31.6936
510,122.51,169.176,118.083,90,31.2564,99.0088,31.7927
540,121.408,133.025,94.6162,72,31.3028,94.6335,30.8103
570,118.858,137.462,91.638,72,31.6618,92.1255,30.1391
600,115.998,135.287,93.6221,71.4988,31.6479,92.083,28.3273
630,119.244,139.358,94.3278,71.4882,32.4596,92.5273,29.0857
660,105.041,117.919,77.5483,68.1294,33.2417,89.6287,27.1183
690,96.0694,112.836,50.9315,60.3105,32.696,86.6177,26.3797
720,95.0462,117.167,50.6657,62.468,32.7244,83.7645,26.6954
750,94.023,112.136,51.2759,60.3296,34.4185,79.573,26.0267
780,92.9998,119.286,51.4173,62.4033,34.1249,78.8592,25.8917
810,91.9766,146.16,74.9552,61.6066,34.4839,79.223,25.0043
840,90.9534,153.548,76.9074,60.7086,35.6394,75.6957,23.1911
870,90.9534,147.296,73.0865,79.2768,35.9567,74.1962,23.6677
900,90.6414,153.827,74.8422,78.6978,35.517,75.5612,24.812
930,95.5042,151.322,96.59,78.4782,36.282,72.723,24.6963
960,97.9938,153.71,98.293,80.4592,36.641,72.2724,24.9075
990,98.9267,155.992,99.6894,78.4113,37,68.6308,24.9556
1020,86.645,130.869,81.2941,73.7438,37,65.8724,23.8788
1050,94.4419,141.803,91.8158,67.4317,36.8973,66.2698,26.479
1080,96.9452,143.612,92.0223,68.22,37.3264,62.0124,26.8777
1110,94.9408,143.191,91.9621,68.0153,37.5192,60.9393,26.7492
1140,97.9143,141.907,92.4375,68.0731,37.5676,58.3279,26.9988
1170,98.5471,143.728,95.3221,67.5412,36.4265,56.8965,27.8901
1200,99.8404,141.347,93.8055,66.5271,36.1343,57.6537,27.9788
1230,90.5236,126.922,85.1507,68.6818,37.907,52.1201,24.7697
1260,90.8798,129.265,83.295,67.4805,36.3913,53.4967,24.3165
1290,92.0119,126.277,86.618,67.2117,37.1837,53.47,25.201
1320,90.9706,126.723,86.451,67.2806,36.4657,52.6764,24.8264
1350,114.357,163.061,110.106,68.8782,36.456,51.1228,32.2444
1380,114.109,163.73,109.628,68.9373,37.3968,52.2805,31.7917
1410,117.906,164.154,110.613,68.6157,36.5961,52.5477,31.5576
1440,117.881,164.576,108.777,68.0295,36.867,51.3023,31.3526
1470,116.546,164.188,110.849,68.668,36.6781,51.7132,32.239
1500,115.953,164.204,110.749,68.2053,36.8923,51.4006,32.079
1530,113.888,165.813,108.709,66.1257,37.5273,53.3958,32.3291
1560,113.393,164.709,108.762,68.8721,37.3141,52.2946,31.9835
1590,113.565,165.028,110.93,68.2326,37.2924,52.5169,31.9831
1620,118.451,166.158,109.879,67.5608,37.6506,51.8286,31.5333
1650,114.646,163.602,111.85,67.3654,37.3548,51.8498,31.8335
1680,115.659,167.854,109.681,67.6502,36.4918,53.15,31.8331
1710,117.959,168.005,108.529,69.0099,36.6384,53.8815,32.1186
1740,118.332,163.948,109.478,68.8692,37.5707,53.8803,31.7965
1770,116.672,168.006,110.91,68.8965,36.1932,53.5548,31.7299
1800,117.189,167.021,111.687,66.7054,37.214,52.6433,32.1762
1830,117.66,167.749,109.17,68.2293,37.4886,52.8612,32.1173
1860,113.404,163.832,109.925,66.0938,36.8441,53.9764,32.4169
1890,114.263,166.196,109.85,68.6861,37.0036,52.2453,32.2534
1920,116.14,167.318,109.084,66.9699,37.0465,52.2527,31.9065
1950,123.87,181.516,118.468,68.9759,36.6368,53.4412,34.9359
1980,123.467,184.689,118.929,66.4133,36.4043,54.2367,34.2755
2010,126.362,183.09,117.728,68.4781,36.6432,53.4017,34.9196
2040,127.552,183.21,119.328,67.1321,37.0312,53.9475,34.9077
2070,123.325,184.459,118.133,66.5546,36.784,53.3821,34.272
2100,126.877,179.954,120.675,68.2857,36.368,52.7283,35.1444
2130,124.94,180.274,117.38,68.8128,37.8146,52.4041,34.9698
2160,124.46,183.569,118.943,66.1707,37.0352,54.4749,34.5909
2190,123.291,183.562,117.642,66.2359,37.423,52.8412,34.3879
2220,123.71,184.511,118.851,68.4198,36.3122,52.6774,34.7378
2250,124.665,182.666,118.918,67.8796,37.6822,53.1836,34.7326
2280,127.563,183.077,118.32,66.1768,36.9935,53.8153,34.2122
2310,123.178,183.264,119.328,66.1553,37.0497,53.6232,34.2296
2340,124.504,179.144,118.709,67.1152,37.9055,54.01,34.2738
2370,123.742,179.647,120.021,67.2211,37.4865,52.2936,34.1017
2400,126.583,182.827,119.431,67.3444,36.7619,54.1352,34.6775
2430,127.876,182.497,119.616,68.6766,36.7171,52.2961,35.197
2460,94.2418,135.147,85.7299,66.3925,37.6913,53.0613,25.4292
2490,94.1931,131.836,88.1308,68.979,36.8141,52.8728,25.2946
2520,90.3215,133.449,87.1097,68.412,36.465,54.4374,25.1187
2550,92.629,135.223,88.4409,67.3597,36.9162,52.8103,25.2296
2580,93.8429,133.313,86.5386,68.0461,36.7343,52.7347,25.7982
2610,90.695,134.869,86.6841,66.2883,36.1859,54.4021,24.9248
2640,91.9513,132.295,87.3294,67.8824,37.7319,54.156,25.3319
2670,90.0118,135.27,88.0991,68.0848,37.3692,52.912,24.995
2700,90.2762,134.703,87.3469,68.8976,36.5953,53.7935,25.5893
2730,92.936,130.61,87.217,68.6292,37.6494,53.8038,25.9881
2760,94.4462,134.396,85.6369,67.1183,36.1814,53.1917,26.021
2790,100.781,141.089,92.2677,66.18,36.5058,52.0352,27.4138
2820,100.667,141.583,94.1762,66.2625,36.4831,52.7923,26.5668
2850,99.3058,141.813,90.9889,68.0426,36.3313,52.2697,26.6475
2880,97.6353,138.881,94.0344,68.9344,37.7676,53.3217,26.5263
2910,100.181,142.466,92.6961,66.8333,37.1191,54.207,27.3355
2940,103.052,139.591,93.6235,67.1264,36.1828,52.4137,26.823
2970,101.462,141.383,93.074,66.5666,37.7923,53.6926,27.5504
3000,102.064,143.874,94.5241,66.2179,37.6546,54.0164,26.5637
3030,106.917,141.067,90.8362,66.1663,37.8978,53.3451,26.9124
3060,106.745,141.55,90.6895,66.5297,37.1505,53.8563,27.1726
3090,108.248,144.568,93.8508,68.374,36.8067,52.9468,27.6818
3120,107.559,139.491,93.966,67.1858,37.8449,53.9716,27.0725
3150,111.237,142.534,92.6544,67.7651,37.9188,53.3178,27.2817
3180,113.196,139.544,94.5114,67.6204,37.1357,54.4377,27.3684
3210,108.683,143.224,91.6652,68.4065,37.3817,52.0243,27.2091
3240,108.394,141.637,92.83,67.2922,37.1463,52.8624,27.4984
3270,109.859,139.93,91.7648,67.0574,37.5635,52.9601,27.0849
3300,110.404,140.854,92.9156,68.3847,36.9183,51.344,25.8018
3330,105.288,141.913,90.7636,66.558,36.5525,49.7252,26.0413
3360,109.476,140.906,92.8615,66.2003,37.5884,48.2761,24.9078
3390,97.5474,128.918,84.0407,68.8336,37.3051,48.5912,21.3932
3420,106.646,149.012,96.9865,73.4414,37.3997,48.1289,20.5743
3450,104.396,148.642,97.6896,78.5643,37.6272,48.2447,20.4484
3480,104.458,147.157,99.0393,79.1054,36.1906,48.7777,20.5078
3510,102.39,152.25,96.1744,79.9589,36.5661,51.8703,20.087
3540,105.117,147.835,96.8008,79.6369,36.9699,53.3928,20.7203
3570,103.163,152.569,98.6901,79.5025,37.8778,54.9782,20.6723
3600,100.715,153.077,98.8034,80.455,36.7748,55.6047,20.299
3630,102.455,151.833,98.2714,80.0964,37.7977,54.7306,21.2263
3660,101.599,150.822,96.8867,79.5058,37.6482,55.4796,21.3478
3690,100.614,146.548,99.9258,78.0067,37.7764,57.1476,22.5124
3720,103.149,148.626,97.4414,78.7355,36.652,60.1491,22.6306
3750,102.216,151.214,98.1648,79.3302,37.0267,56.3578,23.3385
3780,101.119,149.157,99.3724,81.218,36.1709,61.888,24.3791
3810,103.176,148.728,98.1598,78.6816,36.7045,59.9811,24.7905
3840,100.278,152.681,99.4091,78.4141,36.5415,59.4188,25.569
3870,101.646,147.038,97.9049,78.7345,37.5351,64.2533,25.8559
