Time,FC,PAS,PAM,PAD,temp,SpO2,FR
-1,128,84,60,44,39.0233,92,25
0,140.8,92.4,66,44,38.477,92,27.5
30,142.386,91.2585,65.855,44,37.9306,92,27.9603
60,141.636,93.3565,65.7623,44,37.3843,92,27.8281
90,142.365,94.3003,65.2648,44,36.838,92,27.7812
120,140.914,90.6317,64.8573,44,36.2917,92,26.9408
150,140.261,93.5586,66.2544,44,35.7453,92,27.6481
180,139.143,94.5779,67.1868,44,35.199,92,27.5707
210,141.19,91.7395,65.2063,44,34.6527,92,27.1832
240,142.363,91.0732,64.9503,44,34.1064,92,27.7139
270,142.234,91.8518,66.8969,44,33.56,92,27.3859
300,143.959,93.3688,64.9071,44,33.0137,92,27.383
330,138.234,93.7375,65.628,44,32.4674,92,26.9851
360,154.952,90.3978,72.5019,44,31.9211,92,28.1462
390,151.636,93.6523,71.5194,44,31.3747,92,26.8797
420,157.518,92.2845,65.7665,44,31.6872,92,27.7963
450,153.397,92.3167,66.4141,44.44,32.3166,92.92,27.4615
480,144.544,95.4069,67.2639,45.4236,33.0158,90.9315,28.38
510,140.635,91.9207,66.6099,44.0364,33.225,101.021,27.5957
540,142.245,92.7055,65.468,45.1752,33.4494,101.485,27.7468
570,140.272,73.8994,52.6372,35.8854,32.4729,96.2799,27.0806
600,138.337,76.1239,53.1557,34.8662,33.9992,92.9498,25.6041
630,138.667,74.8196,52.3179,35.81,33.5146,91.9218,24.6653
660,138.561,73.2733,53.9515,35.1964,33.7421,89.9177,25.3304
690,134.748,73.1367,52.3298,36.1712,34.742,85.7909,23.8898
720,124.872,64.6568,48.8367,33.1514,35.7173,85.6078,23.4707
750,107.197,64.0702,27.4666,29.7458,34.8227,80.1614,22.7276
780,110.975,61.244,28.7429,29.6258,35.9561,89.5792,22.9872
810,106.194,61.8402,28.8198,28.8682,35.9468,88.8939,21.4144
840,104.625,63.7647,41.3427,38.6052,36.4933,86.1174,21.5512
870,104.834,64.3935,40.9372,38.6655,37.6377,82.4773,20.5453
900,101.421,83.2756,42.7011,37.9451,36.9371,80.6233,21.1557
930,106.531,79.8904,43.7558,38.1382,38.3055,76.222,21.2067
960,103.456,83.8787,43.5748,38.0593,38.001,79.6804,21.3964
990,107.217,81.5747,56.6583,38.3707,37.9992,74.2628,21.1535
1020,106.702,85.8727,55.4465,38.0476,37.421,75.5874,21.6298
1050,106.667,84.8939,54.7841,37.6045,38.9013,73.511,20.6929
1080,107.539,70.8273,50.901,36.3097,37.75,68.2021,20.9507
1110,108.909,75.6201,54.0463,33.1097,37.5023,64.8993,23.6671
1140,114.218,75.6841,53.8745,33.625,37.3875,65.1498,22.3876
1170,111.238,77.5298,55.2886,32.7827,37.7316,63.7505,22.9764
1200,111.144,78.96,54.4652,32.0489,37.7704,60.5118,23.4766
1230,137.249,92.6729,64.5497,33.6787,37.7548,57.9833,28.066
1260,119.109,75.8474,56.0936,32.6278,37.3686,55.5219,27.7277
1290,117.051,73.8469,55.5804,33.4381,37.285,49.7427,27.7074
1320,118.266,71.5146,56.9256,33.7513,38.7509,50.4727,28.8427
1350,101.27,72.1224,49.9728,32.0316,37.2155,53.7574,22.2795
1380,102.635,70.6399,48.3925,32.0966,38.0617,51.7959,21.6567
1410,134.031,89.6501,63.0974,32.1275,38.2603,52.601,27.9664
1440,147.275,99.2579,70.1887,32.6584,38.1077,51.6055,29.6227
1470,150.472,102.767,70.3437,33.9056,37.9106,53.335,31.3876
1500,151.152,103.078,72.8177,32.2594,37.4232,50.0162,30.3887
1530,124.206,83.2086,58.7832,33.3496,38.1058,50.8082,25.3256
1560,120.247,84.675,58.4017,32.4352,37.6148,52.0338,25.0833
1590,117.671,84.7701,59.0902,33.3463,37.4977,53.9503,25.0459
1620,124.45,83.6405,58.2954,33.2122,37.1504,51.7303,25.3222
1650,103.266,70.3484,51.1661,32.7474,38.2513,53.3117,20.7708
1680,101.069,71.2643,49.749,33.837,37.8561,51.8606,20.4263
1710,97.4492,70.9024,49.4376,32.1063,37.728,52.4558,21.3095
1740,104.524,68.635,48.124,33.7586,38.2036,54.2107,20.8677
1770,97.3284,68.0328,47.7325,33.0169,37.5292,51.3388,21.5064
1800,108.492,77.8253,54.6081,33.5603,37.8305,53.8428,23.3613
1830,86.581,58.5296,43.0747,32.4899,38.03,52.5513,22.9926
1860,87.0788,62.4144,40.9773,32.3877,36.8035,52.4165,22.571
1890,91.98,59.3205,42.2491,33.9642,37.1604,53.6479,23.0984
1920,90.8058,62.2581,41.6934,31.9843,37.7365,51.6552,23.5918
1950,86.8307,62.7032,41.9872,33.032,38.2564,51.2103,23.5775
1980,90.1149,60.9614,41.081,34.0885,37.2385,51.6453,22.7794
2010,88.5944,61.2625,41.5099,32.8153,37.954,54.0244,22.971
2040,85.4577,60.2331,43.2109,33.8286,36.843,50.9899,23.7613
2070,91.2874,59.8415,42.9337,32.1291,36.842,51.0131,23.3496
2100,85.7708,59.4184,41.9255,33.7231,37.8067,52.9717,23.623
2130,105.12,75.6616,50.4446,33.2879,37.0108,51.8355,22.9671
2160,104.966,76.9083,51.659,32.3685,37.0749,51.2771,23.0265
2190,108.594,73.3044,53.6693,32.7928,37.3129,53.7015,23.6218
2220,109.804,75.7595,50.7889,33.8074,38.0973,52.8985,23.8688
2250,109.577,76.9186,52.0205,33.7336,37.6421,52.8853,23.5473
2280,104.388,75.7657,52.0207,32.2411,37.6793,54.5842,23.4245
2310,104.919,76.9098,51.8707,33.4028,36.7028,52.5498,23.0255
2340,109.778,72.6499,52.3351,32.8806,37.8327,53.8068,23.3365
2370,110.166,73.1053,53.6556,32.9256,36.6273,52.7403,23.3184
2400,111.06,76.6733,52.8518,33.9434,37.586,51.6162,23.0185
2430,107.404,72.5989,51.8517,33.0704,36.4228,54.6438,23.2008
2460,106.142,73.5952,51.3392,34.0753,36.9736,54.5766,23.5057
2490,105.43,74.7886,52.7966,33.9846,37.6281,53.8259,23.4769
2520,111,72.9659,52.6854,33.5727,36.4746,52.546,23.8597
2550,110.162,75.2054,52.8814,32.3174,37.5925,51.421,23.9161
2580,109.967,72.4629,53.4463,31.9105,36.8993,51.4944,24.2939
2610,109.355,72.469,51.747,33.758,37.3755,51.156,24.0028
2640,106.278,76.0277,50.9904,32.237,38.0646,54.5788,24.1826
2670,104.281,73.5262,52.3211,33.6628,37.9606,52.0777,24.2903
2700,108.641,74.5399,52.7095,32.6086,37.2744,53.4113,23.3673
2730,104.358,71.5215,48.3053,32.9983,37.837,53.8663,20.9918
2760,106.789,82.609,51.5709,36.0994,37.4498,51.8857,21.6771
2790,113.989,79.4046,57.5422,38.6171,37.0311,51.9735,21.0537
2820,111.916,81.7088,56.3222,39.207,36.4725,50.8101,20.7604
2850,114.678,81.9534,56.7588,38.2726,37.1005,54.2531,21.8172
2880,112.034,81.2863,55.974,38.7329,36.8528,52.2331,20.9523
2910,117.419,81.9983,55.5492,38.333,37.6804,54.5017,20.5764
2940,111.413,79.7849,56.4993,38.1961,37.6577,54.1242,20.8626
2970,117.028,82.9641,56.4824,38.2205,37.1119,54.7113,21.6886
3000,117.381,82.4295,57.6226,37.5317,36.5762,55.2084,21.5714
3030,114.013,80.9758,55.2349,38.0458,38.0694,51.2741,21.6706
3060,116.053,84.03,57.9185,39.1067,36.4982,51.5979,20.8805
3090,117.138,84.0499,56.7498,38.7118,37.7095,54.4533,20.6735
3120,112.061,82.852,58.238,37.3922,36.9383,55.7733,20.8327
3150,114.613,82.2647,58.297,39.3818,37.8909,59.4323,21.0406
3180,117.424,84.2296,55.6686,38.5192,37.9536,61.6667,21.1929
3210,110.191,79.7346,57.4337,39.2929,37.94,63.1915,21.0354
3240,115.767,83.1894,57.446,39.3781,36.9355,61.4672,21.2598
3270,116.73,84.086,55.9138,38.0884,37.0041,64.8562,19.9042
3300,113.841,83.1559,57.3876,38.0484,37.4149,64.0543,20.2884
3330,116.823,82.1055,56.7489,39.1885,36.194,65.7888,19.3421
