Time,FC,PAS,PAM,PAD,temp,SpO2,FR
-1,83,126,95,75,37.0775,98,14
0,91.3,138.6,104.5,75,36.5585,98,15.4
30,91.1074,137.899,102.246,75,36.0394,98,15.5946
60,93.5009,138.179,103.304,75,35.5203,98,15.781
90,89.3965,140.133,106.275,75,35.0012,98,15.1997
120,91.295,142.026,106.635,75,34.4821,98,15.7565
150,90.9967,138.321,102.178,75,33.963,98,15.3719
180,89.586,138.708,106.388,75,33.4439,98,15.6709
210,93.3267,141.43,103.414,75,32.9249,98,15.7681
240,89.9854,139.575,105.547,75,32.4058,98,15.6753
270,90.3484,137.702,106.344,75,31.8867,98,15.3274
300,89.7711,137.932,106.404,75,31.3676,98,15.7251
330,92.1316,137.806,104.181,75,30.8485,98,15.2961
360,100.045,138.75,113.739,75,30.3294,98,15.6556
390,101.278,141.704,114.781,75,29.8103,98,15.2808
420,90.0553,137.159,105.622,75,31.6078,98,15.5422
450,91.8377,134.87,105.792,74.2566,33.5131,99.1498,15.2664
480,88.8212,140.581,102.344,75.2339,34.6167,99.7439,15.5335
510,90.126,134.877,107.095,75.1068,36.6364,97.7819,15.3747
540,90.0088,142.953,104.781,75.2517,36.7343,95.2338,15.3421
570,92.9166,106.609,83.9669,60.9801,36.4393,91.3593,14.8972
600,86.7594,111.025,81.8075,59.0305,36.4659,87.0295,14.2485
630,89.3885,107.57,80.3499,60.989,36.5149,87.5654,13.791
660,87.5948,105.911,84.7282,60.0617,35.845,84.6503,13.7847
690,88.2622,112.149,81.0778,60.4369,37.2788,81.54,12.8722
720,80.7308,104.038,70.2023,55.5764,37.4265,76.687,12.529
750,71.2276,89.3257,49.3995,50.5418,36.6628,72.6513,12.4334
780,70.1742,89.5175,48.8826,49.6791,38.0331,96.8991,12.6466
810,69.5256,93.2386,47.0286,49.338,36.1105,91.2963,12.6185
840,66.9908,96.3477,49.5871,64.0621,37.8133,89.6699,11.6162
870,68.3429,91.0605,49.9939,65.2617,37.3075,87.9903,11.666
900,67.1111,92.8054,70.3994,65.1259,36.2882,81.5129,11.3395
930,67.1801,94.7665,68.9976,66.9316,37.8956,80.2569,11.6778
960,67.0182,120.432,70.4477,63.9137,38.0779,82.4353,11.7752
990,70.1334,120.329,89.299,63.6835,38.5573,75.8482,10.904
1020,69.2304,116.349,90.6174,66.0612,36.1908,73.0352,10.9992
1050,72.5346,119.043,91.4498,66.0467,36.6133,72.7164,10.9068
1080,67.072,110.754,76.0598,59.6926,38.5406,66.7417,10.9443
1110,72.6779,110.085,82.6706,55.9903,36.8047,66.1972,12.205
1140,72.0014,108.958,82.916,56.5675,37.332,59.7317,12.2353
1170,70.3045,111.867,83.0757,54.9256,36.1639,58.5254,12.3511
1200,73.0055,111.875,86.3151,56.1364,37.1084,57.5592,12.2709
1230,88.1059,134.873,102.4,54.1253,37.7577,53.1941,15.2788
1260,74.9734,128.078,89.4036,56.6831,37.2716,49.2905,14.8603
1290,76.3297,127.205,89.1475,53.8082,36.8227,47.6596,14.9736
1320,73.7231,127.272,87.0113,56.1142,36.9549,45.6695,14.9471
1350,73.7382,126.475,88.5831,54.6828,36.4393,45.4287,15.1328
1380,77.0213,129.512,88.693,53.8166,38.6779,46.362,14.9288
1410,75.8485,124.287,88.047,54.2879,36.0266,50.1835,14.7507
1440,76.4151,129.118,90.0999,55.2461,37.4991,51.4964,15.3151
1470,76.1122,126.798,87.0774,53.8401,37.4058,50.6855,14.9711
1500,75.2729,125.884,88.3096,54.3539,37.6592,50.1792,15.2574
1530,89.9721,135.407,102.486,54.4065,37.078,49.1573,16.4683
1560,88.5639,136.834,103.875,55.6699,36.8072,49.8939,15.8821
1590,89.2463,139.549,102.942,55.2207,37.4228,51.9335,16.263
1620,87.16,137.657,105.894,55.6974,36.822,49.685,16.0477
1650,88.2602,137.971,104.688,56.2264,37.512,50.6404,16.4266
1680,87.2869,134.973,104.199,56.3657,37.665,51.9709,15.8585
1710,89.1491,135.264,104.663,57.0637,37.9564,50.6688,15.9461
1740,89.8797,137.553,105.826,54.8472,37.4277,50.9246,16.1109
1770,89.2719,136.174,103.076,53.9075,37.1177,52.0689,16.1264
1800,89.4962,136.832,103.356,54.3081,36.1002,49.015,15.8444
1830,87.0796,139.606,102.624,54.4105,37.0719,49.7394,15.9685
1860,86.8548,136.102,104.812,54.0002,36.5555,50.2074,15.999
1890,88.0065,138.932,103.726,55.8898,36.5703,48.2243,16.0725
1920,88.3423,136.898,104.703,56.634,37.5985,52.3769,16.335
1950,88.5322,135.023,106.398,56.7165,37.1543,48.4198,16.471
1980,88.3009,139.082,106.652,53.88,37.821,49.2976,16.1082
2010,92.0881,143.976,109.943,56.0841,37.055,48.1605,16.4476
2040,93.3987,143.9,110.941,53.8468,36.3827,51.4434,16.1626
2070,92.4698,144.215,113.803,53.8418,35.2913,52.3245,16.5538
2100,94.4624,145.625,112.299,56.2599,37.5573,48.6549,16.5684
2130,93.6011,141.698,110.917,55.2298,36.5742,52.0095,16.8405
2160,91.4633,141.168,113.955,55.2738,37.1905,50.2126,16.648
2190,93.0326,142.811,112.806,55.2452,37.2362,47.8359,16.3714
2220,93.6429,143.853,109.985,57.0532,36.5353,50.6161,16.2158
2250,93.4626,145.381,112.113,56.9721,36.2982,52.2729,16.3335
2280,93.7548,145.517,112.871,53.8787,36.616,51.3124,16.1739
2310,94.0616,142.815,111.885,54.51,36.158,50.4429,16.6419
2340,92.0154,143.924,112.659,56.1031,37.1448,51.7917,16.458
2370,92.0158,142.47,111.459,55.1602,37.11,51.1602,16.4554
2400,92.367,142.716,111.713,56.7071,36.5492,52.4144,16.3987
2430,93.9259,142.921,112.228,56.2862,35.1762,49.9571,16.2446
2460,94.4065,140.972,113.462,56.0435,36.9542,48.3951,16.555
2490,91.7507,143.409,114.032,56.7985,37.8216,49.499,16.2332
2520,93.2868,146.819,112.72,56.4201,36.7755,48.5668,16.6945
2550,94.558,146.376,114.592,55.292,38.2047,50.7751,16.686
2580,92.9863,144.769,114.215,55.3104,36.1152,47.9403,16.3805
2610,93.0084,142.089,113.42,56.9059,37.1988,48.2071,16.8211
2640,94.2758,142.65,115.524,55.1721,36.5841,48.3198,16.6126
2670,95.0766,145.29,112.766,55.4092,36.9263,48.616,16.5788
2700,93.386,145.145,112.59,54.8924,34.9696,50.7431,16.262
2730,93.1147,146.666,112.862,56.4645,35.7288,51.0658,16.7357
2760,93.9221,143.932,113.335,55.226,35.5963,47.7517,16.759
2790,96.1281,142.159,113.793,55.098,36.8367,52.1177,16.8278
2820,92.9138,147.225,113.504,54.22,37.9095,48.6309,16.2015
2850,95.412,143.354,116.349,57.3558,36.3297,51.3786,16.706
2880,96.4512,147.323,113.128,54.366,35.1631,51.8687,16.2359
2910,93.8488,142.592,114.505,57.1771,36.1716,51.4885,16.6149
2940,94.1564,147.816,115.607,54.9141,37.4801,48.8135,16.505
2970,93.68,142.567,114.779,56.0303,35.848,48.7639,16.5397
3000,93.8199,144.272,115.432,55.4044,35.9936,49.6532,16.6599
3030,95.5233,147.325,115.531,54.7007,35.2681,51.0847,16.4729
3060,94.7337,144.545,115.849,54.692,36.2072,50.3534,16.3718
3090,97.0804,148.435,116.791,55.9658,36.4802,52.472,16.3634
3120,94.9104,145.888,115.897,56.9446,37.8557,49.82,16.5008
3150,96.7252,148.685,115.764,57.4938,35.3086,49.4143,16.5996
3180,95.7943,148.43,116.338,56.7859,36.102,51.0719,16.295
3210,94.25,147.424,113.777,55.432,35.8377,47.486,15.541
3240,95.7525,143.721,117.035,55.9913,35.0053,47.694,15.8447
3270,94.3131,145.641,117.017,55.9959,35.9259,41.9357,15.0471
3300,93.7591,147.201,117.653,57.0503,37.8457,42.1597,14.929
3330,96.0998,145.896,115.183,55.8135,37.2151,40.9361,14.9509
3360,93.7316,144.673,116.124,55.0065,36.3811,37.3826,15.4091
3390,97.0913,148.119,114.465,56.57,35,39.9346,14.9231
3420,93.2808,147.976,117.501,57.4435,36.4946,34.1576,15.2072
3450,96.3786,145.388,117.576,55.656,35.8738,35.1245,15.1854
3480,95.8307,143.673,116.416,55.185,36.9838,36.0067,15.2995
3510,97.0363,144.422,115.77,56.4918,35.7618,33.3598,14.8346
3540,75.5104,118.175,93.3089,57.2079,35.3227,29.9769,15.3704
3570,78.7396,115.958,92.2531,55.3182,37.1083,30.5069,15.3605
3600,78.6349,116.841,94.1756,56.1391,35.975,26.1687,15.9487
3630,78.7243,117.164,93.1623,55.7817,36.0799,28.5192,16.238
3660,78.6328,116.797,94.0203,57.2987,37.9663,25.8983,16.2791
3690,76.4413,119.932,91.716,54.4462,37.3755,23.0042,16.1011
3720,76.5943,114.841,91.7668,56.1308,36.4162,20.9747,16.1616
3750,78.4399,118.751,91.6438,56.1554,36.3125,19.4177,16.2865
3780,77.2594,119.798,94.4302,55.85,37.0039,17.758,15.8441
3810,76.9556,116.492,92.3999,54.8962,36.244,18.5942,16.1242
3840,74.9406,114.08,86.9604,56.3876,35.6552,17.8478,12.7729
3870,72.7535,111.147,88.727,55.1407,36.8433,18.3458,13.4865
3900,74.895,113.614,88.1075,56.9082,36.1609,19.6142,13.284
3930,72.0748,110.577,90.0614,55.5924,35.5206,25.9149,13.3862
3960,73.5986,109.749,88.2375,56.602,36.9175,27.4868,13.4338
3990,72.1731,110.311,86.8389,56.2381,34.9715,29.7725,13.4585
4020,75.5881,114.487,89.3685,55.2416,36.8991,34.8693,13.3028
4050,71.7605,113.697,86.6707,54.4016,35.3175,37.2981,13.4346
4080,72.6358,110.554,88.8137,57.2363,34.9003,39.9374,12.8528
4110,73.6884,114.174,89.3122,56.4114,34.9697,41.8822,12.8315
4140,72.3757,110.326,87.8422,57.0187,36.7491,44.7757,13.4835
4170,72.2331,112.517,90.5781,56.17,37.1854,47.3852,13.4566
4200,72.1108,108.959,89.7999,54.7272,35.9449,49.3408,13.3475
4230,73.4892,114.285,88.04,56.1813,36.3883,54.3698,12.9809
4260,72.483,114.772,86.6841,54.8817,36.1066,54.8185,13.0865
4290,72.6371,109.384,90.6069,57.4385,36.8277,61.4479,13.5042
4320,73.4152,112.74,86.6987,56.723,35.3849,62.6812,13.2595
4350,72.6527,114.169,87.208,55.5818,37.5217,66.4911,12.7842
4380,74.996,113.328,87.0761,54.8835,35.6264,69.1523,13.2106
4410,73.2258,112.213,88.613,55.3091,36.9202,70.6321,13.0731
4440,63.8187,98.9921,77.2138,55.1972,36.8265,76.7666,11.54
4470,69.4012,105.942,90.1173,60.0705,37.9605,77.1752,11.4588
4500,73.8799,116.957,93.1349,63.6778,37.022,81.5959,11.0281
4530,71.6539,114.788,91.1534,63.7914,36.9549,83.8754,11.3072
4560,71.8401,117.46,92.6586,66.2958,36.3345,88.2239,11.4289
4590,74.6525,114.141,89.3987,66.3406,35.42,86.7559,11.3999
4620,71.4743,117.612,92.4195,66.5322,35.7186,84.2266,11.1107
4650,73.7939,117.83,90.857,64.309,37.1577,87.6391,11.3549
4680,73.5978,118.048,91.2418,66.4,35.9983,86.6489,11.1654
4710,72.8355,118.425,90.1777,64.9952,35.0041,84.3731,11.1433
4740,73.7966,113.762,90.3055,66.4548,36.2928,84.6511,10.9842
4770,72.0604,117.949,90.8044,65.8813,36.3172,85.3948,11.0988
4800,71.4723,119.366,89.8627,65.4261,36.6642,83.4808,11.3989
4830,73.9658,115.619,89.7489,63.6039,35.8166,85.5214,10.8634
4860,72.9046,118.268,92.9814,66.5927,35.3387,84.0296,11.242
4890,74.7863,117.124,90.013,65.5842,37.3765,88.1707,11.5896
4920,73.7197,114.955,91.4616,66.6439,35.8158,86.8146,11.4917
4950,74.9363,119.368,93.1495,64.4647,35.1996,84.9711,11.2811
