Time,FC,PAS,PAM,PAD,temp,SpO2,FR
-1,87,193,120,97,36.7507,97,18
0,95.7,212.3,132,97,36.2362,97,19.8
30,97.9531,208.43,133.803,97,35.7217,97,20.0017
60,93.6926,215.721,130.393,97,35.2072,97,20.0326
90,93.883,208.251,130.771,97,34.6927,97,19.7474
120,97.5147,214.663,132.162,97,34.1782,97,19.945
150,97.2851,210.327,128.916,97,33.6637,97,19.5329
180,96.0826,208.429,131.106,97,33.1491,97,20.0075
210,93.5894,209.331,132.217,97,32.6346,97,20.1514
240,93.5486,213.158,135.119,97,32.1201,97,19.6151
270,97.1783,209.935,128.943,97,31.6056,97,20.1884
300,97.9963,210.187,130.069,97,31.0911,97,19.6712
330,94.4695,216.061,132.028,97,30.5766,97,19.9426
360,104.271,209.83,147.601,97,30.0621,97,19.6276
390,106.127,213.682,147.88,97,29.5476,97,19.6056
420,107.494,215.508,145.73,97,29.9616,97,19.3541
450,108.23,210.406,145.667,97.97,30.6752,97.97,19.6254
480,95.0102,215.77,133.437,97.348,31.0578,95.5314,20.4672
510,97.6726,215.996,132.114,100.194,31.5177,100.706,20.0289
540,97.561,218.171,131.259,99.1509,31.9618,97.4145,19.1433
570,119.638,167.887,111.952,91.2666,31.7263,96.5677,0.0185661
600,117.253,157.654,111.578,90.1321,33.007,90.3312,0
630,115.885,158.134,112.072,92.2609,33.6011,91.3426,18.7907
660,115.54,158.349,109.284,88.5422,34.4354,85.3778,18.4466
690,115.906,163.253,112.827,88.1846,34.2865,82.0989,17.8137
720,105.936,133.6,101.658,85.6568,34.1351,79.4843,17.0831
750,101.319,139.469,67.0044,79.1646,35.5735,76.1848,17.1988
780,99.0044,138.653,58.2137,78.5218,35.9814,92.6981,16.9355
810,99.2722,134.962,59.6541,76.0468,36.648,88.136,15.9932
840,96.9407,132.706,61.245,75.6206,36.0441,81.8309,15.375
870,95.6019,138.707,57.1741,75.9733,36.6799,80.2054,15.101
900,94.5125,132.176,54.6087,78.6329,37.5567,77.8903,15.5086
930,96.0088,136.395,58.6592,76.1785,38.046,73.2564,15.5004
960,97.0427,141.796,54.571,75.85,36.9844,71.857,15.3478
990,101.526,131.629,84.9528,78.5292,37.3781,68.8046,14.7394
1020,100.328,136.344,83.1044,76.4656,37.0415,67.3554,14.8584
1050,101.001,132.227,87.0299,78.4227,37.0769,64.3756,14.7591
1080,92.7895,121.446,81.8699,68.9227,37.7109,62.605,14.9471
1110,105.112,131.483,88.7167,64.3278,37.8199,57.5609,16.2176
1140,103.439,128.603,80.1893,66.6262,36.2854,55.0397,16.2644
1170,103.366,124.028,81.4377,67.1672,36.6543,50.1948,16.7629
1200,104.553,121.752,84.4434,63.6864,37.8063,48.2573,16.3218
1230,127.639,153.032,99.941,66.6575,37.1153,43.7762,19.7353
1260,109.638,125.676,92.4426,63.6067,37.4272,40.9318,20.5606
1290,111.514,128.863,91.6649,65.2334,37.1759,37.8451,20.0177
1320,111.904,126.349,91.33,66.6561,36.3461,34.7341,19.607
1350,93.1398,118.783,72.782,67.3907,36.8757,38.9746,15.7784
1380,92.7117,114.941,77.4018,65.4633,37.0242,35.6074,15.7606
1410,120.048,152.898,97.9646,63.5681,36.4887,39.1366,20.0505
1440,134.182,165.756,101.698,66.8076,37.4971,35.9241,21.7213
1470,135.032,167.712,107.104,63.3676,36.3171,39.1484,21.8498
1500,114.242,224.901,130.935,73.1704,36.6214,38.3349,22.0363
1530,84.8373,194.291,110.368,70.8634,37.6579,38.3385,17.892
1560,80.9804,202.14,110.996,70.2704,36.7352,35.7668,18.4201
1590,101.568,152.465,95.7507,66.215,37.6859,35.9023,0
1620,100.986,149.069,95.1597,68.9384,36.2196,36.5091,0.139076
1650,90.3347,118.536,80.9405,67.2243,36.3935,38.9866,14.3389
1680,87.4943,120.995,74.5087,67.0307,36.803,36.0699,15.602
1710,91.4969,119.663,77.303,66.0627,36.2228,35.4611,15.5811
1740,87.2573,118.611,73.2749,66.6005,37.2976,37.2753,15.2564
1770,86.1991,113.129,79.2217,67.5395,36.2721,37.9769,15.1017
1800,97.415,130.964,87.111,68.6532,36.548,34.7347,16.8718
1830,80.0338,101.949,69.8894,69.273,35.8263,36.7281,16.8023
1860,76.3045,105.026,69.2091,66.9707,36.155,38.483,17.4257
1890,75.0959,102.094,64.1132,64.9252,36.5555,39.0492,17.2049
1920,78.7703,104.91,68.6309,66.068,36.3732,37.2601,16.6797
1950,79.1355,104.594,66.0589,68.2941,35.8242,35.6816,17.2475
1980,75.4977,105.515,69.8112,66.5349,36.4883,37.7265,17.4126
2010,78.5019,103.096,68.4032,68.1552,37.4095,38.286,17.3277
2040,77.0531,105.597,66.102,65.2749,36.4517,34.8727,16.9811
2070,79.2161,104.9,66.8817,67.5562,36.2639,38.5684,16.905
2100,77.1449,98.7426,70.5842,67.2932,37.2048,38.6417,17.4769
2130,94.1997,126.764,84.484,69.4472,35.7316,36.5099,17.7296
2160,92.6708,123.271,82.1708,66.7601,37.3939,38.3271,17.5942
2190,94.8288,130.586,85.8854,65.7705,36.6571,36.4299,17.8519
2220,97.6241,123.721,79.9084,66.424,36.2742,34.916,17.9298
2250,93.9344,131.381,84.8019,67.4262,36.5146,36.9784,17.5841
2280,95.8257,131.227,80.5244,67.7531,35.8792,37.4803,17.1132
2310,93.5118,125.518,83.3038,67.6124,36.1367,36.9141,17.8631
2340,97.614,130.907,83.5463,68.9479,35.8702,37.9858,17.2846
2370,95.799,129.924,79.7764,68.8693,36.9899,38.7337,17.4688
2400,94.4632,125.307,85.9056,69.3705,36.1633,35.0775,17.6341
2430,95.6815,129.16,83.6041,68.3819,35.8324,35.3956,17.4087
2460,95.5572,128.609,80.2092,67.0827,36.6392,38.186,17.416
2490,121.122,95.9891,69.6079,62.2614,36.069,37.702,0
2520,97.1629,144.26,89.5699,67.5119,37.2146,37.6125,0.166165
2550,98.1896,146.8,84.7206,69.5378,36.4395,37.7416,17.7891
2580,100.453,147.793,84.5821,66.5791,36.4993,35.3897,17.915
2610,97.6687,148.767,85.5845,65.5791,36.2617,38.0822,17.6904
2640,100.807,142.813,90.9316,65.059,37.1403,37.4721,17.6528
2670,101.536,141.258,84.5549,66.6434,35.4063,34.8886,17.3977
2700,99.7983,146.667,91.5371,67.1178,36.4549,34.5552,18.278
2730,92.3455,135.619,83.7895,67.6861,35.5667,38.2578,16.9249
2760,104.473,163.733,87.0911,74.2967,36.9301,35.3708,17.2211
2790,105.913,167.105,91.663,82.867,35.3054,35.3032,17.3527
2820,101.753,161.495,100.703,82.4344,35.1839,37.3245,17.7616
2850,104.706,165.525,97.0339,78.4025,36.6139,37.9173,18.4465
2880,101.111,164.486,98.5262,82.1007,35.1124,37.3532,18.6089
2910,100.822,167.96,103.291,78.2499,36.1809,34.9244,19.607
2940,104.724,162.414,98.4205,82.9064,36.0832,38.8335,19.8749
2970,104.197,164.728,97.4843,80.2069,35.2677,35.7679,19.9078
3000,100.699,159.234,96.8568,78.8468,35.9561,36.3435,20.7446
3030,103.731,159.26,98.3477,81.4741,36.5034,35.6188,20.8707
3060,103.054,163.115,100.78,79.6484,36.2159,38.8843,20.4298
3090,101.924,168.194,96.4605,83.1935,35.6263,35.3862,20.5682
3120,103.219,164.472,102.079,81.3575,35.9062,38.7082,20.8452
3150,99.7821,162.27,100.104,81.9204,35.5362,37.0948,20.0287
3180,99.4423,159.945,102.56,81.7796,35.7962,34.0439,20.1645
3210,98.5014,163.291,103.588,80.6866,35.382,35.3262,19.2311
3240,100.233,161.237,100.927,79.1972,36.2466,30.9906,19.0958
3270,97.4331,161.854,97.9753,79.9025,35.9771,31.1846,18.9016
3300,100.234,164.439,104.174,83.5675,36.0213,33.9168,18.2125
3330,100.386,161.915,99.1279,79.4114,36.1609,33.1022,17.7237
3360,99.6536,161.139,102.042,80.9152,35.6799,35.2553,17.3096
3390,95.4205,166.783,105.234,80.0725,35.9986,36.7006,16.7685
