Time,FC,PAS,PAM,PAD,temp,SpO2,FR
-1,62,114,75,55,36.8433,99,10
0,68.2,125.4,82.5,55,36.3275,99,11
30,66.6151,125.99,82.8459,55,35.8117,99,10.7647
60,67.7092,126.098,82.6315,55,35.2959,99,11.1123
90,68.3355,128,80.5073,55,34.7801,99,10.9734
120,68.3381,126.478,83.914,55,34.2643,99,11.2345
150,69.552,125.57,82.9053,55,33.7485,99,10.7937
180,68.0651,125.414,83.3996,55,33.2327,99,11.1622
210,66.892,122.793,82.1172,55,32.7169,99,11.1327
240,67.6968,123.08,83.1473,55,32.201,99,11.11
270,69.2876,125.096,81.9758,55,31.6852,99,10.9005
300,68.5071,124.645,83.9236,55,31.1694,99,10.8978
330,67.5633,122.99,83.8007,55,30.6536,99,11.0239
360,76.069,123.991,91.4027,55,30.1378,99,10.8443
390,76.5753,123.99,90.2447,55,29.622,99,10.8663
420,74.3891,125.164,91.7361,55,29.8855,99,10.8299
450,73.3386,126.749,91.1657,55,30.149,99,10.8484
480,67.1252,123.631,81.8361,55,30.4125,100,10.862
510,67.6337,125.673,80.7528,55,30.676,95.3466,10.6782
540,67.7461,98.9218,68.2844,44,30.6328,95.0777,10.6883
570,66.9056,98.7108,64.6002,44,30.8963,91.827,10.4926
600,64.9432,103.283,68.0625,43.9046,31.6942,89.3687,10.1233
630,63.827,97.2563,64.4434,43.5308,31.4492,85.099,9.73121
660,61.4163,94.0439,58.6808,39.9411,32.3789,83.895,9.79342
690,53.7867,86.103,40.6058,36.6504,32.1673,78.8356,9.14425
720,53.2273,85.3296,38.0466,38.0408,32.8215,93.4001,9.38527
750,52.668,86.1866,40.9141,37.7291,32.6297,92.7238,9.15989
780,52.1086,86.137,38.6905,37.2676,32.4753,89.3812,8.66204
810,51.5492,113.278,38.9555,48.4704,33.311,83.3734,8.65133
840,50.0992,113.288,39.6367,48.9352,33.5745,83.4403,8.23322
870,50.1046,107.972,38.3584,47.7268,33.838,80.2953,8.52663
900,50.6433,113.446,38.9969,48.0629,34.1015,80.987,8.26425
930,53.0158,113.338,71.2311,48.5281,34.365,77.3824,8.21927
960,53.2323,112.143,70.6171,48.2174,34.6285,73.0502,8.1358
990,52.2176,113.234,72.0619,47.5987,34.892,67.4912,8.11361
1020,49.6232,104.588,61.1104,44.0768,35.1555,64.8958,8.23451
1050,52.2983,105.282,68.8204,42.143,35.419,62.3774,9.03769
1080,54.8148,107.866,67.9356,41.0372,35.6825,58.4091,8.70879
1110,52.7031,107.866,67.9414,41.1988,35.946,54.6067,9.01499
1140,52.3561,105.783,67.9631,41.9623,36.2095,52.3508,8.80238
1170,53.9867,106.17,70.5546,40.6838,36.473,49.6313,8.92129
1200,56.1248,106.548,70.8521,41.38,36.7365,46.4284,8.95479
1230,48.9354,95.1178,62.8695,41.4009,37,43.4758,8.24057
1260,50.096,95.9086,64.5628,41.6565,37,44.0871,8.06836
1290,50.9347,95.7369,63.1054,41.2381,37.4052,41.2584,8.3371
1320,50.809,95.9477,63.386,41.5453,37.3804,41.8225,8.31017
1350,64.7647,123.533,81.7272,40.835,36.1212,41.6219,10.6153
1380,63.7828,125.287,80.7931,40.5466,37.308,41.6123,10.7634
1410,63.675,123.042,81.0651,41.0361,37.7548,41.5338,10.7079
1440,64.5339,124.174,82.4806,41.4851,36.5095,41.1856,10.4647
1470,65.4746,121.795,80.6881,41.5987,37.229,41.6513,10.7435
1500,64.5934,122.319,81.7189,40.4576,36.4024,41.7532,10.4246
1530,65.1816,122.187,80.5851,40.7517,37.1847,41.4747,10.5994
1560,64.1739,124.472,81.3774,40.6606,36.8675,41.3296,10.6793
1590,64.6372,122.113,83.0269,41.5206,36.5934,42.4214,10.4846
1620,65.3643,123.426,80.8512,41.4262,37.4156,42.0306,10.6208
1650,65.3573,121.844,82.3727,41.7821,36.6486,42.248,10.7659
1680,65.3822,125.254,81.7618,41.1802,37.3506,42.32,10.6113
1710,62.996,124.734,81.2657,41.8488,37.9088,41.6928,10.5404
1740,63.4598,122.134,82.2364,40.7319,37.3326,42.2995,10.682
1770,63.8615,122.713,81.3476,40.9736,36.8837,42.5506,10.4034
1800,64.8908,124.253,83.1947,41.6192,37.2525,41.9564,10.4132
1830,63.6247,122.267,82.2335,41.2287,36.1314,42.4629,10.4752
1860,62.7055,121.808,82.1747,40.9498,36.6086,41.7399,10.5757
1890,65.5585,125.491,81.0483,41.0969,36.6698,42.0249,10.6625
1920,64.9254,123.405,82.5087,41.3395,36.425,42.2528,10.4488
1950,70.7745,132.994,88.8042,40.6881,36.7591,42.419,11.4836
1980,69.4895,135.552,90.4067,41.1844,37.6985,41.9467,11.5322
2010,68.788,135.133,88.6621,40.6558,37.3129,41.8921,11.447
2040,71.2728,136.009,88.6729,41.7899,36.7712,42.4761,11.3423
2070,69.9885,134.971,89.2928,41.1274,37.5293,42.1849,11.461
2100,68.7574,134.495,88.5383,41.4327,36.6148,42.5215,11.6399
2130,68.798,133.979,90.0471,41.0279,36.1964,42.4279,11.4316
2160,70.4998,133.416,90.8337,41.7457,36.3363,41.6594,11.4329
2190,69.8437,132.714,90.1469,40.5572,37.404,41.6329,11.4318
2220,69.8103,135.631,88.1946,41.6291,36.6503,41.6434,11.3272
2250,70.1011,132.826,88.687,41.8321,37.0103,42.4377,11.2822
2280,70.0057,135.49,89.7397,40.9696,36.1041,42.0829,11.2499
2310,68.7545,135.344,89.5339,41.6478,37.5712,41.7286,11.548
2340,69.8786,133.896,88.7714,40.4695,36.3823,41.736,11.5242
2370,69.7215,133.965,90.6527,40.5514,37.0037,41.5931,11.5878
2400,68.3093,136.442,90.7758,41.4743,37.4584,42.0599,11.6013
2430,70.5866,132.742,90.651,42.1028,37.5834,41.9287,11.4808
2460,51.2602,98.9333,65.1581,40.6909,36.1092,42.0939,8.28347
2490,49.9265,99.5897,66.6327,41.6242,36.4336,42.341,8.50997
2520,51.4707,99.9862,65.8241,41.705,37.7197,42.0689,8.32198
2550,51.2984,96.6011,64.6662,41.1478,36.3949,41.5598,8.33789
2580,52.3542,98.2916,66.7061,41.5404,36.3254,41.7525,8.5224
2610,49.8335,99.6525,66.8291,41.0261,37.2283,42.3866,8.61587
2640,51.8374,98.8779,66.2189,41.3528,37.0591,41.8234,8.29487
2670,50.6464,99.8273,65.575,40.5178,37.8152,42.1932,8.39621
2700,49.718,99.2972,66.353,40.5959,36.4883,42.2267,8.50121
2730,50.4524,100.157,65.5406,41.3482,37.4823,41.9531,8.62958
2760,51.9211,97.8599,64.9698,41.9559,36.4493,42.4614,8.89079
2790,54.8522,104.376,70.5754,42.122,37.6638,42.2917,9.73811
2820,53.9791,106.363,70.0378,40.56,36.7789,42.3517,10.1236
2850,53.1839,106.31,68.2554,41.9765,37.2262,41.9085,10.3279
2880,53.0183,106.306,69.6607,41.4094,37.4622,42.4961,10.5585
2910,54.4761,103.145,70.1245,40.7006,37.6522,41.6526,10.3655
2940,55.0575,102.652,70.3242,40.7877,37.811,42.0065,10.7118
2970,54.7672,103.888,68.9453,40.6006,36.9628,41.6934,10.8517
3000,55.7154,105.954,69.6243,40.6314,37.7863,41.9618,11.3515
3030,56.6795,103.377,69.8222,40.9343,37.5256,42.294,11.2141
3060,58.6229,105.065,68.6094,42.2349,36.7906,41.6828,11.8452
3090,58.1598,103.096,68.8928,42.0345,36.902,42.0897,11.952
3120,59.6929,105.71,68.5028,40.8808,37.1506,42.2044,11.6282
3150,59.0303,103.041,68.2914,42.2094,36.649,42.199,11.5662
3180,58.3865,104.284,68.8854,40.4775,36.114,41.9534,11.4419
3210,59.8557,105.151,70.3723,42.2525,37.4673,41.5711,11.8959
3240,59.8126,105.245,70.5178,40.6414,36.8329,42.5591,11.6311
3270,62.1788,105.312,70.2292,41.3277,37.515,41.0796,11.447
3300,59.6104,104.537,70.1604,40.7459,37.7242,38.9221,11.0797
3330,61.5121,104.395,68.8304,40.9966,36.2028,37.7034,10.8988
3360,60.7482,103.179,68.6935,40.4468,37.5464,36.4259,10.5754
3390,54.1456,93.5688,63.4769,40.7702,37.4172,35.3908,9.6222
3420,56.8246,100.887,71.9361,43.3674,37.173,34.4241,9.62472
3450,59.2345,108.033,74.3967,48.306,36.7903,32.8944,9.01041
3480,58.5657,107.777,72.5624,46.3388,36.5238,31.7272,8.76357
3510,57.013,106.973,72.4972,47.1211,36.9241,30.3295,8.94872
3540,57.4491,106.12,72.3331,46.9976,37.1491,29.0377,8.4705
3570,55.8041,110.183,72.9133,48.2113,36.8076,27.7512,8.48762
3600,56.7548,109.057,72.2186,47.2752,36.2763,26.6574,8.00072
3630,55.7244,110.39,73.8613,47.5289,36.4798,24.8514,7.7181
3660,56.5041,107.549,74.5729,46.9615,36.9061,23.7649,7.79872
3690,54.961,108.361,72.2338,46.7028,36.934,22.9445,7.56627
3720,56.9403,110.376,71.9381,47.5871,37.2755,21.3119,7.55496
3750,56.6951,109.648,73.5773,46.507,37.5081,20.111,7.8155
3780,57.2583,107.678,73.8946,47.6441,37.5051,19.1953,7.49888
3810,55.4208,110.156,73.7112,46.8003,36.9236,18.1038,7.6991
3840,57.09,108.231,73.4879,47.871,36.9579,16.6386,7.68513
3870,55.1911,105.859,73.3127,48.0743,37.6127,14.7924,7.93467
3900,56.3371,108.514,73.7907,47.5027,37.876,13.7937,7.61711
3930,56.6733,106.577,72.4528,48.2503,36.2377,15.5686,7.92092
