Time,FC,PAS,PAM,PAD,temp,SpO2,FR
-1,48,125,87,65,36.7664,98,14
0,52.8,137.5,95.7,65,36.2516,98,15.4
30,53.3677,137.845,95.9172,65,35.7369,98,15.1404
60,51.6426,137.407,95.0528,65,35.2222,98,15.2774
90,53.8063,140.408,94.7681,65,34.7075,98,15.6984
120,52.6769,139.067,97.4384,65,34.1927,98,15.0617
150,53.5039,137.75,93.8883,65,33.678,98,15.6765
180,53.0264,138.479,95.271,65,33.1633,98,15.0627
210,52.2562,140.838,95.9269,65,32.6485,98,15.7243
240,54.1134,136.815,97.3516,65,32.1338,98,15.5075
270,51.9876,140.242,95.0715,65,31.6191,98,15.5302
300,51.7868,134.533,94.2954,65,31.1044,98,15.118
330,51.7354,137.218,97.0169,65,30.5896,98,15.5549
360,58.1505,140.134,106.3,65,30.0749,98,15.1743
390,56.753,137.777,105.91,65,29.5602,98,15.0564
420,52.8594,134.312,97.8609,65,29.8082,98,15.2102
450,52.3002,137.837,94.1106,66.395,30.1274,98.7451,15.1483
480,51.845,136.068,94.5932,65.5884,29.8806,99.2873,15.4965
510,52.1798,138.5,95.376,63.4609,29.9588,96.9318,15.3951
540,51.9945,140.635,94.1042,64.3093,31.652,96.7379,14.9886
570,51.0593,110.144,77.761,52.3086,30.8249,93.8959,14.696
600,51.4023,110.656,74.6807,51.1935,31.8741,93.3892,14.0772
630,51.289,112.23,78.541,53.3069,30.6356,91.6682,14.0547
660,48.4589,108.596,75.3992,52.3428,31.2675,90.3507,13.0093
690,50.0452,111.207,76.6462,50.3817,32.78,88.5502,13.7828
720,70.8986,54.1763,75.5394,30.2921,32.2052,87.1683,13.4374
750,68.5862,50.9803,76.4222,30.4635,32.4792,97.5222,12.7139
780,68.728,49.9867,76.467,32.8739,32.6587,95.8604,12.6768
810,67.1695,56.9343,76.2734,32.8798,32.5253,89.5569,11.8652
840,68.2722,57.9225,79.2398,30.9113,33.1795,91.8358,12.0861
870,66.3144,53.5458,75.192,31.0892,33.7773,87.0267,11.2998
900,68.0533,56.9731,94.9534,43.7276,33.7969,84.6461,11.2729
930,67.9187,54.768,97.2002,44.8736,34.1706,83.7581,11.7104
960,66.7331,77.2974,95.0436,45.9718,33.7746,85.7962,12.0427
990,66.9512,76.1354,95.939,46.2128,35.1197,80.4165,11.4628
1020,67.2459,77.6992,95.4468,46.2482,35.4904,81.5642,12.2137
1050,68.4471,82.9097,94.3419,44.8218,34.7636,81.1924,11.5219
1080,66.9265,85.1974,96.3061,45.8057,35.9746,75.9547,11.771
1110,68.1205,82.4257,97.7408,45.9671,36.1162,75.9476,12.1425
1140,66.8693,78.3936,93.8441,44.3464,36.4762,75.4828,11.3809
1170,67.6002,82.5329,97.7889,45.2278,36.1382,71.1903,10.9241
1200,66.2894,86.5925,98.2633,44.9031,37.164,70.3536,11.5971
1230,49.0156,119.925,94.6516,59.0212,37.3942,70.3071,11.9145
1260,46.5956,103.129,87.7265,52.8106,37.151,67.3062,11.6875
1290,39.762,98.5475,56.7265,51.0252,37.3005,64.6734,11.1472
1320,40.8448,98.8544,56.2509,50.2655,36.6341,88.0473,11.907
1350,41.162,97.0078,56.6379,48.8239,36.5347,88.9908,11.8501
1380,39.1536,101.388,54.5142,49.0558,35.9406,88.0316,11.4995
1410,41.1513,96.4714,54.7668,49.0163,36.9236,88.8444,11.3933
1440,40.0013,92.6149,56.3811,50.3595,36.4033,86.6095,11.2642
1470,41.1474,95.2253,55.0772,48.9125,38.2523,88.5118,11.2141
1500,40.719,98.6201,56.4136,49.4538,36.9182,93.8545,11.8919
1530,42.4267,91.9112,78.8301,49.1227,37.8858,95.4465,11.2334
1560,42.6797,90.3232,78.801,48.5903,35.7149,94.3328,11.6231
1590,43.96,91.9232,80.3783,48.4877,37.6152,93.1579,11.6824
1620,40.6756,82.0792,74.3463,46.5977,37.9763,92.4787,11.9355
1650,42.3213,87.8522,74.7927,40.6022,36.0571,91.5504,12.8704
1680,42.5788,86.6169,77.0995,41.374,37.5447,94.9417,12.9371
1710,43.8549,86.8987,77.3113,41.4939,36.4473,95.516,12.9198
1740,42.6554,87.5076,75.0776,43.1157,37.6071,94.4197,12.9669
1770,52.0199,106.808,91.8711,42.3197,37.0217,91.7892,15.4442
1800,45.2886,95.2813,78.1924,40.4893,36.6627,94.5018,15.3293
1830,46.5666,92.9498,77.7585,41.1155,37.3863,95.2782,16.0637
1860,44.5604,90.8199,79.1747,42.5361,37.4738,92.6486,15.3516
1890,45.0403,95.7807,78.8857,41.555,38.2197,94.3072,15.3407
1920,45.9259,90.9534,76.5818,40.4744,37.681,92.132,15.5703
1950,45.0769,93.6272,78.5126,40.5506,37.7809,96.1887,16.0486
1980,45.6314,94.9082,78.386,41.2934,37.2872,98.0138,15.6447
2010,46.2495,90.821,79.429,42.3238,37.7874,99.3934,15.7253
2040,45.7159,95.2092,78.509,40.4511,37.9599,98.0951,16.0519
2070,53.1378,105.012,90.3325,41.3319,36.2522,97.1951,16.4716
2100,54.2873,109.643,91.4171,40.7105,37.7941,98.8872,16.8911
2130,54.1342,107.223,90.5136,42.9197,38.2221,97.5544,16.8348
2160,53.7229,110.244,92.2195,41.4524,38.1761,97.3829,16.5369
2190,54.4336,106.545,91.7947,41.8352,37.0155,98.1148,16.6879
2220,53.3185,108.914,91.7952,40.8664,37.6875,99.1766,16.6541
2250,53.173,108.953,94.3384,41.2382,36.5538,99.3727,16.5651
2280,52.7983,105.642,92.0852,43.6382,36.5522,96.1252,16.4685
2310,52.3753,107.037,92.0669,41.8139,36.7155,99.3318,16.8564
2340,53.6055,105.01,92.8391,43.8265,35.5834,97.0647,16.8031
2370,54.5119,105.77,93.0262,42.0166,36.5468,98.9075,17.0425
2400,53.437,104.897,92.8946,42.3344,37.6293,98.7957,17.1301
2430,52.409,104.738,91.0965,40.5741,38.265,98.5675,16.8469
2460,54.4132,105.522,92.1366,43.6987,36.968,97.7444,16.7909
2490,54.2061,104.788,93.9209,41.4522,36.4882,100.87,17.1984
2520,53.4076,108.371,92.0811,41.2289,35.4731,96.1721,16.7368
2550,55.4094,111.4,97.3037,43.4632,36.863,97.6675,16.7984
2580,55.496,114.628,95.7768,42.0443,36.4253,100.126,16.9975
2610,56.2845,114.148,98.3154,43.2149,36.2467,99.1017,17.2991
2640,55.9871,110.39,99.567,42.4387,36.6212,100.122,16.8169
2670,55.9418,111.336,99.8723,41.8569,35.5187,97.9615,16.9055
2700,55.8374,112.638,98.4705,42.8244,37.0246,100.342,16.9304
2730,56.1139,113.209,99.9273,42.2336,35.9171,96.2412,17.056
2760,57.2819,115.987,99.5022,43.6374,37.5472,100.317,16.8317
2790,57.9528,115.535,97.5454,41.3193,36.389,97.5824,17.007
2820,56.4547,116.318,99.5136,41.2583,36.8034,97.6403,17.3336
2850,56.5716,112.608,96.0416,42.4201,36.4737,99.9911,17.3107
2880,56.135,114.966,97.6503,40.9871,35.9198,96.6916,17.1085
2910,56.3884,114.306,98.0712,42.3645,36.8637,99.6304,17.3425
2940,57.8549,114.767,99.1799,42.1669,35.5232,96.3466,17.3668
2970,57.0051,112.048,96.4387,42.526,34.9942,96.717,17.0931
3000,57.5072,114.701,97.5851,41.5304,37.3064,99.0481,16.9179
3030,56.2985,112.197,98.2978,43.0433,35.2391,97.6248,17.5867
3060,57.0655,113.535,99.5409,42.455,35.7493,96.9412,17.8254
3090,58.3188,114.839,99.3772,43.957,35.9359,97.4663,17.239
3120,57.1696,117.044,99.3858,40.9778,36.7602,97.1122,17.621
3150,57.2896,117.544,98.7925,41.5616,35.6928,96.8318,17.3667
3180,58.4977,115.449,100.982,44.2704,37.6386,99.9774,17.5895
3210,57.5811,113.073,99.57,43.0662,36.5529,99.7379,17.7115
3240,58.3593,112.745,100.726,43.4847,37.6819,97.5723,17.2674
3270,59.4073,115.16,99.1962,43.9214,36.8652,96.6546,17.7075
3300,60.34,117.007,100.537,43.5882,36.1504,97.4094,17.9417
3330,59.7087,115.928,100.32,44.1441,35.1688,98.8277,17.7278
3360,59.2369,113.281,99.8299,41.4925,37.3024,95.9161,17.6912
3390,58.7842,115.407,100.495,44.3119,37.0788,95.9807,17.7805
3420,59.2922,113.171,100.851,44.0965,36.6357,95.4991,17.7969
3450,59.2904,114.028,101.93,42.7768,35.7734,90.8894,17.6119
3480,59.3744,115.429,102.342,42.0923,34.7559,93.3493,17.1244
3510,59.6624,115.15,99.3624,42.4233,37.5393,88.1768,17.2026
3540,60.1246,117.034,99.8071,41.665,37.2269,85.9491,17.629
3570,58.8164,117.568,100.656,43.2873,35.6659,85.8934,17.303
3600,57.8423,113.912,102.694,41.3374,36.5255,83.983,17.5368
3630,57.891,115.147,100.228,41.8135,35.6078,83.8398,17.5385
3660,57.394,117.319,99.5408,43.6673,36.2824,82.742,16.7403
3690,56.42,113.009,102.024,41.548,35.7243,81.5258,17.2075
3720,57.0019,116.183,102.228,43.0623,35.3534,78.8427,17.2693
3750,57.4045,117.298,103.125,43.0708,36.0241,77.6036,17.1591
3780,57.0937,116.705,100.554,41.4304,36.1804,74.293,17.4851
3810,56.5484,118.019,99.5988,43.4393,36.0808,73.6051,16.944
3840,57.4027,113.475,103.014,44.1729,35.6322,73.4161,17.264
3870,56.8398,116.372,100.351,42.8425,36.4156,69.346,17.1335
3900,57.5994,115.724,101.967,42.6145,37.1545,69.3336,17.2491
3930,58.1476,116.292,100.729,43.8272,36.8409,66.3402,16.671
3960,58.4183,113.378,102.997,41.4465,36.612,69.7119,17.3617
3990,56.8541,113.821,100.565,42.4524,35.5719,65.4473,17.2367
4020,56.4332,116.828,99.6525,43.1219,36.7501,67.021,17.0465
4050,56.9424,118.912,100.722,43.6139,36.3139,69.2373,16.8746
4080,46.3117,95.0587,82.1682,41.5264,36.066,65.3762,16.9618
4110,46.6295,92.9975,79.5534,43.8173,36.244,67.8325,17.2884
4140,46.709,94.7392,82.0283,42.3051,36.8134,71.0512,16.9532
4170,46.5835,91.594,80.937,41.871,35.8937,72.2407,16.6441
4200,47.0169,93.3518,81.1003,41.8443,37.0383,74.2478,17.0737
4230,46.8027,96.2122,81.7965,43.5107,34.6024,75.1155,17.1127
4260,46.7274,92.9079,80.1359,41.3051,35.1551,76.5276,16.5084
4290,45.429,91.2541,80.837,43.82,35.184,74.9186,16.6078
4320,46.3043,93.5722,81.3072,42.9629,36.7595,77.7369,17.0769
4350,45.6091,96.0641,81.4359,41.9184,34.887,78.0416,17.1281
4380,44.2893,88.5598,79.8473,44.2743,36.2145,79.3982,13.5126
4410,44.5621,89.2986,77.5199,40.941,36.2693,81.7371,13.1788
4440,45.0269,90.9031,79.0698,43.9286,34.6052,85.2755,13.321
4470,45.1287,87.5954,78.5058,40.9221,36.3536,87.7938,13.882
4500,45.0738,91.2966,79.9466,41.9401,36.9616,89.4784,13.163
4530,43.7788,88.2747,76.5057,44.1758,36.334,87.3361,13.5931
4560,42.9562,91.8532,78.0606,41.0697,36.3341,90.2394,13.8266
4590,43.425,92.7184,79.8395,42.9531,37.0315,92.7617,13.6044
4620,43.9701,89.9875,79.966,43.9091,36.8335,96.3878,13.8227
4650,42.9494,87.7757,79.5256,43.3694,37.0729,94.7634,13.4996
4680,44.6373,91.9847,78.3666,43.3051,37.9844,97.5617,13.2402
4710,44.9858,90.0499,79.368,43.0176,35.6182,97.42,13.6884
4740,44.9185,88.1962,78.5185,42.3331,35.5673,97.7202,13.0854
4770,44.5875,87.9533,79.0965,41.7675,34.8084,99.9561,13.8102
4800,45.0411,89.0552,78.3927,44.1685,35.341,96.9318,13.2593
4830,44.5118,92.6759,79.5442,44.3428,35.2905,99.7595,13.2752
4860,43.6342,89.0269,78.7836,42.0828,36.1997,98.0098,13.6664
4890,43.2815,87.7131,80.0675,41.8928,36.2399,97.0318,13.2134
4920,43.1547,91.4582,76.4346,42.3782,36.7256,99.426,13.6318
4950,43.4913,90.0327,78.7652,43.072,36.3628,100.489,13.8788
4980,39.845,80.0595,68.8273,43.4566,36.7525,98.3919,11.6436
