Time,FC,PAS,PAM,PAD,temp,SpO2,FR
-1,120,168,115,105,37.4305,100,27
0,132,184.8,126.5,105,36.9064,100,29.7
30,129.168,186.027,123.45,105,36.3824,100,30.2251
60,131.042,181.068,129.112,105,35.8584,100,30.257
90,129.723,183.684,126.59,105,35.3344,100,29.4669
120,129.943,184.507,129.301,105,34.8103,100,29.2812
150,133.655,189.362,124.612,105,34.2863,100,29.8304
180,131.97,180.328,124.739,105,33.7623,100,30.0389
210,131.12,184.297,128.545,105,33.2383,100,29.6907
240,129.735,184.609,128.852,105,32.7142,100,30.0207
270,128.793,189.296,124.509,105,32.1902,100,30.0225
300,129.854,182.724,127.84,105,31.6662,100,29.9331
330,135.05,180.976,127.588,105,31.1421,100,30.0902
360,148.223,189.078,137.42,105,30.6181,100,29.75
390,143.729,183.88,136.185,105,30.0941,100,30.1635
420,147.609,180.961,141.154,105,30.4778,100,29.4389
450,148.441,183.978,141.293,106.05,31.1662,101,29.8964
480,134.066,183.738,125.331,106.329,31.2026,102.328,30.3451
510,135.923,186.857,128.854,107.825,32.2953,98.0972,29.3713
540,130.823,187.682,127.785,104.898,32.6542,95.2197,28.8068
570,131.466,152.719,102.625,85.9945,31.9429,90.0075,29.1083
600,132.007,148.624,99.0681,86.5161,32.0703,86.273,27.974
630,130.383,144.688,101.492,87.4767,33.6897,85.0939,26.6176
660,124.583,148.74,101,82.903,33.0023,79.5566,26.8874
690,127.546,145.48,101.077,85.1299,34.0139,74.9019,25.8307
720,117.219,125.061,96.9032,73.4878,34.7302,72.2487,25.4609
750,104.493,130.253,60.5467,71.3652,35.3204,70.2528,24.7234
780,98.5962,129.153,57.2286,71.8606,35.0279,92.3032,23.7755
810,100.842,127.271,56.6123,72.8692,36.4103,91.6605,24.1645
840,100.055,129.353,58.5733,93.7893,35.9908,85.0997,23.0649
870,93.6231,124.756,57.8823,94.5474,36.1951,85.4894,21.7974
900,98.7592,128.697,58.0557,91.0746,36.3855,79.4101,22.3773
930,99.737,128.062,55.9611,90.375,37.2837,73.7657,22.7728
960,96.5015,166.722,86.2172,91.3897,37.4981,75.8561,22.9869
990,103.546,163.433,113.603,93.1689,37.5875,70.1073,22.6499
1020,105.749,163.357,112.965,92.6604,38.3612,66.0267,23.0173
1050,100.491,167.785,110.396,94.9077,37.2842,64.0111,21.9675
1080,101.812,142.449,106.096,77.0556,37.475,61.3677,22.7219
1110,108.479,151.165,106.562,77.8642,37.3604,54.4503,24.2095
1140,108.988,151.057,108.752,79.7934,37.3234,51.7981,24.6078
1170,104.517,152.452,105.309,78.1648,36.6558,48.8278,24.7813
1200,104.927,157.007,108.222,77.1417,37.544,44.9636,24.9643
1230,123.444,183.921,127.672,80.3953,37.2643,41.7123,30.0609
1260,112.012,173.719,111.037,79.6273,38.074,35.8104,30.3864
1290,107.775,171.736,114.508,78.7246,37.933,32.1239,29.6767
1320,112.044,173.187,111.937,76.761,37.2807,32.4294,30.323
1350,99.5987,142.273,95.1651,80.5929,37.6382,33.4544,23.8725
1380,100,144.837,95.9232,79.7484,37.1424,35.3482,23.4204
1410,122.798,184.794,122.492,77.7597,36.5854,32.4009,28.9456
1440,136.721,195.364,132.944,78.9219,37.6079,35.5584,32.4147
1470,136.52,205.629,139.146,75.5558,36.9929,34.8313,33.9329
1500,143.097,205.939,142.183,80.5205,37.5526,32.5438,33.6044
1530,110.023,168.039,113.7,76.5631,37.2063,34.5655,27.1759
1560,114,166.134,116.047,77.517,37.5495,36.1676,26.2856
1590,112.24,165.397,117.815,77.4519,36.7542,33.8756,26.8072
1620,114.173,168.824,113.828,78.2143,37.4887,33.2667,26.9293
1650,94.9232,139.048,95.7842,77.0665,38.0148,35.0169,22.9537
1680,93.8991,142.666,93.3512,80.536,37.0962,36.2981,22.3126
1710,91.7573,138.534,95.0285,77.7605,37.9349,33.7623,22.9999
1740,92.1091,138.688,93.7111,79.3861,36.7916,35.1081,22.1857
1770,98.0781,139.791,97.5066,76.8834,37.7319,37.0956,22.6459
1800,106.847,151.373,102.773,76.5606,36.6986,33.3513,24.2783
1830,85.2288,125.647,85.281,80.1522,36.7609,36.7093,24.5071
1860,81.5965,117.9,82.5593,77.8186,37.0481,33.8479,24.3086
1890,85.7631,124.162,84.8178,79.7365,36.6711,33.0968,24.1446
1920,80.7701,126.4,86.2383,80.5131,36.6018,35.8442,24.2719
1950,83.9435,124.596,83.9646,77.3018,37.1354,36.4031,24.3785
1980,86.5212,122.564,85.5727,76.5515,36.9801,35.6142,24.9975
2010,79.7898,125.078,87.5892,80.019,36.8887,33.6029,25.0238
2040,85.5188,120.079,86.9289,80.5426,36.3078,34.1415,25.3883
2070,83.0755,126.026,82.1728,75.77,37.1245,34.2011,24.6335
2100,81.2534,118.025,86.1789,76.3075,36.9177,33.1386,24.5739
2130,97.9756,149.716,107.15,75.899,36.7266,36.4675,25.8171
2160,104.453,152.1,104.274,79.2903,36.1755,33.9622,25.431
2190,100.068,148.541,104.171,79.7249,36.6368,35.5594,25.6985
2220,97.9553,151.54,101.834,76.9256,37.4484,36.7422,25.0644
2250,100.569,151.757,105.622,77.873,36.7923,36.2859,25.2154
2280,104.771,147.835,103.344,80.1782,36.4811,37.6748,25.3289
2310,101.385,145.815,102.037,79.9419,37.1979,36.6754,25.3845
2340,98.7811,146.897,103.586,76.5865,36.1776,36.1176,25.1426
2370,98.0284,148.028,106.5,77.9105,36.4506,35.825,25.7794
2400,104.012,146.673,103.164,79.8644,37.2286,36.8879,25.4898
2430,98.4538,151.109,102.319,78.7933,35.8714,35.3636,25.1233
2460,103.313,146.543,100.828,80.3978,37.0123,35.4049,24.6324
2490,103.799,145.608,104.429,80.2077,37.052,34.9798,24.9503
2520,105.059,144.309,101.892,80.0688,36.5147,35.8593,25.4592
2550,98.5895,147.824,102.944,76.8049,36.2782,36.006,25.7275
2580,99.6072,145.331,102.473,75.6935,36.6953,34.616,25.8657
2610,98.4453,152.011,100.782,80.5043,36.012,35.969,25.6775
2640,103.292,144.824,101.575,79.5562,36.089,34.6128,25.3728
2670,101.437,153.336,102.725,78.927,36.6259,36.0509,25.765
2700,102.647,147.338,106.063,80.5118,36.7018,32.9208,25.8977
2730,98.6477,139.663,100.904,75.8064,36.3982,37.6834,23.6022
2760,100.256,163.686,107.895,89.1948,37.1322,37.5851,23.5584
2790,109.109,161.308,113.742,90.2,36.4247,36.9295,23.7124
2820,108.586,162.724,116.128,90.572,37.2919,35.8236,22.8258
2850,105.111,164.179,112.282,89.396,35.9306,34.0188,22.709
2880,106.006,160.411,111.63,92.3793,37.4082,33.0185,23.7675
2910,107.643,158.423,116.031,90.4588,36.4729,34.787,23.5594
2940,108.627,160.437,115.306,90.5534,37.1672,35.9637,23.6903
2970,107.644,160.565,111.45,92.44,37.4876,35.5466,23.8895
3000,112.022,165.664,111.612,90.0624,35.911,35.2003,22.5515
3030,112.755,163.228,110.039,90.9116,36.8615,37.2035,23.7107
3060,113.949,160.933,114.367,91.6247,36.7726,34.716,22.4294
3090,110.211,158.561,115.965,92.7212,36.2864,33.116,23.2416
3120,110.804,164.031,113.7,89.4402,36.5479,36.6669,23.0906
3150,114.206,160.71,113.675,90.8561,37.1966,35.5349,23.6775
3180,114.472,162.286,114.933,90.3694,37.0192,34.4522,23.6927
3210,114.789,164.946,115.976,91.7021,37.0455,36.323,22.8418
3240,114.326,165.436,115.791,90.2694,36.3738,34.5878,22.9558
3270,121.502,159.601,115.614,90.9765,36.3347,34.4439,23.5028
3300,119.795,167.639,114.891,92.2904,35.6458,34.1468,23.4711
