Time,FC,PAS,PAM,PAD,temp,SpO2,FR
-1,80,133,103,75,36.694,97,14
0,88,146.3,113.3,75,36.1803,97,15.4
30,88.6062,143.617,114.679,75,35.6666,97,15.1967
60,86.075,149.818,114.925,75,35.1529,97,15.1574
90,86.8524,149.861,110.893,75,34.6392,97,15.0959
120,87.1088,146.723,116.059,75,34.1255,97,15.5306
150,89.3288,144.906,113.04,75,33.6117,97,15.1393
180,85.8107,149.268,112.131,75,33.098,97,15.1007
210,90.1115,149.764,110.996,75,32.5843,97,15.2233
240,89.9874,149.054,111.931,75,32.0706,97,15.5287
270,86.3801,148.368,111.748,75,31.5569,97,15.4086
300,89.2695,144.013,115.111,75,31.0431,97,15.084
330,87.5774,145.744,116.1,75,30.5294,97,15.7136
360,98.1081,143.746,127.073,75,30.0157,97,15.4162
390,95.3084,149.008,124.335,75,29.502,97,15.6955
420,86.2229,142.86,125.859,75,29.7519,97,15.0557
450,89.4582,149.491,123.432,75,30.0019,97,15.5238
480,89.0592,146.913,110.953,75,30.2518,100,15.2317
510,86.1785,147.356,110.973,75,30.5017,98.0873,15.4707
540,85.737,114.334,89.373,60,30.4466,95.5715,14.7022
570,83.9789,118.153,88.9577,60,30.6966,96.214,13.9488
600,84.0131,119.269,89.4387,59.3694,30.9264,91.0392,14.3729
630,83.0941,113.437,93.7305,59.2523,30.8793,90.0411,13.5982
660,80.8669,98.5509,81.3423,54.611,31.4244,85.9376,13.5181
690,71.0193,98.3639,49.7904,51.8691,31.5781,87.5698,13.3088
720,70.2771,96.2476,48.1393,52.2945,31.6463,94.5099,12.4823
750,69.535,97.9983,46.8744,50.3625,31.8748,91.243,12.5035
780,68.7928,102.565,49.2441,50.424,31.7123,88.6208,12.0351
810,68.0506,100.916,69.9387,51.1028,33.0011,89.8007,12.22
840,67.3085,101.931,69.8406,50.2735,33.251,87.303,11.5371
870,67.3085,101.73,71.2089,66.1122,33.5009,85.4558,11.4089
900,68.8897,98.4614,68.7422,65.6961,33.7509,86.6061,11.7191
930,73.1087,124.479,91.8006,65.72,34.0008,84.8474,11.4609
960,71.1993,126.108,94.0145,66.2485,34.2507,81.8229,11.3359
990,71.3013,123.094,91.2125,65.2893,34.5007,80.7581,11.3464
1020,70.4349,108.025,84.8863,61.6828,34.7506,79.8596,11.7589
1050,73.9064,118.411,87.7084,55.2235,35.0005,78.2688,12.6034
1080,73.5718,116.805,88.3794,57.1822,35.2505,75.3047,12.8964
1110,72.0752,120.177,90.4131,55.1282,35.5004,72.8262,12.5084
1140,71.9404,119.872,89.2278,55.7854,35.7504,68.6218,12.4504
1170,73.3601,117.893,88.5269,56.8137,36.0003,69.5269,12.9671
1200,74.1372,119.592,89.8572,56.8454,36.2502,66.5755,12.761
1230,64.6065,106.673,81.6557,55.8417,36.5002,62.1497,11.4097
1260,65.038,107.323,80.2332,57.3985,36.7501,61.6418,11.7294
1290,64.829,108.69,82.1816,56.5179,37,62.3899,11.8289
1320,67.3456,109.078,81.2815,57.0975,37,63.0006,11.3867
1350,85.8727,139.834,106.231,57.565,37.763,62.5431,14.8898
1380,84.3641,140.292,105.934,56.7896,37.7615,63.2081,15.0854
1410,84.2123,137.873,103.229,55.1693,36.9235,63.2984,14.6953
1440,84.0623,139.54,106.112,57.5257,36.4896,62.6418,14.829
1470,83.8938,138.364,105.283,56.4734,37.3855,62.4598,14.9069
1500,86.2482,141.586,103.389,57.0048,36.9513,63.5722,14.8509
1530,85.3042,140.171,104.349,56.3164,37.3263,62.6136,14.8978
1560,84.3013,138.111,105.963,55.5919,37.1752,62.9852,14.6953
1590,87.0336,142.064,105.489,57.2029,36.3949,62.2864,14.8237
1620,87.2839,139.978,106.909,56.3264,36.8308,62.0732,14.7444
1650,87.2878,141.563,105.978,55.7356,36.8961,62.1553,15.028
1680,84.242,139.485,104.277,55.7048,37.1543,62.1702,14.8544
1710,84.474,140.013,105.664,57.5674,37.0276,62.7715,15.0752
1740,86.5086,139.542,104.092,56.49,37.8926,62.6818,14.626
1770,85.3272,138.782,104.43,55.7501,36.3631,62.3339,14.8978
1800,86.1549,138.099,104.277,56.8695,37.15,63.5794,15.1481
1830,84.4193,140.564,104.805,55.9247,36.4518,62.3698,14.7814
1860,86.6321,139.174,103.8,56.0804,37.5842,63.1903,15.1472
1890,86.9592,140.682,103.227,55.5436,37.8712,63.0527,14.8537
1920,84.2676,139.68,103.078,56.8856,37.2248,62.8755,14.8418
1950,91.341,154.125,113.437,55.9864,37.1698,64.1473,16.3777
1980,93.709,154.253,111.971,56.3515,36.6858,62.6982,16.4974
2010,91.1139,152.956,115.313,57.4397,36.7667,64.3224,16.0464
2040,91.9109,151.211,114.165,56.2492,37.5591,63.5616,16.0813
2070,92.2272,154.088,114.323,56.6393,37.6621,62.284,16.5419
2100,92.3312,154.076,114.576,55.6794,37.7069,63.9056,16.4052
2130,91.3799,154.432,114.46,55.9642,37.3459,63.4649,16.1431
2160,90.7729,152.061,113.528,56.0836,37.6129,62.2449,16.4746
2190,93.0679,152.787,112.073,55.2113,37.1489,63.8167,16.3638
2220,92.286,153.394,114.481,57.2985,37.3773,63.0452,16.0452
2250,92.8778,150.336,115.323,57.0725,36.3403,63.4709,16.0587
2280,93.8489,150.305,113.612,57.3013,37.2652,64.2532,16.1388
2310,92.4312,154.214,112.469,55.3395,37.1972,62.7286,16.065
2340,91.2788,154.311,115.174,56.6372,37.4675,63.3958,16.2654
2370,92.3591,154.096,114.361,55.1746,36.2115,63.4129,16.4549
2400,91.3916,150.198,111.783,55.1769,36.5501,63.2292,16.508
2430,94.1285,151.432,112.699,56.0059,36.6773,63.0958,16.2476
2460,69.9627,112.095,84.4135,55.3624,37.2489,63.3336,12.086
2490,67.7867,109.151,82.852,57.1871,37.8827,64.2729,12.1693
2520,66.4389,111.123,84.7292,55.7323,37.1437,63.8616,11.8354
2550,69.5711,109.896,82.797,56.907,37.1465,63.2656,11.7183
2580,69.8529,113.203,84.1746,57.1647,37.1034,62.7245,12.2073
2610,66.9978,112.577,84.5994,56.5166,37.5795,64.3902,11.9
2640,69.4024,113.139,83.0576,57.1806,36.7056,62.2542,11.7183
2670,69.908,112.696,83.4845,56.9533,37.9113,63.7037,11.936
2700,68.5264,109.645,84.1773,56.2622,36.1632,62.5859,11.8364
2730,68.6456,111.035,82.8816,57.0563,36.4563,64.4075,11.87
2760,66.3125,113.416,84.9735,57.1012,37.5857,62.3976,12.0329
2790,70.7155,117.217,90.5689,55.2534,37.8272,62.5722,12.9154
2820,73.8506,120.567,88.7849,56.3553,36.0955,64.2646,13.0099
2850,70.312,116.94,88.7493,56.7198,37.0836,63.4835,12.6985
2880,73.0874,119.086,90.8129,56.9978,36.9746,63.589,12.7727
2910,71.2982,119.97,88.4695,56.2212,37.7249,64.4708,12.7472
2940,73.4468,117.337,88.9867,57.0281,36.1538,63.7275,12.6082
2970,70.2917,119.295,88.6803,55.3352,37.3599,63.5268,12.8806
3000,71.0451,117.27,88.4119,57.5525,37.4062,62.2475,12.8765
3030,70.9095,119.66,88.8942,56.3431,36.8163,63.4882,12.9977
3060,71.2569,119.227,89.5524,55.3983,37.486,64.1778,12.9659
3090,73.3038,119.116,88.3779,57.2151,36.3484,63.3089,12.9944
3120,73.4522,116.91,90.4484,55.2686,36.571,64.3663,12.479
3150,74.0348,116.452,90.8484,55.5495,37.3127,62.5513,12.8432
3180,70.3638,120.079,90.2136,55.9742,36.6917,62.565,12.7237
3210,70.4694,116.718,89.1726,57.3268,37.206,63.5978,12.8745
3240,73.1188,117.056,90.4068,56.5716,36.489,63.2041,12.8312
3270,72.0478,118.425,90.5368,56.2647,36.8387,63.5151,12.8252
3300,70.4124,120.134,89.0269,55.4436,37.04,62.2567,12.7341
3330,72.9163,117.567,87.5772,57.452,36.6116,61.8528,12.6743
3360,72.5153,116.683,89.9564,56.7203,36.4019,60.3652,12.0779
3390,63.9103,109.229,83.2824,57.2992,36.4475,59.9439,11.0674
3420,66.7324,126.837,89.4947,60.4721,37.3607,57.1676,11.0623
3450,71.591,126.647,97.2158,65.8044,36.8739,57.3973,11.0832
3480,69.1462,128.803,98.4913,65.4521,37.7222,56.4625,11.4456
3510,69.2328,123.751,96.0931,67.0491,36.8554,55.468,11.4359
3540,67.6895,124.508,97.1609,66.6866,37.5183,53.6687,11.464
3570,68.5977,126.12,98.4917,65.1856,36.6737,53.8775,11.2837
3600,69.0972,127.211,98.5251,65.6502,36.1843,52.1694,11.2819
3630,70.0651,125.843,96.1322,66.7453,36.5705,55.6758,11.6155
3660,68.8833,126.503,95.971,65.9409,36.6379,55.0528,11.569
3690,70.6429,124.354,96.7972,66.1842,37.6632,57.7043,11.6865
3720,72.168,124.462,98.0009,66.4731,37.6344,56.692,12.1888
3750,72.5984,127.104,96.2027,66.899,36.2384,57.0508,11.9712
3780,71.56,124.318,96.1142,67.0162,37.3333,57.503,11.8513
3810,74.3517,127.736,98.4598,66.8558,37.7819,57.3805,11.8658
3840,74.4371,128.768,97.4837,66.9631,36.3389,58.4459,11.9349
3870,75.8395,127.2,96.5407,67.2596,36.7186,60.6679,12.0608
3900,74.7897,128.287,95.8061,66.99,36.1179,60.3833,12.0343
