Time,FC,PAS,PAM,PAD,temp,SpO2,FR
-1,46,122,88,61,36.5378,99,17
0,50.6,134.2,96.8,61,36.0262,99,18.7
30,51.7146,137.435,97.8453,61,35.5147,99,18.5292
60,49.3825,132.462,96.6176,61,35.0032,99,19.1204
90,51.3151,133.125,97.3043,61,34.4917,99,18.5098
120,50.9874,133.495,95.3619,61,33.9801,99,18.2655
150,50.9764,131.197,96.5505,61,33.4686,99,18.7262
180,51.326,135.771,96.8542,61,32.9571,99,18.716
210,51.4103,137.457,98.0445,61,32.4455,99,18.8992
240,49.9277,132.242,94.6405,61,31.934,99,18.9927
270,49.6768,133.766,95.3914,61,31.4225,99,18.3224
300,50.2743,134.041,95.0941,61,30.911,99,19.1106
330,50.215,134.765,97.6434,61,30.3994,99,18.8336
360,55.3081,136.941,107.19,61,29.8879,99,18.2838
390,56.4977,133.706,105.413,61,29.3764,99,18.274
420,51.1395,133.521,106.462,61,29.7229,99,18.5188
450,48.458,133.994,108.975,59.6766,29.6453,97.3703,18.6846
480,49.7898,132.137,95.2683,60.5096,29.6781,98.9439,18.8613
510,49.2482,131.118,98.2703,59.4088,30.16,98.5803,18.1105
540,50.7039,132.607,95.805,61.7335,30.3395,98.5472,18.7851
570,47.9636,109.356,77.3363,47.8666,30.2814,96.5416,17.5678
600,50.4912,112.005,79.0692,47.6458,31.5486,91.332,17.0041
630,49.3057,106.949,80.5663,49.0383,32.6406,91.4348,16.8363
660,47.8064,103.932,80.08,46.9874,32.6686,91.5867,17.0183
690,48.0867,104.63,74.1284,49.9938,32.0628,88.8313,16.2693
720,43.0046,92.9247,74.3306,46.1028,32.8836,84.926,15.6587
750,39.5282,90.4668,44.3798,41.055,33.9239,81.396,15.2444
780,38.5972,91.9157,44.5325,39.1764,33.1302,94.3476,15.4427
810,38.7111,87.087,44.4009,39.2816,33.5567,92.2681,14.5732
840,39.3002,88.2304,60.5917,41.4581,34.2411,93.4296,14.6291
870,37.8919,87.1413,61.9882,42.0675,34.8239,89.7104,13.9354
900,37.4548,87.2496,63.2881,53.9107,35.5753,89.0452,14.0464
930,37.109,85.2168,61.8858,51.7502,36.5261,85.4478,14.617
960,38.9487,117.113,63.1956,52.3618,37.1009,89.5682,14.1166
990,41.6994,119.502,85.5996,53.1158,36.0364,86.1865,13.8483
1020,39.5619,120.43,81.6707,51.8025,36.8185,81.0713,14.0059
1050,41.3893,117.769,81.6303,52.5622,36.7111,82.4728,14.01
1080,37.3349,103.207,76.4566,48.296,36.3961,77.4843,13.9985
1110,41.5208,109.128,78.8554,46.5658,37.0215,76.4818,15.8995
1140,41.517,110.721,82.3308,45.0968,36.645,76.5937,15.7056
1170,40.3035,112.235,81.9765,44.7888,35.7182,71.109,15.466
1200,41.0399,113.488,80.822,46.5014,38.7637,68.6246,15.8061
1230,48.6526,134.424,98.3224,46.1275,36.5943,69.2907,18.9547
1260,43.3445,117.656,79.3934,44.208,38.1154,68.0986,18.796
1290,42.7873,118.205,78.0272,45.1816,38.2042,65.9584,19.0741
1320,43.2551,116.421,77.5051,45.3596,36.9035,63.6408,19.0216
1350,43.7105,113.992,76.6882,44.3433,37.5149,64.6563,19.4181
1380,43.0981,115.596,76.489,44.4911,35.4473,63.9094,19.0732
1410,43.5918,118.889,80.2184,45.3872,37.9033,65.4259,18.868
1440,42.4554,115.915,79.2262,45.4377,37.1632,70.0658,19.2601
1470,42.2147,114.438,80.2134,44.9023,36.3659,67.0802,19.1804
1500,43.7933,116.466,79.9338,46.4065,36.7476,67.0932,18.9246
1530,42.1463,115.341,79.603,45.8185,37.0914,69.8211,19.0267
1560,42.3555,117.393,80.2834,43.8753,38.3942,69.6089,19.4108
1590,42.0263,118.406,77.3778,43.9232,37.0826,69.2285,18.8506
1620,42.1386,117.443,76.037,45.5804,37.6255,70.0394,18.7856
1650,43.3349,117.944,79.3482,46.0186,37.4949,66.5595,19.3361
1680,42.4352,114.32,80.0406,46.7947,36.7667,70.2327,18.8684
1710,43.0431,114.933,77.2988,46.2518,36.9538,70.6643,18.7702
1740,43.3782,113.627,78.9359,45.4438,36.9509,69.0742,18.7637
1770,42.4373,116.177,79.4852,46.2629,37.104,68.9792,18.9975
1800,41.9888,117.016,77.44,44.0038,36.1886,67.5245,19.3647
1830,42.8994,117.571,78.9136,44.7034,37.6674,67.9026,19.0123
1860,43.3869,114.095,80.2047,43.6637,37.5043,66.355,19.4314
1890,41.9041,119.1,79.3287,43.8771,37.4434,68.1764,19.4322
1920,44.0615,118.607,76.2991,44.3826,36.0182,66.442,19.1321
1950,41.9831,118.419,79.9294,46.0546,36.5059,66.5837,18.8289
1980,42.755,114.157,76.7136,43.6817,36.9334,70.699,19.3106
2010,42.208,118.244,79.8903,43.545,36.0422,70.5064,18.8318
2040,42.2187,113.788,77.6967,44.2652,36.8874,69.6086,19.1494
2070,42.5072,117.673,77.3573,45.9705,37.7265,70.1168,19.0285
2100,43.1416,113.861,77.9352,44.4534,36.4781,66.195,19.1182
2130,42.2833,119.457,78.2899,44.7026,36.5012,68.3,19.1073
2160,43.0451,119.123,79.1915,43.4834,36.6992,68.5887,19.274
2190,42.1964,119.024,77.9915,43.9763,36.2663,68.5202,19.4298
2220,42.7281,119.738,76.8887,45.9149,36.3198,67.0668,19.2258
2250,42.356,118.358,75.9996,45.3201,36.412,66.1347,19.3327
2280,42.786,118.409,79.4939,46.2664,36.1372,68.5828,19.0794
2310,42.368,113.659,78.6363,45.4624,35.88,68.4266,19.3062
2340,42.1556,118.164,78.1102,45.4721,36.3388,67.1216,18.9377
2370,43.0029,115.247,79.5914,46.0711,38.0013,68.6798,18.9023
2400,43.3441,115.871,76.159,46.6359,37.3882,67.8595,19.4708
2430,50.9044,133.511,95.8268,43.481,35.3696,69.599,20.4456
2460,51.3944,135.022,97.3844,46.4075,37.0221,66.6129,20.5849
2490,50.4787,139.468,94.5336,44.3309,38.0158,68.2175,20.5816
2520,49.9795,136.769,95.2727,46.7544,36.7157,70.562,20.7977
2550,51.4681,136.79,96.8225,43.6424,37.0533,67.7213,20.5724
2580,51.343,135.293,94.9111,46.2215,36.6584,67.5155,20.9068
2610,50.5699,137.305,94.1277,44.6185,36.9557,70.0139,20.7549
2640,49.9233,135.314,96.4715,44.729,36.3543,66.7311,20.2608
2670,49.9459,139.474,93.6858,46.3997,36.6378,67.6933,20.5207
2700,51.3223,138.059,94.0875,44.36,36.2136,66.9024,20.8428
2730,49.9238,135.952,93.7349,45.6287,36.6837,67.7565,20.5232
2760,50.2814,134.07,96.3246,44.9407,37.7946,68.2637,20.3312
2790,51.6871,137.092,97.2854,44.7288,35.3622,69.4961,20.9745
2820,49.8577,139.238,93.7826,44.4497,36.19,66.1925,20.8173
2850,51.6234,134.491,94.4118,46.2486,36.1849,66.5878,20.6858
2880,51.6584,138.597,97.0579,45.3108,36.6405,68.6871,20.7771
2910,55.4028,145.49,105.681,43.4916,37.3378,70.0714,21.484
2940,55.0095,148.647,101.921,43.6531,35.5584,69.1465,20.9462
2970,54.7614,148.329,105.601,44.9764,35.8639,70.07,21.1561
3000,56.484,146.956,105.601,45.365,35.7038,66.3829,21.6446
3030,57.0852,142.57,101.597,45.839,37.5678,68.2612,21.0962
3060,57.2621,146.006,103.111,44.0438,37.8204,67.0246,20.9093
3090,57.8451,143.287,103.865,45.1778,35.5553,70.024,20.9279
3120,56.0881,146.973,104.465,43.7651,36.3696,66.3304,21.0025
3150,57.9877,142.751,105.673,44.6768,37.1267,68.978,21.4604
3180,58.8069,148.131,106.133,45.5037,36.8494,68.931,21.4847
3210,57.7567,142.743,103.435,45.1171,35.945,68.4555,21.1569
3240,59.5856,143.008,104.246,44.1144,37.5497,67.6203,21.2091
3270,59.3913,143.655,105.968,45.8875,37.0371,68.4413,21.1758
3300,58.9543,145.396,102.411,45.2467,37.7776,67.8043,20.8192
3330,59.8382,147.11,104.267,44.7708,35.3294,69.969,20.7584
3360,57.9318,145.012,102.709,44.1996,36.3754,68.1469,20.9843
3390,58.8348,147.169,104.442,45.4483,36.052,63.5664,19.882
3420,60.8503,148.104,106.9,45.4569,35.3051,64.7148,19.2666
3450,60.4598,148.034,107.204,46.6882,36.9067,59.8663,19.4046
3480,57.9988,147.79,105.261,44.1352,34.9531,58.8175,18.275
3510,59.4332,150.776,107.139,44.4447,36.4899,58.1648,18.5252
3540,57.4842,151.177,106.588,45.1654,36.9427,60.7964,18.0164
3570,57.9535,148.021,107.615,44.336,37.9751,58.8998,17.7351
3600,56.2763,148.384,104.989,44.1538,36.24,59.4246,17.2201
3630,55.7467,150.938,107.124,44.2464,37.8079,59.5886,17.5957
3660,56.9229,149.652,106.172,46.0613,36.7408,62.2222,17.2661
3690,55.7408,147.447,107.889,45.1394,34.9957,62.3649,16.9741
3720,55.5798,149.434,106.21,46.7771,37.6761,62.3595,17.1967
3750,55.6426,151.603,105.497,44.1616,37.2187,61.9556,18.0917
3780,54.5906,148.972,106.64,46.7329,36.2234,64.5327,18.0806
3810,55.3388,147.612,107.653,45.0687,35.8272,66.0616,18.8818
3840,56.3875,146.421,107.996,45.9837,36.5188,67.1263,18.8347
3870,54.7377,145.973,106.518,43.6243,36.801,67.7992,19.3744
3900,54.8302,147.599,106.546,46.4064,35.5664,65.2164,19.9255
3930,55.2701,151.086,105.443,45.8802,36.7429,67.9365,20.3886
3960,54.6758,148,107.278,46.4588,36.638,66.7711,20.202
3990,55.6694,149.855,107.48,46.8246,36.2873,69.092,20.0506
4020,56.4007,145.818,105.818,44.3006,35.7732,67.3021,20.0103
4050,55.2807,147.388,104.87,45.0032,36.5299,69.6154,19.9623
4080,54.6313,145.851,105.358,45.5956,36.4945,69.9097,19.7173
4110,54.7073,145.681,104.38,44.8962,36.7793,73.4021,19.9686
4140,55.8368,147.044,106.988,45.6992,37.2611,71.5733,19.7473
4170,56.6101,146.889,106.604,44.0908,38.1028,75.8838,20.433
4200,56.6408,150.405,107.024,44.9674,36.8476,77.6786,19.9324
4230,56.6268,148.64,107.571,45.0271,36.0217,81.4992,20.1775
4260,56.4603,148.23,105.629,45.3981,35.5843,82.7151,20.4334
4290,55.8252,146.545,105.004,45.1381,36.1549,84.0422,20.4353
4320,55.5416,146.119,106.193,45.7324,36.4414,86.5051,20.3956
4350,55.3467,150.053,106.035,44.9394,35.7965,82.1022,19.8494
4380,55.9388,147.921,107.747,45.8242,36.9251,85.038,19.9552
4410,54.6081,151.136,109.355,45.5433,36.3408,84.6437,19.7314
4440,43.2962,115.815,86.7639,44.8295,37.6998,83.3533,19.9559
4470,43.2476,120.17,87.0456,45.901,38.0164,86.2125,20.1572
4500,42.8047,119.994,84.9508,46.6475,36.7432,83.1372,20.2283
4530,44.2294,116.428,85.0003,44.6091,37.2209,83.3902,20.3508
4560,44.494,115.754,84.7765,46.267,37.0733,82.4017,19.7669
4590,43.044,121.109,87.2031,44.2549,37.3398,81.3583,20.3827
4620,43.2855,116.123,87.41,45.1626,35.0206,78.292,20.3439
4650,42.9077,118.478,84.4391,45.7275,36.3183,79.9022,19.9097
4680,43.5708,120.242,84.0611,44.1338,35.7169,78.659,20.1703
4710,42.5626,115.773,87.4127,46.0787,37.2554,80.6168,19.8092
4740,41.0613,112.797,82.7197,45.9275,37.29,80.1471,16.313
4770,39.9662,114.303,82.1317,45.393,36.9882,81.4058,16.2493
4800,41.1026,115.4,84.1001,43.5574,35.2497,80.4334,15.8433
4830,39.8478,112.564,84.2766,46.4978,36.0035,77.5147,16.2721
4860,39.5999,113.724,82.1552,45.6804,35.5692,79.7201,16.1782
4890,41.176,115.75,80.8738,46.6976,36.4939,80.7811,16.1865
4920,41.5292,113.613,82.9486,46.8249,36.6848,78.34,16.4139
4950,41.0754,110.713,83.7721,46.0403,37.7309,79.9768,16.3189
4980,40.5275,109.876,82.1042,46.401,36.5893,79.8918,16.2952
5010,41.4865,114.224,83.3283,46.1849,36.8794,79.6323,16.1624
5040,39.4913,110.534,82.7023,46.1455,36.9354,77.8506,15.7701
5070,41.5816,113.499,83.7859,45.711,36.2519,76.6072,16.3855
5100,40.2805,115.818,83.4716,44.8469,36.9301,75.2032,16.2844
5130,41.7102,115.709,82.5747,45.788,35.4857,75.7064,16.0026
5160,39.7285,115.488,80.8311,45.2013,37.7684,77.161,16.1876
5190,40.618,112.63,81.2001,46.6558,37.6655,78.4059,15.8892
5220,41.1765,113.798,82.5835,45.4957,37.8831,76.0723,16.4463
5250,41.274,115.782,82.5419,43.7396,38.1799,76.5482,15.8885
5280,41.5094,113.974,82.7413,45.0105,36.242,74.5746,15.9096
5310,41.3401,111.943,80.1736,45.0371,36.6001,77.355,16.4572
5340,36.7594,99.2493,72.2788,44.9447,38.0149,75.814,14.0931
5370,41.3788,119.138,79.5254,49.5319,36.6012,78.0909,13.9893
5400,41.8103,116.111,86.0126,52.6058,35.9659,77.0799,13.7995
5430,40.5748,117.48,84.9095,52.5152,36.405,75.4806,13.6329
5460,41.0703,117.6,83.7862,52.8886,37.0031,75.5415,13.6872
5490,41.314,113.784,85.2372,52.4574,36.3624,78.9172,13.7218
5520,42.037,119.422,84.5369,53.019,36.9777,78.5028,13.8535
5550,41.696,117.356,85.2055,52.2147,36.6337,76.2615,14.0098
5580,41.3154,119.145,82.2837,51.2937,36.6921,75.2793,13.8768
5610,40.6618,113.657,85.527,53.2444,37.2188,78.3269,14.0429
5640,41.3528,116.612,82.917,53.2358,36.0745,74.3259,14.0156
5670,41.2896,118.622,86.2935,53.1375,36.7758,75.1943,13.9994
5700,40.2265,115.682,85.0894,54.0688,37.3582,75.6167,13.6658
5730,41.6811,114.492,85.8381,52.5557,37.1949,74.4351,14.0145
5760,40.4,115.581,83.5574,53.7711,35.4558,75.9526,14.3313
5790,40.8023,115.987,85.4558,54.1495,37.0304,76.3306,14.2138
5820,41.4725,114.801,85.9409,53.8808,36.0446,78.5593,14.14
5850,41.9276,118.997,83.9816,54.4175,34.7263,76.6855,13.6139
