Time,FC,PAS,PAM,PAD,temp,SpO2,FR
-1,105,148,108,80,36.7772,90,30
0,115.5,162.8,118.8,80,36.2623,90,33
30,116.957,162.163,121.532,80,35.7474,90,32.1957
60,116.014,166.008,117.62,80,35.2326,90,32.5906
90,114.369,160.766,117.536,80,34.7177,90,33.1256
120,117.672,165.551,117.438,80,34.2028,90,32.6488
150,113.756,164.027,118.781,80,33.6879,90,33.4912
180,117.172,162.599,117.14,80,33.173,90,33.6745
210,117.013,165.396,120.605,80,32.6581,90,32.3163
240,114.433,160.355,117.819,80,32.1433,90,33.5505
270,113.643,161.532,119.825,80,31.6284,90,33.5576
300,116.853,163.241,118.739,80,31.1135,90,32.5261
330,112.791,160.14,119.911,80,30.5986,90,33.688
360,124.816,164.311,132.198,80,30.0837,90,33.2184
390,124.178,159.26,132.757,80,29.5689,90,32.6685
420,113.872,165.591,131.637,80,29.8166,90,33.8226
450,114.551,161.328,131.359,79.7276,29.675,88.2043,32.4278
480,110.583,165.881,121.159,79.8727,30.1397,90.962,32.6599
510,111.704,161.807,114.607,78.8197,30.253,97.5624,33.4965
540,114.224,164.895,121.128,81.094,31.1698,97.2043,33.1903
570,111.694,135.624,97.0683,63.8907,30.1033,96.3053,31.9799
600,116.222,123.824,89.68,63.538,31.5298,92.7399,29.8252
630,115.355,128.762,90.244,63.8648,31.4119,93.4397,29.74
660,112.909,131.453,95.9424,63.0923,31.7185,90.0083,29.4215
690,108.816,128.005,92.9074,63.473,31.288,90.5885,29.3804
720,99.4938,111.823,82.5335,58.6333,31.9644,85.4106,27.915
750,94.2338,107.54,50.9628,54.8337,31.7141,85.4721,26.3082
780,91.808,107.216,53.0749,54.3222,33.5993,89.2767,26.4639
810,91.2338,108.064,54.9939,52.5674,32.1794,87.034,25.072
840,88.3224,139.278,77.3563,68.4469,32.8928,86.8597,25.6205
870,90.7503,143.135,76.0862,68.6697,32.7859,83.4421,24.8054
900,86.9843,144.478,78.9789,71.0219,34.1053,80.4078,24.8395
930,87.9565,139.043,74.5426,70.7293,34.2402,79.9756,24.1054
960,90.5504,141.793,78.4629,70.6717,35.1174,85.2542,23.9212
990,93.7306,143.386,99.5349,70.5905,35.542,83.5135,23.1047
1020,96.6343,138.088,100.45,69.1606,35.2603,79.7264,23.7471
1050,95.0718,138.497,100.813,71.5175,35.5809,78.8266,23.8307
1080,84.3671,123.135,85.8102,66.144,35.9454,75.4607,23.867
1110,95.5155,131.976,94.0339,61.0716,36.1392,74.3684,25.9555
1140,94.6105,128.897,93.3373,59.1296,35.9571,72.974,26.172
1170,92.1051,132.791,95.9715,59.7242,35.5337,69.7681,25.7958
1200,95.3329,131.489,95.074,60.2214,36.8921,71.9683,25.981
1230,115.008,155.716,116.621,57.7159,37.5284,69.9431,30.7592
1260,100.751,130.46,92.8023,57.6906,36.9648,68.7923,31.5091
1290,102.358,131.4,91.1751,60.8929,36.6629,63.6399,31.454
1320,99.2268,130.533,89.8524,60.9728,37.8887,66.0753,31.6731
1350,100.597,132.887,91.0923,60.7966,36.6584,63.5978,31.3631
1380,102.062,130.845,89.529,57.1554,35.9049,65.4731,31.9477
1410,102.327,131.917,90.0662,58.6218,36.6811,68.8967,31.9408
1440,101.192,133.83,89.5403,59.6438,37.6203,68.5121,30.6217
1470,99.2748,135.12,93.4819,60.7474,37.0215,68.9113,31.6458
1500,99.2934,133.303,92.3819,58.3725,37.1796,68.0033,31.6445
1530,117.507,158.799,113.351,60.7074,37.981,70.7661,33.6432
1560,115.934,162.01,113.724,60.1494,37.576,70.7266,34.2556
1590,116.764,160.896,116.887,58.3811,37.3768,67.2817,32.975
1620,119.131,160.868,114.785,60.1078,38.2385,69.3534,33.6686
1650,115.468,159.567,115.04,57.3258,36.0815,69.9516,33.4734
1680,116.026,160.907,113.792,60.975,35.8525,71.5532,34.0032
1710,118.618,161.068,113.357,59.7206,35.6927,70.8208,32.9249
1740,119.273,156.782,116.652,60.8533,37.2447,69.7411,32.8261
1770,119.097,162.254,113.109,57.5465,36.8384,69.8822,33.6737
1800,116.902,160.617,115.367,60.3945,37.3552,70.2326,33.6815
1830,116.185,160.492,113.931,58.9595,38.5006,69.8456,34.0694
1860,115.619,158.005,116.439,57.3058,36.7988,67.6168,33.6974
1890,116.115,156.259,116.038,59.4867,36.834,68.1651,33.1422
1920,119.479,160.408,113.062,60.1418,36.5592,68.9518,33.574
1950,116.65,159.447,117.305,58.2969,36.9301,67.993,33.9535
1980,118.919,161.738,116.543,59.3291,36.8728,68.0543,33.5617
2010,127.206,172.61,122.955,60.0331,35.5294,71.7623,33.6872
2040,127.313,166.905,126.342,57.9058,36.4247,70.6091,33.6824
2070,126.199,171.473,124.179,58.4543,36.0907,67.8208,33.6626
2100,124.558,173.011,125.32,59.6065,37.611,67.9612,34.6603
2130,125.459,168.411,124.609,59.8328,36.4593,70.8486,34.2942
2160,124.559,170.899,125.599,57.4646,36.8814,68.0758,34.3588
2190,122.823,170.389,126.436,58.0601,36.5193,68.7087,34.2125
2220,126.663,173.012,122.739,59.5452,36.2734,68.907,33.9676
2250,124.495,172.253,126.842,60.6504,36.3626,69.0713,34.4961
2280,123.965,167.174,125.705,57.3594,37.0338,70.0278,34.2775
2310,124.315,169.825,125.728,58.6124,37.2323,71.0383,33.9291
2340,126.851,172.639,126.389,59.3133,35.0766,71.1036,34.2091
2370,127.212,172.015,123.944,57.8011,36.7949,70.9633,34.6885
2400,126.038,170.127,126.172,57.6869,35.9933,70.1598,34.6034
2430,126.442,168.973,122.78,57.8841,36.8256,69.3209,33.8582
2460,125.943,168.71,125.902,59.9954,36.5389,68.0476,34.1933
2490,124.038,170,125.168,60.1259,35.6235,69.6697,34.8641
2520,128.631,172.211,130.542,57.7664,37.0543,71.2518,34.8116
2550,128.986,176.321,129.013,57.9516,36.2686,69.1823,34.7854
2580,126.329,171.09,126.801,60.2927,36.5688,68.3454,35.5725
2610,128.393,175.555,129.367,60.7819,35.4248,70.9722,35.571
2640,127.2,175.496,126.614,57.9572,37.2258,70.5148,34.5373
2670,128.88,172.56,128.251,59.6815,37.148,67.852,35.2813
2700,124.736,172.139,128.765,59.9916,37.3106,70.5337,34.697
2730,127.45,173.11,127.64,60.206,36.1396,70.6857,34.4068
2760,128.874,176.052,128.148,58.4433,36.4207,69.9607,35.199
2790,126.753,170.613,128.092,60.9233,37.2922,70.4469,35.5571
2820,128.308,171.949,129.555,59.046,35.3936,70.9664,35.0661
2850,128.427,170.91,128.303,59.4411,35.1674,70.4435,34.2427
2880,129.394,170.745,128.32,60.9059,36.5862,69.8951,35.0256
2910,129.645,176.494,129.023,61.4883,35.5898,71.5784,34.3646
2940,127.076,174.216,129.404,59.675,36.8891,67.961,35.2191
2970,127.321,173.66,127.898,60.3642,37.211,70.8294,34.9648
3000,129.916,170.996,128.731,58.3073,36.2459,70.8348,34.8725
3030,129.62,171.899,131.406,58.8709,36.8075,69.4643,36.8013
3060,127.909,170.293,128.401,59.5004,35.8824,68.2269,37.4657
3090,130.327,172.88,129.023,60.0243,35.2916,68.0572,37.3365
3120,127.298,173.861,128.604,59.2348,35.5077,69.2277,38.2329
3150,127.504,172.759,129.792,60.8659,35.0414,70.2333,39.556
3180,126.18,176.589,127.773,59.5343,35.7995,68.5022,39.623
3210,129.399,174.95,131.125,57.9183,36.1947,68.597,40.1231
3240,128.621,174.607,129.685,58.0924,35.7905,69.3746,40.617
3270,127.562,170.796,131.045,60.3234,35.5881,69.2652,41.4399
3300,127.812,174.508,129.963,61.1172,37.8084,67.2708,42.0143
3330,128.378,171.446,130.33,59.7948,34.7224,68.7307,41.9447
3360,128.389,173.192,130.807,59.2803,35.5356,66.5219,41.0523
3390,126.734,173.654,128.619,59.5196,37.4745,66.1997,39.689
3420,126.684,173.296,127.904,58.869,35.5542,66.621,39.5493
3450,127.375,176.179,128.477,60.421,35.8929,63.0414,38.025
3480,126.827,173.309,130.336,60.7831,35.8494,62.198,37.949
3510,128.792,178.656,130.4,59.8693,37.298,63.0155,38.474
3540,101.243,137.872,103.93,59.7443,35.7162,59.3224,36.2532
3570,104.199,141.628,106.059,60.3355,35.9877,56.8081,35.6379
3600,101.548,142.24,107.135,61.4984,36.9644,59.401,35.4856
3630,100.729,137.907,103.555,61.1814,34.6041,58.3293,34.2701
3660,100.186,137.327,106.814,60.334,35.1435,56.5945,33.9692
3690,103.502,139.492,106.58,60.0244,36.7428,55.8188,35.0326
3720,102.182,141.518,106.605,59.9126,35.6109,52.1024,34.193
3750,102.971,139.1,103.661,60.9085,36.7754,51.0064,34.4347
3780,104.278,143.88,103.415,58.6509,36.1218,50.9756,35.2357
3810,100.066,138.283,105.511,60.0574,36.7375,50.2139,34.5385
3840,99.031,132.839,98.2905,61.6405,36.3788,49.9812,26.3271
3870,96.9861,134.192,99.6355,61.041,36.089,50.5232,26.0734
3900,96.9462,133.893,100.819,60.3891,36.5294,52.6753,25.8912
3930,95.3152,132.713,101.899,58.2968,35.89,53.1467,26.1395
3960,97.1104,136.171,99.9129,59.2841,37.4491,54.9367,26.1578
3990,95.23,133.347,99.2707,59.9349,36.9719,55.3716,25.9524
4020,99.1842,135.067,102.472,58.2914,36.6106,53.3539,26.547
4050,98.673,133.007,101.859,59.2376,36.3698,55.6724,25.6091
4080,95.7006,132.826,100.133,58.5224,36.9179,56.4641,25.5926
4110,98.089,137.515,100.84,59.9798,36.3808,59.1002,26.1702
4140,95.2299,137.04,100.697,60.5349,35.3305,58.5479,26.006
4170,95.8371,132.997,101.296,61.0296,36.8206,62.4073,25.4879
4200,98.2787,133.832,98.8741,60.6007,37.4463,63.426,26.2907
4230,98.2504,134.064,98.4424,58.8444,38.0399,64.7205,25.6726
4260,98.5782,133.448,101.784,59.1025,35.474,66.0865,26.3705
4290,96.9988,134.033,99.9097,58.8845,36.7896,65.8124,26.5684
4320,98.022,134.515,100.017,59.8749,35.4576,66.4055,25.6228
4350,97.7244,132.435,99.6628,60.3554,34.8962,71.2292,26.9707
4380,96.6335,135.4,99.5062,60.7957,36.0504,70.8601,26.0323
4410,96.6714,136.551,100.965,59.3387,36.3652,71.3389,26.7416
4440,86.2654,121.097,88.6976,60.7649,36.7446,76.2596,21.9505
4470,96.5018,137.943,101.483,65.6752,36.6917,77.5454,22.3821
4500,96.0005,137.293,103.32,68.8518,36.3299,78.9828,22.1334
4530,96.7069,139.256,105.451,70.459,35.2918,80.0076,22.4226
4560,96.7688,136.586,103.408,69.2864,36.0347,83.0914,21.4125
4590,96.4721,137.125,105.076,71.0766,35.7345,79.4789,22.0609
4620,97.4584,138.092,105.219,71.2022,35.9618,78.8627,22.4618
4650,94.0668,140.332,103.73,69.222,36.1777,77.4434,21.8179
4680,94.8505,142,104.98,70.3367,36.4165,80.2346,22.52
4710,98.1169,141.805,104.627,71.2027,36.3069,78.6407,21.7397
4740,97.1971,139.662,102.381,70.9202,36.4193,79.5411,21.7081
4770,95.7912,138.79,104.569,68.0168,35.6837,78.7764,22.5947
4800,97.7706,139.509,103.995,67.7965,36.0311,80.6728,21.6819
4830,95.1563,141.79,102.204,70.663,36.516,77.0273,21.397
4860,94.9018,139.867,101.001,69.2193,36.567,79.84,22.5939
4890,93.9715,140.472,101.291,70.1434,36.8509,79.0443,22.0996
4920,93.9826,138.448,104.109,69.0028,37.2415,79.5074,21.5592
4950,95.7226,136.485,101.199,70.4415,36.4077,80.3092,21.4399
4980,97.105,142.679,103.743,68.0036,36.4308,76.5497,22.417
5010,93.5845,138.162,103.503,70.0246,35.6553,77.3877,22.1984
