Time,FC,PAS,PAM,PAD,temp,SpO2,FR
-1,90,167,126,105,37.1416,96,20
0,99,183.7,138.6,105,36.6216,96,22
30,99.9734,184.09,138.624,105,36.1016,96,22.4763
60,96.6785,180.159,140.556,105,35.5816,96,21.7895
90,98.2187,183.905,135.653,105,35.0616,96,22.1477
120,97.3013,180.53,140.683,105,34.5417,96,22.1053
150,100.082,180.975,138.369,105,34.0217,96,22.2675
180,98.6811,182.216,137.122,105,33.5017,96,22.1581
210,100.842,183.051,140.382,105,32.9817,96,22.4097
240,101.291,181.148,137.878,105,32.4617,96,22.1277
270,99.8507,183.991,140.471,105,31.9418,96,21.7803
300,96.8722,180.116,138.618,105,31.4218,96,21.6088
330,97.9112,184.576,138.474,105,30.9018,96,22.4181
360,107.358,182.851,151.134,105,30.3818,96,21.6595
390,110.474,179.362,151.835,105,29.8618,96,22.3152
420,110.533,185.869,137.347,105,30.3717,96,22.2294
450,111.986,183.535,142.173,106.05,31.1853,96.96,22.1405
480,101.662,189.942,140.452,103.905,31.8081,94.787,22.3986
510,98.1704,189.516,142.535,106.133,31.8098,103.808,22.3085
540,98.9493,187.197,140.701,107.865,33.3501,100.947,21.919
570,99.7908,152.235,111.077,85.0919,33.133,97.1101,21.5449
600,97.4076,149.859,111.331,83.3203,33.9236,93.5654,20.474
630,96.4146,145.822,110.33,84.9973,34.0714,92.1103,19.8507
660,97.934,150.626,113.403,85.4687,34.5948,91.2211,19.7033
690,96.7315,151.263,111.285,81.4982,34.753,88.9903,19.2047
720,92.0085,128.828,92.7408,73.8667,34.955,87.9052,18.596
750,78.702,126.498,63.4192,71.2399,36.9175,82.7189,18.1456
780,81.2658,121.724,61.6564,70.672,37.0648,89.9138,17.5239
810,76.4047,126.673,58.7016,70.0086,36.8806,90.4513,17.0136
840,77.225,123.929,60.009,93.5364,36.7633,88.6442,17.1486
870,74.8827,124.233,61.7867,92.2295,36.8678,87.8636,16.0246
900,76.7107,121.428,62.5383,94.4328,37.5165,84.4726,16.1582
930,79.8265,126.033,63.8384,90.7614,37.6287,79.1242,16.8847
960,75.4339,160.752,88.2673,93.9617,37.5271,85.0063,17.0205
990,81.6191,161.683,119.832,94.9846,36.5459,80.6847,16.4303
1020,83.4146,159.785,115.999,91.2365,37.4533,76.4356,17.2236
1050,82.539,162.605,120.361,93.3647,37.0902,78.2977,16.8969
1080,78.2741,139.708,97.9465,79.76,36.8367,75.3991,16.5388
1110,80.7998,148.568,107.353,79.1181,36.6706,70.4459,18.2252
1140,82.909,148.222,110.649,77.5354,36.2285,67.9754,18.2169
1170,84.3128,143.326,108.578,78.0372,37.6655,67.4808,18.7737
1200,81.9823,144.72,109.999,80.3961,36.3884,68.2183,18.2375
1230,100.073,178.502,135.806,79.3272,36.5517,66.1997,21.8625
1260,87.2862,163.866,106.834,81.3227,37.2287,60.4026,21.9499
1290,88.0597,165.246,107.323,78.0992,36.5142,62.088,22.494
1320,84.7339,166.204,107.203,78.0179,36.9562,58.2267,21.8559
1350,76.3085,131.878,100.822,76.5908,37.254,59.0365,17.3384
1380,77.7647,133.371,102.241,77.966,36.4468,58.8801,16.9317
1410,100.134,171.772,130.445,78.451,37.0272,57.9101,22.0593
1440,108.807,192.35,141.506,80.3223,36.3765,62.5779,23.369
1470,111.776,192.515,144.329,77.5152,36.1748,61.2925,24.1168
1500,112.196,200.701,149.369,79.2972,36.2145,61.0369,24.7852
1530,88.9264,162.843,117.336,76.9711,36.3143,60.8552,20.0049
1560,91.1083,160.352,118.267,78.7827,36.8303,61.4198,19.6642
1590,90.8314,160.855,118.504,78.0445,37.1642,60.5333,20.034
1620,91.3602,156.389,122.172,78.9456,36.0297,61.8495,19.4817
1650,74.8836,133.681,105.233,79.1466,36.153,58.71,17.1432
1680,74.0388,134.086,98.3511,76.69,36.1682,60.6404,16.7728
1710,75.771,129.289,102.325,78.0725,37.1465,58.8125,16.9093
1740,74.2895,133.141,98.5303,77.1675,37.0039,58.7915,16.9084
1770,76.1368,135.387,102.035,81.1996,35.9323,61.7423,16.6843
1800,81.1442,148.601,107.754,79.3673,36.3407,60.0433,18.5191
1830,66.323,119.199,86.6712,77.0582,37.2826,63.1482,18.323
1860,66.6758,121.541,86.302,81.2778,36.6355,60.2379,17.9044
1890,64.4231,115.735,90.6324,80.8928,35.9126,60.8758,18.6765
1920,64.709,113.316,87.096,78.5694,37.1629,60.3313,18.917
1950,64.2725,118.34,89.8943,79.492,36.3479,62.6145,18.6235
1980,64.7854,119.404,86.8686,80.3143,36.9978,60.2417,18.5706
2010,64.9237,118.543,90.8773,78.3058,35.6623,61.2321,18.0639
2040,64.4134,121.696,85.5949,78.0926,35.7853,59.9064,18.6472
2070,68.6866,118.075,90.6854,76.4453,36.0403,60.582,18.4938
2100,67.1269,114.436,87.9238,80.7428,37.3578,61.3753,18.4573
2130,82.0487,146.275,106.1,81.3444,36.5638,58.9529,18.5141
2160,81.3239,143.503,108.051,80.1711,36.6172,61.4626,18.2205
2190,81.986,145.795,109.842,79.5674,36.3338,61.4338,18.8643
2220,82.0303,147.047,105.949,78.128,35.8419,61.6213,18.3491
2250,79.0801,139.579,109.463,81.0874,35.5919,58.8528,19.103
2280,81.6306,138.896,105.358,77.5299,36.7573,62.1858,19.2217
2310,79.802,140.841,104.278,76.4218,35.746,62.6826,18.8593
2340,81.5316,141.747,106.017,78.1069,36.1714,61.1772,18.9114
2370,81.3957,139.195,110.077,80.4671,36.0428,61.6324,18.9172
2400,80.3184,144.084,107.849,76.5747,36.8718,62.0448,18.4603
2430,80.765,141.968,105.76,80.5538,36.838,59.8298,19.0682
2460,83.1826,138.641,107.276,79.2015,36.3609,62.1049,19.1386
2490,83.0265,140.131,108.033,78.9241,36.1518,60.6333,18.4593
2520,82.0076,138.164,110.794,76.9328,36.7274,61.006,18.3339
2550,80.6749,139.684,107.197,81.383,36.6099,61.8697,18.9982
2580,80.2184,146.435,108.134,77.954,37.285,58.7465,19.1063
2610,80.8156,144.793,109.238,78.3731,37.255,60.0466,19.1363
2640,80.0943,144.461,105.225,76.7199,36.8017,59.1719,18.3647
2670,80.4634,143.489,106.606,81.0965,36.9098,62.4609,19.1131
2700,80.4349,142.352,108.412,80.6358,36.1325,59.54,18.2896
2730,74.7445,131.555,104.17,80.9101,37.195,62.0599,16.5739
2760,81.971,161.831,115.033,90.1171,36.741,60.0189,16.7053
2790,83.3446,156.376,118,93.1592,37.2831,63.0579,17.1556
2820,85.4311,159.451,118.484,89.7038,35.6884,59.8199,16.3265
2850,84.1363,157.084,115.196,93.3541,36.5154,59.2702,17.1574
2880,84.5578,161.089,114.314,91.3036,36.8234,59.4175,17.2047
2910,84.4089,157.613,115.419,93.735,36.7793,62.2638,17.2432
2940,86.2027,159.64,118.438,92.0341,35.8457,59.8742,17.2778
2970,84.6029,158.112,120.23,89.1892,36.8317,58.8277,17.4542
3000,84.9603,155.022,119.309,89.834,35.1281,62.4065,17.1625
3030,86.6119,162.236,117.578,91.1662,35.8273,61.9684,16.8448
3060,83.1842,157.531,115.631,89.6375,35.2995,62.7181,17.2573
3090,84.5122,154.356,117.949,89.4026,36.2188,60.7523,16.5811
3120,84.8568,157.891,114.418,89.951,36.3066,62.479,16.8037
3150,85.5522,158.796,120.691,92.062,36.0604,60.815,17.5026
3180,86.9192,154.726,116.088,90.1045,36.1772,60.9455,16.7345
3210,85.6791,156.43,120.776,90.188,35.8873,60.875,16.6724
3240,82.5319,163.263,117.414,92.3193,35.3047,59.9504,17.0781
