Time,FC,PAS,PAM,PAD,temp,SpO2,FR
-1,95,195,115,92,36.6591,97,18
0,104.5,214.5,126.5,92,36.1459,97,19.8
30,104.963,214.508,125.846,92,35.6327,97,19.4703
60,105.517,217.161,127.14,92,35.1194,97,20.274
90,105.986,212.181,127.149,92,34.6062,97,19.422
120,106.556,218.88,126.965,92,34.093,97,19.7954
150,107.07,216.352,126.621,92,33.5797,97,20.1725
180,104.644,219.683,125.728,92,33.0665,97,19.4577
210,102.363,215.734,129.038,92,32.5533,97,19.6556
240,105.394,212.944,127.366,92,32.0401,97,19.5939
270,103.935,217.931,124.61,92,31.5268,97,19.805
300,104.295,213.933,124.468,92,31.0136,97,19.8725
330,106.361,218.317,126.863,92,30.5004,97,19.7781
360,114.553,218.469,136.618,92,29.9871,97,19.9608
390,115.888,211.651,136.14,92,29.4739,97,20.2384
420,104.879,218.778,128.168,92,29.7875,97,19.5218
450,103.344,212.635,127.544,92,30.1011,97,20.2886
480,102.048,210.887,128.717,92,30.4147,100,19.6983
510,104.337,209.845,128.3,92,30.7283,96.2207,18.9865
540,126.615,183.517,98.9364,85.56,31.0419,94.8486,0.35977
570,125.43,183.366,99.3305,85.56,31.3554,94.1462,0
600,127.424,178.443,98.0024,86.6897,31.669,92.33,18.7811
630,125.967,175.603,95.6753,85.2381,31.9826,87.6919,17.8615
660,113.605,173.428,84.8558,80.9072,32.2962,88.874,17.6476
690,106.078,167.038,56.9945,72.6684,32.6098,86.6963,17.0511
720,107.596,154.611,55.6085,73.1196,32.9234,93.0342,16.6775
750,107.677,151.465,58.4146,71.7668,33.237,92.7177,16.5907
780,106.645,156.484,54.422,74.7846,33.5506,91.1346,16.0531
810,100.542,151.863,57.8942,73.9735,33.8641,84.7908,15.8403
840,102.702,155.181,54.5117,72.6322,34.1777,83.5523,15.333
870,100.522,154.812,55.7473,74.0165,34.4913,84.8369,15.6837
900,98.9369,157.601,55.0941,70.9113,34.8049,82.996,14.8402
930,108.097,149.606,80.6246,74.2336,35.1185,85.133,14.7589
960,106.414,150.07,77.0734,71.3867,35.4321,82.389,14.3192
990,108.781,152.92,80.6501,70.679,35.7457,80.371,14.2386
1020,98.2497,142.441,67.8467,69.5145,36.0592,78.3004,14.6447
1050,109.49,147.043,74.9357,60.7638,36.3728,72.3975,16.0786
1080,106.457,146.412,75.6225,60.5653,36.6864,73.1608,16.0775
1110,109.523,139.517,75.8788,60.363,37,68.862,16.0139
1140,106.608,140.06,77.0703,60.7281,37,66.2804,16.2019
1170,108.177,144.975,78.5588,64.2939,37.3392,67.3468,16.3987
1200,110.025,146.385,75.383,63.3855,37.6132,65.6936,15.9859
1230,99.5459,129.684,67.1922,61.3387,36.32,60.1328,14.5136
1260,100.445,127.089,68.9708,61.7608,36.985,60.5601,14.5312
1290,99.5736,131.761,67.1485,64.0203,36.8698,57.7363,14.9598
1320,97.097,132.326,69.2318,63.1426,37.0792,58.3517,14.6473
1350,126.133,168.916,89.269,60.1339,36.2256,58.2893,18.7701
1380,125.387,171.197,89.7427,60.2768,36.1594,57.0345,18.869
1410,126.874,170.892,90.5153,60.8495,37.0805,58.8471,18.6175
1440,128.874,163.989,86.7334,60.4059,37.5901,58.0592,19.1333
1470,101.881,202.512,117.9,68.6124,36.8303,57.3334,19.0766
1500,100.229,205.409,118.956,67.1033,37.239,56.7873,18.7459
1530,102.438,204.352,117.295,68.7162,37.8157,58.4501,18.5744
1560,129.319,169.933,90.4416,63.0977,37.2013,57.4566,0.15904
1590,128.763,168.481,90.8839,63.657,36.2089,56.9955,0.565544
1620,128.027,169.014,91.677,63.7359,36.7999,57.3221,18.9471
1650,125.926,168.303,92.8913,63.8206,36.3615,57.0692,18.5508
1680,126.269,165.422,89.807,65.0949,37.2701,57.4015,18.6471
1710,126.999,170.729,91.1939,65.2322,36.3794,58.438,18.7911
1740,126.908,172.592,90.126,64.5794,36.9736,58.2823,18.6725
1770,129.85,165.698,92.4925,65.2425,36.9345,58.0119,18.827
1800,128.665,171.451,91.1792,64.5786,37.6464,57.8195,18.9531
1830,128.104,171.904,92.3873,64.7122,37.2279,56.9904,19.0091
1860,129.437,172.576,89.4153,62.0764,37.8565,57.0007,19.0766
1890,127.89,172.105,93.196,63.1763,37.8769,58.1846,18.6939
1920,127.843,167.615,91.9561,62.2051,36.3438,56.7378,19.1031
1950,142.686,183.87,99.8957,63.7699,36.9863,56.7706,20.4893
1980,138.66,181.29,102.106,65.2604,36.5136,58.6386,20.9996
2010,139.046,179.926,101.187,64.3446,37.9049,57.9608,21.0377
2040,142.551,181.565,99.3149,63.4574,37.1983,58.4967,20.6537
2070,141.574,186.063,99.4517,64.6941,36.9971,57.9224,20.4855
2100,142.67,184.309,100.445,62.3816,37.7694,57.4381,20.3157
2130,138.83,181.343,102.294,63.2734,36.6958,57.9657,20.3107
2160,139.619,180.856,102.474,63.0448,36.9815,57.0064,20.8272
2190,138.574,179.485,99.1358,65.0654,37.7565,57.4918,20.7532
2220,139.999,186.645,101.878,63.4379,37.2505,57.309,20.6861
2250,140.659,184.484,100.591,64.5458,37.8258,57.6278,20.3523
2280,139.423,179.778,98.7508,64.1924,36.5384,56.6868,20.9791
2310,141.519,181.071,100.903,65.0221,36.519,58.3144,20.821
2340,138.812,180.467,99.6426,64.0099,36.298,56.8546,21.0226
2370,141.59,182.594,100.373,63.1075,36.2897,58.8389,20.318
2400,138.414,182.606,98.7905,63.242,36.9722,56.899,21.0198
2430,141.496,180.723,101.95,63.7116,36.8259,57.6093,20.5412
2460,139.471,102.231,52.9581,60.4071,36.7069,57.2347,-5.55753
2490,113.017,137.256,76.6219,63.1275,37.6079,58.3604,0
2520,115.233,139.88,77.5522,62.3705,36.4151,57.9906,20.4126
2550,113.967,139.848,76.6078,63.8022,37.7866,56.946,20.8055
2580,112.425,138.765,76.1422,65.877,37.5489,57.022,20.7259
2610,111.539,137.798,75.8703,64.5125,37.6827,57.5795,20.7592
2640,114.108,135.801,76.7508,64.6715,37.8385,58.6056,20.6356
2670,111.534,137.927,75.3809,65.2571,36.511,57.2942,20.3054
2700,111.643,137.744,75.7212,64.127,36.1972,57.2231,20.5006
2730,114.046,140.712,77.2619,63.2172,36.0787,58.7423,20.4219
2760,115.475,140.3,78.6017,63.8509,37.0115,58.8851,20.715
2790,122.678,151.379,83.4717,65.2384,36.245,56.8706,23.0059
2820,127.286,150.953,82.3509,62.7453,36.2709,57.782,23.4927
2850,124.62,144.371,83.4926,64.0388,36.968,57.742,24.3331
2880,128.532,148.026,84.4349,62.6649,36.269,58.149,24.6652
2910,128.213,145.658,84.4846,63.348,36.6961,58.514,25.0932
2940,126.85,151.197,81.0407,65.7389,37.6016,57.4937,24.417
2970,132.274,151.086,83.4289,62.7883,37.7887,57.1944,25.4828
3000,130.127,149.987,83.0295,62.8286,36.576,57.5021,25.4192
3030,130.774,144.854,81.3302,65.5808,36.563,58.8668,25.7514
3060,132.914,150.456,81.2394,65.0003,37.4784,56.8639,26.7665
3090,132.835,148.112,83.8281,64.2101,36.8699,57.3846,27.1174
3120,131.522,148.829,81.8274,65.1164,36.7753,58.324,27.8362
3150,133.201,145.421,81.393,62.4283,36.504,57.115,27.8582
3180,132.316,145.925,81.2628,62.6826,36.1716,56.9897,27.7463
3210,134.132,146.48,82.9287,63.7744,37.5744,57.1012,27.8497
3240,130.855,148.527,83.1265,64.5047,36.4134,58.379,27.1708
3270,132.694,148.261,81.968,63.1011,37.3487,57.4764,27.0074
3300,134.763,148.869,81.5052,63.8449,37.6245,57.1403,27.3499
3330,133.464,147.375,82.2595,64.8755,37.3916,57.3269,26.2906
3360,163.6,120.558,62.3613,60.5652,37.2435,55.4962,0
3390,122.041,136.243,78.7967,63.6181,37.6851,56.2552,-4.14299
3420,134.056,145.567,93.3529,69.6407,37.5835,59.2592,21.6006
3450,132.952,156.828,94.4993,77.3976,36.4594,59.772,21.0536
3480,129.992,164.137,92.8778,75.9104,37.1418,61.214,20.5066
3510,128.941,162.732,93.5669,75.7134,36.2235,64.3907,19.9596
3540,126.712,163.938,93.0063,75.7634,37.3662,60.6714,19.4126
3570,123.898,164.908,92.5543,75.1091,37.5997,62.4369,18.8656
3600,122.562,163.393,93.5608,76.8693,36.7495,62.4455,18.3186
3630,125.955,162.96,94.343,76.6403,36.2264,65.44,17.7716
3660,120.954,162.295,94.6274,76.6308,36.3802,65.9335,17.2246
3690,124.442,162.152,93.861,77.7153,36.6158,65.0785,17.2246
3720,120.737,161.003,94.5342,75.3505,37.7037,68.3714,17.5399
3750,121.377,163.022,94.1559,75.464,36.3088,69.8381,17.4999
3780,121.184,160.091,93.538,76.0051,37.1316,70.2497,17.6838
3810,123.811,165.422,94.1908,76.6982,36.7619,70.9758,17.2617
3840,123.45,162.896,93.2894,77.242,37.5621,71.5381,17.6688
3870,123.563,165.648,93.9422,77.6959,37.0741,72.8196,16.828
3900,123.464,160.448,94.458,77.5201,36.6059,73.5624,16.9543
3930,124.418,159.622,92.0605,76.6836,37.8881,76.8499,16.9047
