Time,FC,PAS,PAM,PAD,temp,SpO2,FR
-1,97,159,110,91,37.4825,94,25
0,106.7,174.9,121,91,36.9578,94,27.5
30,106.289,177.94,123.385,91,36.433,94,27.5251
60,105.615,178.738,122.419,91,35.9083,94,28.0099
90,104.706,177.261,120.933,91,35.3835,94,27.2914
120,106.199,176.87,123.503,91,34.8588,94,27.4021
150,108.118,173.23,119.13,91,34.334,94,28.1408
180,107.969,176.508,122.903,91,33.8092,94,27.3551
210,104.845,176.915,119.998,91,33.2845,94,27.2873
240,108.075,173.124,118.679,91,32.7597,94,27.0256
270,107.207,175.296,123.295,91,32.235,94,27.8062
300,109.034,171.07,118.172,91,31.7102,94,27.2161
330,104.547,174.081,123.883,91,31.1855,94,27.3794
360,116.118,172.206,131.233,91,30.6607,94,27.2448
390,119.734,177.835,134.056,91,30.136,94,27.843
420,115.846,176.46,119.765,91,30.4792,94,27.6237
450,119.057,171.644,121.913,91,30.8224,94,27.2518
480,105.008,173.603,122.361,91,31.1656,100,27.1737
510,107.235,175.526,121.408,91,31.5088,97.9067,26.5544
540,100.424,174.906,120.789,92.8357,31.852,93.1172,26.4755
570,105.584,141.084,99.3262,74.1551,31.8767,90.0738,25.1989
600,102.313,145.977,99.9477,71.7846,32.2199,86.6431,25.3244
630,100.353,138.347,98.5461,70.7146,32.6427,82.051,24.683
660,101.052,132.476,101.164,74.443,32.5337,79.0532,23.6211
690,99.1837,121.49,86.7904,62.9492,33.4703,75.2054,23.4427
720,85.7829,121.605,57.7273,60.7292,33.6137,76.5565,23.5564
750,86.3434,119.665,57.6237,59.7494,34.1807,90.2211,22.7774
780,84.1267,114.44,56.1526,60.343,34.9065,84.7989,21.4165
810,85.3781,126.189,55.9307,60.162,33.8791,85.1305,20.8309
840,84.4556,159.113,78.3082,60.8613,35.284,80.8618,20.5995
870,81.1346,157.267,78.6606,63.0022,35.6272,77.6638,20.381
900,79.6482,148.917,81.4332,63.1471,35.9704,72.2448,21.1292
930,85.1234,157.729,77.7882,62.3612,36.3136,74.6114,21.2926
960,89.5025,155.724,103.566,78.1145,36.6568,69.9062,20.9598
990,91.0671,160.149,105.543,80.0714,37,70.4666,21.1635
1020,89.2374,160.775,106.883,78.914,37,66.2769,21.3759
1050,87.122,134.693,90.3851,68.2707,37.8103,64.2403,20.7556
1080,89.4614,148.59,97.6895,68.4133,36.2256,58.5658,23.2876
1110,91.6531,147.822,98.8412,67.4378,36.7796,56.08,22.5277
1140,89.1519,148.526,101.335,66.5537,37.3799,54.9457,22.4547
1170,88.4228,147.26,101.783,67.1078,36.9814,49.4214,23.1987
1200,90.8884,150.705,102.198,67.1229,36.2104,46.8314,23.8459
1230,91.109,146.895,100.683,68.4149,37.1891,43.4151,23.7065
1260,80.2656,133.147,92.155,69.899,36.5897,41.6071,20.9986
1290,81.4807,131.609,93.5822,69.5164,37.0993,41.6307,21.5139
1320,82.7092,132.556,89.2565,68.3666,37.5701,42.0215,21.1426
1350,77.8907,134.906,92.2516,69.2079,36.2185,41.4325,20.929
1380,103.86,175.334,117.457,66.1466,37.0559,41.153,27.3305
1410,107.291,172.943,119.877,67.9321,36.4596,41.1976,26.8974
1440,102.532,170.913,117.486,69.4082,36.491,41.4057,27.5568
1470,103.212,172.619,116.998,68.4212,37.5388,41.1991,27.6246
1500,103.216,170.746,118.9,69.6661,37.7602,41.0545,27.5037
1530,106.464,173.39,117.526,66.0888,36.5472,41.3879,27.4265
1560,104.01,169.388,116.611,66.2731,37.6846,40.9714,27.1592
1590,103.164,174.079,115.904,67.3237,36.4655,41.8512,27.566
1620,102.64,172.418,118.435,66.4679,37.4592,41.3697,27.6422
1650,105.774,170.971,118.894,66.8349,37.6594,41.4461,27.1723
1680,104.106,173.612,119.814,67.1699,37.3285,41.4404,27.3648
1710,104.272,173.95,118.67,66.7932,37.2767,41.6507,27.4688
1740,107.03,171.059,120.831,68.7256,37.2545,42.1568,26.9064
1770,102.762,175.032,119.956,66.3504,36.4449,41.6628,27.4725
1800,106.079,173.079,120.517,68.589,37.6546,41.9881,27.5416
1830,104.281,171.914,116.128,69.8676,37.6692,42.1914,27.4969
1860,103.31,174.721,118.274,69.1448,37.4621,42.0855,27.0403
1890,106.062,170.229,116.279,69.0923,37.008,42.2211,27.0562
1920,103.145,171.152,116.485,67.2351,37.792,42.3165,26.8117
1950,101.831,170.364,116.916,67.0576,36.1708,41.4701,26.7127
1980,113.051,186.95,130.694,68.3314,36.5585,41.7645,29.5485
2010,114.817,187.758,128.791,66.192,37.0464,42.3281,29.505
2040,114.5,187.75,127.229,66.9562,37.2437,41.8447,29.4619
2070,111.541,188.066,127.285,68.8429,37.4016,41.7696,29.8966
2100,115.022,189.51,126.418,66.6393,36.5364,42.0654,29.9897
2130,113.785,187.418,130.041,69.5088,37.1838,41.7797,29.8449
2160,112.919,184.137,126.534,68.6288,37.1886,42.0114,29.6773
2190,111.169,190.318,130.637,66.1686,36.7518,42.22,29.5785
2220,113.094,188.366,127.931,66.0297,36.8754,41.8254,29.7987
2250,112.325,187.874,129.053,68.5227,36.1533,41.8979,29.5224
2280,111.693,188.137,129.389,67.0446,36.7044,41.8131,29.5036
2310,113.467,186.65,129.366,69.1295,36.7635,41.7244,29.0131
2340,109.352,186.556,126.503,67.9118,37.7614,42.2949,29.2309
2370,115.665,189.717,128.637,68.6673,36.8677,41.5486,29.7166
2400,112.477,186.351,127.538,66.6057,37.6835,42.2233,29.8136
2430,111.481,187.004,126.077,68.9967,37.664,41.5467,29.8733
2460,115.371,183.287,127.69,68.0343,37.9139,42.0161,29.4286
2490,84.6731,133.412,93.1898,69.9788,36.3397,41.4608,21.3038
2520,85.8778,136.404,92.3271,67.3567,36.6615,42.2763,21.866
2550,84.6781,138.266,93.9672,67.3655,37.5659,41.7314,21.4779
2580,82.7651,137.854,96.3516,67.3996,36.596,41.7682,22.2217
2610,84.9854,135.1,95.9528,68.1313,36.584,42.2538,21.727
2640,84.3547,137.641,92.194,68.6749,37.0858,42.0769,21.5913
2670,81.221,139.052,93.6388,66.8368,36.3048,41.9974,21.8556
2700,82.7075,137.082,95.9498,68.1632,37.7288,42.1567,21.6164
2730,80.9292,134.815,95.8789,67.3379,36.3226,41.7201,21.306
2760,85.5758,134.472,92.5178,67.8485,37.7122,41.8981,21.7293
2790,82.0449,139.554,94.2981,67.7365,36.9878,41.5532,22.1646
2820,90.5641,148.268,99.3267,68.1829,37.1008,42.0456,23.5675
2850,90.9888,147.549,102.65,66.0992,37.8525,41.4784,23.2409
2880,89.2316,147.667,99.5654,66.3563,36.408,42.1842,23.1086
2910,89.561,149.305,102.515,66.7766,36.1025,42.1909,23.6909
2940,89.8965,144.602,98.9074,66.5735,37.7856,41.4837,23.4985
2970,91.0779,148.045,102.144,68.6267,37.4731,41.771,23.2611
3000,88.8868,149.194,98.1384,66.8444,37.3928,41.839,23.4383
3030,87.6169,147.424,100.945,67.3954,36.9584,41.9468,22.7274
3060,88.0495,144.469,98.9439,68.9635,36.5779,42.3146,23.2896
3090,91.7869,145.837,100.974,67.83,37.5249,41.5834,23.1467
3120,88.1918,146.322,98.0172,68.9888,37.7899,42.1005,22.8783
3150,87.0622,148.482,100.949,69.4216,36.7163,42.0049,23.6618
3180,88.6767,143.842,102.374,66.5116,36.309,41.8533,22.8115
3210,91.1595,148.051,99.2888,68.6501,37.694,40.7487,22.7503
3240,87.8285,146.57,101.139,66.4643,36.5529,39.5182,22.1957
3270,87.5395,142.826,100.289,69.7851,37.2506,37.8327,21.4473
3300,85.9633,142.821,101.015,68.7113,36.9326,36.7898,21.406
3330,85.201,146.068,101.835,65.986,36.6742,38.4288,20.9475
3360,85.9594,144.499,101.35,65.9784,37.7135,40.4166,20.2393
3390,87.0484,144.287,102.335,67.1877,36.4568,40.074,19.7665
3420,80.0787,135.053,90.9543,67.3437,36.6995,41.7643,17.6018
3450,80.9175,155.101,107.898,79.2411,36.3561,42.5958,17.2066
3480,86.6402,150.318,106.745,80.4352,37.255,47.1944,17.3057
3510,88.1963,153.465,106.043,80.7692,36.6115,48.1999,17.6947
3540,88.1183,154.566,105.227,80.5046,37.145,52.1303,17.1179
3570,90.4154,151.306,107.03,80.7197,36.6377,50.9036,18.0999
3600,90.8826,152.734,108.043,77.687,37.2575,52.0377,19.0323
3630,89.3892,155.69,106.711,80.8459,36.958,56.8385,19.4583
3660,92.3885,151.526,107.428,78.5824,36.1815,58.5818,19.4607
3690,91.8172,154.451,106.231,79.3744,36.097,61.0188,20.2197
3720,90.4254,150.824,104.484,77.6989,37.3859,62.1358,20.6205
3750,90.5722,156.011,105.51,79.6724,37.6032,63.6754,21.3974
3780,90.379,152.63,106.185,77.4283,37.5372,66.8866,21.8412
3810,92.7394,154.5,107.492,79.094,36.9063,68.8351,21.5022
3840,91.057,155.534,106.773,80.2738,36.2493,68.2469,22.2612
3870,92.5429,150.907,105.324,77.752,36.391,69.6709,22.1438
3900,93.387,149.854,106,78.3579,37.1136,72.8419,21.7932
3930,90.5897,153.82,108.416,77.9513,36.7462,73.3859,22.0627
