Time,FC,PAS,PAM,PAD,temp,SpO2,FR
-1,84,150,101,79,36.5459,100,14
0,92.4,165,111.1,79,36.0342,100,15.4
30,92.5155,168.764,113.074,79,35.5226,100,15.2178
60,93.0702,162.867,109.249,79,35.011,100,15.2531
90,93.5645,165.011,111.37,79,34.4993,100,15.1421
120,94.7012,165.291,111.738,79,33.9877,100,15.5778
150,92.9342,169.078,109.352,79,33.476,100,15.5104
180,92.3792,166.876,111.659,79,32.9644,100,15.5924
210,92.9276,161.868,113.823,79,32.4528,100,15.7059
240,90.5067,164.576,110.542,79,31.9411,100,15.4802
270,93.7944,164.204,109.103,79,31.4295,100,15.0927
300,90.7813,161.199,108.857,79,30.9178,100,15.245
330,94.6009,167.127,108.473,79,30.4062,100,15.4003
360,101.07,166.847,122.613,79,29.8945,100,15.2586
390,100.559,165.776,123.413,79,29.3829,100,15.1455
420,100.576,161.168,111.5,79,29.7638,100,15.7801
450,102.035,161.523,112.553,80.2578,30.9154,97.8198,15.6862
480,90.4373,170.145,106.642,78.6216,30.1842,99.2988,15.4825
510,93.6051,160.971,111.252,79.2007,31.2925,102.254,14.8952
540,93.497,160.585,109.091,77.9387,30.9337,98.2531,15.1325
570,89.8098,134.675,88.7282,63.8849,30.5986,96.4392,14.8154
600,86.8846,136.273,92.81,61.9643,32.4172,89.9647,14.568
630,90.1217,126.399,90.3069,63.6498,32.7817,87.3175,13.7739
660,86.7606,130.012,93.0053,62.2079,31.7915,82.1723,14.2842
690,85.5684,137.722,89.4529,63.4245,33.7518,78.8175,13.1607
720,82.5771,122.156,85.4879,56.9738,32.7046,79.7954,12.9951
750,73.7251,112.927,50.3813,52.8077,34.3165,75.038,12.4969
780,71.4797,105.267,50.2114,54.5475,33.8424,92.6889,12.9345
810,71.0808,106.646,49.4206,54.8009,34.6748,90.7771,12.1256
840,70.6001,142.073,49.6636,52.4459,35.0306,85.9554,12.069
870,70.3092,144.352,49.7947,54.8702,35.8363,85.4759,11.3082
900,69.229,140.75,74.0178,68.8882,36.3295,81.003,11.8243
930,69.6857,138.007,72.7799,68.734,36.7731,76.3765,11.5924
960,69.804,142.043,70.6275,67.7783,36.0599,80.6818,11.781
990,73.8446,146.403,96.557,67.3947,38.008,73.4721,11.9044
1020,73.172,141.655,93.8544,70.6126,37.8389,69.8912,11.675
1050,73.7495,144.31,98.0598,69.6263,36.5859,68.2093,11.8637
1080,69.3192,133.008,90.3437,63.0802,38.0221,64.3684,11.9213
1110,73.9868,136.031,92.5173,56.8555,37.767,60.96,12.967
1140,75.379,133.877,92.3709,59.4934,36.9279,57.418,13.1089
1170,73.2186,132.308,91.6526,57.9323,37.9771,58.2697,13.1346
1200,73.5142,137.189,90.0724,59.445,37.4408,52.7136,12.7472
1230,88.2054,160.237,108.794,59.5601,37.2706,48.5921,15.5903
1260,79.196,132.393,94.0833,60.0976,36.8984,47.1704,15.8232
1290,77.8607,127.214,93.58,56.6454,37.023,44.3188,15.4352
1320,79.519,131.921,97.6683,58.9738,36.3461,44.8863,15.4458
1350,78.0355,127.153,97.8919,56.7089,36.7581,42.7252,15.5678
1380,76.7151,130.223,94.7319,58.7418,38.6259,42.3364,15.5333
1410,79.7988,128.924,94.6205,59.6021,37.7951,47.8806,15.5311
1440,78.9754,132.551,97.6881,59.6835,37.2086,48.1326,15.8911
1470,79.0511,133.108,97.1068,57.5844,35.9869,46.1548,15.5825
1500,78.6808,132.514,97.726,58.3883,37.1279,47.0884,15.9125
1530,91.9493,158.003,113.828,59.667,36.3694,44.013,17.1484
1560,91.816,158.079,113.732,59.3194,37.8007,46.1189,17.0017
1590,92.1779,159.982,114.659,59.4606,36.8401,44.2189,16.7279
1620,91.0888,158.231,113.885,56.902,36.4166,47.9534,17.1527
1650,91.6695,161.251,113.74,58.1728,36.7638,44.671,17.0341
1680,92.8517,163.165,112.483,58.5513,37.5999,44.2322,16.6264
1710,90.9047,163.778,114.623,59.1064,37.4485,48.0376,17.0193
1740,93.6447,161.181,113.874,57.5249,37.7924,44.0035,16.8645
1770,90.3476,162.029,114.517,57.257,37.6162,47.6934,16.7219
1800,92.9589,158.698,114.06,57.471,36.5483,45.135,16.7767
1830,92.5886,158.265,115.164,56.6497,36.5043,46.7516,16.6174
1860,91.1903,159.373,112,57.4005,36.9302,46.7047,17.1884
1890,93.3484,160.2,115.479,57.6671,37.0625,46.0742,16.7187
1920,93.2887,158.732,112.609,59.8594,37.8476,44.5938,17.0452
1950,92.5834,158.294,113.713,59.0996,36.8904,47.3198,16.7183
1980,91.6641,164.022,112.512,57.3215,37.0802,43.9726,16.7099
2010,96.3752,170.51,118.723,58.8876,37.9588,47.7368,17.4036
2040,95.3553,171.534,119.452,59.8843,37.7045,46.5071,17.2785
2070,98.0975,171.43,117.606,58.8831,37.1593,47.7271,17.4788
2100,98.2609,171.387,121.288,56.8173,36.824,44.8168,17.1923
2130,98.8121,174.424,116.746,59.3379,37.1751,46.0297,17.2694
2160,98.6702,170.553,118.584,59.2746,37.8894,45.0663,17.2981
2190,95.6112,173.209,117.451,58.1205,37.0955,44.8759,17.0326
2220,95.6159,171.561,117.624,57.161,35.7474,46.4355,17.0356
2250,98.7942,173.837,120.981,58.2674,35.9401,48.5025,17.1136
2280,96.5836,172.633,121.421,56.9322,35.6427,46.8604,17.1687
2310,97.6531,175.374,120.263,60.0478,37.7526,44.4123,17.4705
2340,95.7675,172.366,121.019,57.5913,36.7398,45.9328,17.3922
2370,98.6696,172.539,117.268,57.5315,36.0169,46.3962,16.9434
2400,96.7041,173.763,117.177,58.9202,37.3806,48.6989,17.2169
2430,96.9401,175.216,118.448,57.1422,36.837,48.357,17.4952
2460,98.0112,175.808,117.064,58.1509,36.0753,44.3113,17.0776
2490,98.1599,171.74,118.871,58.2678,36.9654,46.2211,17.3802
2520,99.6008,177.235,120.595,57.3963,35.6786,46.9332,17.7068
2550,101.417,179.937,123.324,59.0197,36.981,46.2318,17.353
2580,100.031,177.093,122.284,59.6377,36.1094,44.1611,17.7862
2610,101.162,176.846,120.657,57.2278,37.0068,47.8434,17.8634
2640,99.1185,174.109,120.021,58.8611,36.7934,45.4696,17.4587
2670,100.609,174.734,119.329,57.5988,37.3721,45.9939,17.6248
2700,98.061,174.16,121.138,57.167,36.9998,48.2837,17.7555
2730,101.289,175.116,123.391,58.5703,37.7407,45.7237,17.4805
2760,100.63,177.496,123.442,57.5627,35.6042,46.1136,17.3438
2790,99.3092,177.224,120.588,58.4841,37.6694,48.2719,17.9992
2820,100.741,176.271,119.461,59.2662,37.6559,45.2459,17.8176
2850,98.5581,175.541,119.834,57.5455,36.9498,45.7066,17.7706
2880,98.2886,176.391,122.61,58.4251,35.6021,45.8344,17.9468
2910,100.487,179.268,120.181,59.2918,35.2537,46.5983,17.4582
2940,99.7057,178.722,122.626,57.6626,37.2071,47.8392,17.8027
2970,98.9712,180.885,122.661,60.7051,35.3231,46.6897,17.6536
3000,99.7831,176.712,122.825,60.1284,35.4892,47.1273,17.3963
3030,101.545,180.421,122.245,57.9847,36.4646,45.638,17.5682
3060,101.455,175.34,121.353,58.3117,34.9132,48.5009,17.4866
3090,99.3555,179.186,120.254,59.2431,37.1437,48.7432,17.4177
3120,98.879,179.734,123.829,58.8593,37.0907,46.4123,17.8538
3150,100.275,175.839,124.029,58.4878,35.5086,47.1028,17.4211
3180,100.035,175.369,121.668,58.6667,35.5576,46.7788,17.6592
3210,102.31,179.752,124.611,59.8921,37.1164,47.9875,17.6914
3240,100.541,179.659,124.43,59.4784,35.7649,44.0971,17.4867
3270,99.2031,176.588,120.36,60.5168,36.6772,41.0201,17.2533
3300,98.9695,177.539,121.405,57.4864,37.3487,41.9607,16.7992
3330,97.5313,178.117,122.354,57.5394,35.8433,40.8265,16.0821
3360,94.7056,178.111,124.058,58.4211,36.4511,36.7639,15.9526
3390,95.2402,175.328,122.249,60.6822,36.659,39.2945,15.5974
3420,95.9063,175.545,122.918,59.4062,36.3144,38.5545,15.5571
3450,94.0658,180.076,123.093,57.4912,34.9253,39.9821,15.2099
3480,94.3342,175.552,122.304,59.4678,35.7954,41.1146,15.5524
3510,92.2601,180.279,124.656,58.3548,35.4281,46.1822,14.9166
3540,73.9196,143.097,99.0503,59.215,36.9263,44.3126,14.282
3570,74.0248,145.06,97.32,59.919,36.8639,49.8588,14.5745
3600,74.3622,142.553,97.5859,60.084,36.5735,49.7095,14.7137
3630,76.6417,141.422,99.7372,57.2882,36.5534,53.5223,14.94
3660,77.3131,143.261,100.395,58.7882,36.6396,53.2655,15.7177
3690,77.0737,144.727,99.8582,59.1755,35.6419,53.0726,15.785
3720,78.8343,142.553,98.5288,59.8431,37.3746,54.6066,16.1038
3750,76.6774,145.277,99.6581,59.8573,35.9457,60.7388,16.0743
3780,77.2879,145.548,99.4454,58.3953,35.9294,58.9128,16.1829
3810,80.7777,146.584,100.687,60.4236,37.242,61.8222,16.258
3840,76.0367,141.469,93.5321,57.3706,36.3933,64.3681,13.6043
3870,74.909,137.635,95.6702,58.2192,37.2036,64.9709,13.6241
3900,76.3032,135.854,93.8676,57.6752,35.6592,66.6556,13.6596
3930,76.476,137.584,96.7917,60.78,35.666,68.2523,13.4341
3960,75.8645,139.4,95.9259,57.6535,36.6271,67.8218,13.5839
3990,77.2355,139.563,93.3644,59.3166,35.9073,71.9313,13.4314
4020,77.0614,140.299,96.3107,60.1147,35.2215,76.4387,13.4682
4050,76.7006,139.648,95.9781,60.243,34.6257,78.1941,13.182
4080,77.3745,136.591,94.6081,59.287,36.0904,81.0797,13.1156
4110,74.9381,139.176,96.364,58.171,35.1554,86.5187,13.5161
4140,74.8877,139.791,95.419,58.1315,36.6333,89.8792,13.2517
4170,78.2907,139.601,93.8138,60.7521,37.1128,89.7599,13.3053
4200,77.9414,139.847,92.9076,58.6704,35.3835,91.3118,13.0382
4230,74.9716,137.847,94.3277,57.8658,35.9932,93.0047,13.422
4260,77.9903,138.786,96.8522,59.9528,37.4827,89.1444,13.5573
4290,76.4204,137.932,96.5395,57.9484,34.7011,91.6429,13.6548
4320,77.4731,139.993,94.438,60.1332,36.4544,92.7892,13.1091
4350,75.9397,136.991,94.3993,60.5753,35.7823,91.1957,13.2284
4380,77.6255,138.368,93.2729,59.5197,35.3434,90.6857,13.4678
4410,77.0626,137.259,96.9174,59.7975,36.0525,91.7516,13.0444
4440,67.2358,120.176,86.5209,58.6449,37.6907,91.2308,11.2371
4470,70.1112,136.248,90.0641,63.7158,36.2549,92.4996,11.7302
4500,74.4868,146.702,98.686,68.4859,34.9337,89.3037,11.6105
4530,74.95,141.016,98.2501,69.2833,35.927,92.3302,11.6223
4560,74.5832,145.099,96.8037,67.6332,36.7891,91.0319,11.3822
4590,76.2262,145.486,100.298,70.0902,36.906,89.1658,11.5711
4620,76.3092,144.234,96.8932,70.1383,36.4008,88.3943,11.0425
4650,75.4151,142.608,99.0902,67.146,36.332,89.2371,11.5799
4680,74.4254,141.726,95.8234,69.2395,37.2324,85.5561,11.5237
4710,74.7665,141.676,98.6989,69.7938,37.2493,87.6432,11.538
4740,74.1358,146.222,98.8583,69.5464,35.7651,88.4915,11.5838
4770,76.3209,143.899,99.8946,67.7746,36.0004,84.9178,11.1965
4800,73.7265,141.128,100.067,70.2772,35.7891,87.9786,11.6915
4830,74.6911,142.678,99.4331,67.7008,36.7986,89.4125,11.0423
4860,74.6655,144.8,99.4373,68.8139,35.6539,86.3791,11.6214
4890,74.0234,142.209,96.2893,67.2028,34.8911,86.3351,11.0983
4920,74.6203,142.389,96.0903,69.9724,36.5575,88.7326,11.5089
4950,73.9999,144.693,100.127,70.2334,36.1932,89.4387,11.2571
4980,75.6798,145.635,99.91,69.1152,35.5369,87.0588,11.352
5010,75.4498,144.612,98.4139,68.8603,37.6067,87.9353,11.0804
5040,74.4009,145.499,100.257,68.9003,36.8718,83.8576,11.4595
5070,75.2337,141.993,98.4575,68.4942,35.7104,86.425,11.5253
5100,74.7224,145.573,97.5729,69.2935,37.2562,83.3021,11.1963
