Time,FC,PAS,PAM,PAD,temp,SpO2,FR
-1,53,116,90,64,36.8622,99,18
0,58.3,127.6,99,64,36.3461,99,19.8
30,57.3396,130.711,99.4489,64,35.83,99,19.3611
60,57.3466,128.809,99.3094,64,35.314,99,19.922
90,58.9955,127.645,98.1749,64,34.7979,99,19.9469
120,58.749,126.754,99.9316,64,34.2818,99,20.29
150,58.2964,127.029,98.3278,64,33.7657,99,19.8475
180,58.7301,130.106,99.1811,64,33.2497,99,19.8917
210,57.7021,127.093,97.9263,64,32.7336,99,19.8985
240,58.2436,126.237,97.0573,64,32.2175,99,20.0883
270,58.1903,127.746,97.3147,64,31.7015,99,19.4577
300,57.2726,126.943,99.3155,64,31.1854,99,19.59
330,57.0166,130.419,97.4241,64,30.6693,99,19.7299
360,63.095,127.447,110.469,64,30.1532,99,19.6975
390,62.7529,129.597,109.642,64,29.6372,99,19.8501
420,59.6651,124.986,106.636,64,29.9001,99,20.2661
450,57.6649,126.882,108.093,64,30.1631,99,19.9615
480,57.2325,130.509,99.5246,64,30.426,100,19.8517
510,58.6598,129.148,100.189,64,30.689,98.2247,19.1181
540,57.6271,100.385,78.5186,51.2,30.6451,96.3135,18.7751
570,55.5234,101.319,77.1191,51.2,30.908,92.1361,18.4742
600,56.0061,103.928,80.2192,51.5466,31.4506,91.6147,17.8222
630,56.8389,104.351,77.142,50.3351,31.7265,90.421,18.021
660,54.3507,91.4849,67.653,43.5377,31.5395,88.5602,16.8583
690,47.7887,82.9382,44.5185,43.1007,31.3952,84.6664,17.1678
720,47.3117,88.738,45.8471,43.0091,32.2944,94.3535,16.2998
750,46.8348,88.3227,43.8551,43.6774,32.8672,91.1475,16.2058
780,46.3578,84.1395,45.4201,43.3969,32.9861,90.665,16.0871
810,45.8809,83.4713,65.1602,56.4497,33.6444,86.1775,15.8677
840,45.404,86.6837,64.262,55.4795,32.8703,83.0361,15.0755
870,45.404,87.7032,66.1077,56.8597,32.9534,83.7713,15.0735
900,44.8841,84.7801,65.528,57.249,34.1561,86.1954,14.985
930,47.325,107.488,84.0559,55.5736,34.3704,82.7682,14.4738
960,46.9946,105.991,86.634,56.2357,34.6334,79.5701,15.0377
990,48.6038,107.289,85.2791,57.0429,34.8963,76.4401,14.5333
1020,46.1187,98.6386,74.0605,46.8432,35.1593,74.7678,14.4529
1050,48.3469,101.444,79.2979,46.8953,35.4223,69.6875,16.0883
1080,48.0127,102.595,81.2146,47.376,35.6852,67.5921,16.3581
1110,48.2609,104.285,79.1962,47.2306,35.9482,66.3766,16.0186
1140,47.9922,104.43,81.9523,48.2582,36.2111,66.133,15.762
1170,50.4521,102.258,81.9692,48.8819,36.4741,61.3628,15.975
1200,48.8503,103.179,81.4664,47.3059,36.737,60.7298,16.2129
1230,45.1485,93.9336,74.9186,47.6705,37,60.5585,15.0522
1260,43.9384,91.8195,74.6911,47.4833,37,55.6729,15.1584
1290,45.1241,93.3672,75.2598,48.1316,36.4479,56.3696,14.8457
1320,45.0285,91.7841,74.7114,47.0332,36.3268,57.1922,14.517
1350,57.1192,118.834,95.3358,47.9295,37.5724,56.7952,18.8102
1380,57.5713,119.223,96.2886,47.645,36.51,57.4537,19.04
1410,58.7635,118.449,97.2033,48.7463,37.8594,56.5563,19.1956
1440,57.8517,120.36,95.2043,47.4068,37.6227,55.7086,18.8934
1470,58.8683,121.353,95.7346,47.391,36.4633,57.4893,19.2039
1500,56.418,119.583,94.2799,47.8662,37.7336,57.2346,19.2711
1530,56.7074,120.162,95.5708,46.962,37.6524,56.6199,19.3406
1560,58.473,121.103,96.549,47.6711,36.996,56.0341,19.1184
1590,57.2296,117.786,94.2698,47.4827,37.8725,57.0712,19.0463
1620,56.8359,119.057,95.3063,47.2554,37.6647,56.8699,19.1337
1650,58.3149,117.813,95.9782,48.7243,37.3868,58.1876,19.3329
1680,57.8151,119.026,97.1458,47.6407,36.4394,57.5346,19.2008
1710,58.1526,120.547,95.606,46.8882,37.5365,57.2511,18.869
1740,58.3299,117.442,97.1229,48.8435,36.7714,56.7927,18.7255
1770,56.9754,120.33,96.8788,48.9469,37.457,57.0656,19.28
1800,57.5431,119.138,96.8822,46.8684,37.4657,57.8126,18.9178
1830,58.8065,119.198,94.7342,48.198,36.2793,57.5473,19.1213
1860,58.6822,117.896,94.1766,48.2421,36.2868,58.1593,19.0735
1890,57.6275,118.221,96.6169,48.3759,37.6274,57.4731,19.1571
1920,57.8781,121.771,96.1183,46.9207,36.7646,57.1572,18.6638
1950,61.8287,130.254,104.235,46.9822,37.1711,57.5896,20.8132
1980,63.3134,130.608,103.98,48.1122,36.7756,57.071,20.4743
2010,62.7733,130.806,105.571,48.9225,36.994,57.5558,20.8072
2040,62.3734,130.379,104.11,48.7984,36.4502,56.3054,21.0032
2070,62.9854,131.484,102.818,48.3191,37.2925,57.2838,20.8558
2100,62.1536,130.049,104.309,48.8613,36.8419,58.0725,20.6927
2130,63.5461,130.622,105.4,47.4344,37.1633,57.6961,20.4752
2160,61.7273,130.852,105.901,47.7264,37.0811,57.0839,20.5344
2190,63.4261,131.328,103.738,47.5109,37.7407,56.9669,20.2894
2220,62.9466,133.155,105.305,48.5566,37.9043,56.8306,20.8494
2250,62.547,130.112,103.758,47.2465,36.8739,56.5391,20.6371
2280,61.5601,133.122,105.162,47.0509,36.379,57.7549,20.671
2310,63.3269,129.976,105.567,47.7945,37.1117,56.6334,20.8573
2340,62.6949,131.776,105.311,46.8713,36.7782,57.4698,20.9005
2370,62.4583,133.26,104.661,48.4778,36.1282,58.1551,21.005
2400,62.6893,129.669,104.192,47.8499,37.732,56.6646,20.7146
2430,61.6628,133.513,103.078,48.4648,36.1767,58.2994,20.4408
2460,46.1028,94.8184,77.8297,46.9886,37.3816,57.8935,14.9261
2490,44.7457,95.7311,77.6121,47.7997,36.5353,57.3399,15.0258
2520,45.2329,96.0103,75.2277,48.3963,37,57.6072,15.0148
2550,45.5423,97.8426,77.1897,47.8007,37.5214,58.1479,15.0215
2580,46.6733,98.0296,76.0291,47.7888,36.2072,57.1647,15.2496
2610,46.5211,95.0842,76.615,48.67,37.2056,57.3997,15.0936
2640,46.7328,94.4085,76.3702,47.1156,37.0402,57.8097,15.5087
2670,46.2853,94.1511,75.894,47.0108,36.8491,56.7859,15.5205
2700,47.7352,94.2436,77.1877,47.0376,37.7001,57.6994,15.2629
2730,46.7986,97.456,77.7989,48.6565,37.0845,56.7003,15.2157
2760,47.4815,97.7309,74.6903,48.3834,37.3512,56.4858,15.0631
2790,52.3691,103.074,79.3,48.3146,37.2954,57.15,16.4114
2820,50.9056,103.325,81.3966,48.8608,37.4387,57.2254,15.8606
2850,52.7801,100.996,81.1552,48.8476,37.8071,57.4614,16.4268
2880,52.9096,103.804,80.1391,48.7313,37.2467,56.9174,16.2895
2910,52.9738,102.196,82.151,47.1457,36.2208,58.1878,16.5947
2940,54.8087,103.516,80.4003,48.1732,37.5839,56.371,16.8132
2970,55.084,103.786,81.73,48.5803,36.8447,58.2081,17.3157
3000,54.5058,104.139,79.2104,47.1831,36.7446,57.925,17.7443
3030,54.2237,102.195,81.7443,48.6966,37.4864,56.6957,18.4334
3060,55.9343,101.555,81.5231,48.4494,36.1377,56.4018,18.482
3090,55.768,100.859,81.4708,48.1467,37.8064,57.2167,18.9231
3120,54.4793,102.056,82.0132,48.3535,36.6067,58.0427,19.7192
3150,54.7934,103.207,80.3033,48.7533,36.276,55.1824,19.6282
3180,54.9174,101.715,81.0231,48.501,37.233,54.2019,19.4199
3210,53.9127,101.767,82.2659,47.9112,36.964,53.6627,19.0455
3240,52.831,100.679,81.0579,48.4696,37.0097,51.9395,19.3714
3270,53.3501,101.53,80.4062,47.7671,37.8449,51.2217,18.8491
3300,51.01,103.876,79.6026,48.8259,36.3549,49.8696,18.7955
3330,52.402,104.437,80.0733,47.7565,36.6104,47.5768,18.6021
3360,51.9291,103.939,79.4346,47.2246,37.7952,47.1874,18.2189
3390,46.3061,91.3889,73.6533,47.313,36.7326,46.2471,16.6338
3420,48.643,98.3633,85.2816,53.6844,36.7752,43.9562,15.8749
3450,49.8191,106.977,86.3644,53.742,36.5616,43.5471,15.6481
3480,50.2159,104.995,85.2478,55.2088,37.5904,41.3693,15.6648
3510,48.6804,105.998,84.6931,55.9842,37.3817,40.2353,15.3561
3540,50.7406,108.289,84.1974,55.1149,36.2373,39.5896,15.4434
3570,49.6982,105.071,86.1371,55.5413,37.0973,37.9479,15.593
3600,50.475,106.262,83.8499,54.8965,36.7766,36.7724,15.0992
3630,49.107,109.164,86.5654,54.1504,36.5148,34.6334,15.1083
3660,50.7607,107.691,85.4926,55.78,36.8464,34.517,15.3433
3690,49.7838,107.141,83.7766,55.9978,37.164,33.3475,15.5424
3720,48.9799,106.675,85.4632,55.9684,37.458,31.7023,15.334
3750,48.9479,106.187,85.6839,54.442,36.5914,30.0107,15.3795
3780,49.8108,108.049,85.9475,54.7663,36.7491,28.2452,15.2356
3810,50.3989,105.058,86.3883,54.3424,37.1587,29.6557,15.6712
3840,49.2287,105.562,86.2134,53.6603,36.6608,30.5392,15.4075
3870,49.2719,109.048,84.3373,55.4525,36.2022,33.3016,15.2593
3900,49.5397,108.615,86.5564,55.8916,36.7446,34.3506,15.4495
3930,50.4891,109.106,86.6672,54.0416,37.4332,38.4071,15.7166
