Time,FC,PAS,PAM,PAD,temp,SpO2,FR
-1,74,135,99,71,36.7488,97,18
0,81.4,148.5,108.9,71,36.2343,97,19.8
30,81.5832,150.539,110.96,71,35.7198,97,19.8736
60,81.4104,150.132,110.226,71,35.2053,97,20.015
90,80.4962,148.672,109.8,71,34.6908,97,20.0093
120,81.7794,145.174,110.789,71,34.1763,97,19.8567
150,82.1332,151.085,106.842,71,33.6619,97,19.7175
180,82.0084,151.514,107.224,71,33.1474,97,19.3446
210,79.7893,146.364,110.309,71,32.6329,97,19.4692
240,81.664,145.863,109.924,71,32.1184,97,19.6137
270,83.1976,146.588,108.153,71,31.6039,97,20.1842
300,80.7804,144.851,110.192,71,31.0894,97,19.4041
330,82.965,147.259,106.216,71,30.575,97,20.0127
360,88.1369,151.945,121.842,71,30.0605,97,20.0901
390,87.8301,147.591,121.9,71,29.546,97,19.8852
420,87.8296,148.875,110.684,71,29.9187,97,19.4595
450,89.4047,143.021,108.588,69.7222,29.446,95.4427,19.1353
480,80.5617,143.399,108.658,72.0915,30.795,95.3108,19.5049
510,83.8335,148.161,110.001,70.3915,31.3944,99.6489,19.8193
540,80.0769,146.17,110.749,70.1923,32.1638,100.037,19.4177
570,81.2105,113.535,83.2518,56.346,31.6738,94.3328,18.6091
600,81.1726,115.702,89.7736,57.0698,32.7022,94.0347,17.622
630,78.3524,116.403,85.0343,56.1546,33.0467,91.1875,17.4667
660,78.4713,117.998,88.6575,57.1723,33.5402,88.7733,17.7037
690,77.3249,116.861,87.1786,57.7523,32.9917,86.0961,16.9722
720,70.5883,99.5096,78.4224,51.6375,32.6189,83.1144,16.9328
750,61.1867,96.377,46.1737,46.9239,33.3042,80.1678,16.2016
780,62.6192,99.7309,46.8374,46.4661,34.8273,90.4557,15.9353
810,60.9888,96.4243,47.5588,47.4478,34.701,88.3906,15.627
840,59.3325,102.056,67.6968,49.0531,35.552,84.314,15.2591
870,58.3773,102.052,68.8913,48.6893,36.335,81.0488,14.6957
900,58.5253,103.532,71.333,47.7438,36.8455,79.5555,14.7269
930,59.4568,102.019,70.8762,46.1743,35.8484,77.4998,14.7356
960,59.1349,134.095,68.7418,60.6909,37.1686,77.3324,15.0138
990,62.25,132.475,90.3458,60.2117,37.4132,76.2446,14.7579
1020,61.6521,133.388,92.9828,61.953,36.5284,73.6278,14.6631
1050,64.3496,133.21,93.6105,61.8171,36.3718,72.3092,14.5245
1080,59.4857,113.713,86.9934,56.7339,36.7912,68.7359,14.2499
1110,63.6418,120.391,89.9907,53.0691,37.0189,63.9531,15.6458
1140,63.3901,118.474,86.4097,54.1265,37.1062,63.3331,15.4447
1170,63.5013,122.037,88.7186,52.6004,36.5503,57.6801,15.5909
1200,63.1164,118.698,88.9579,53.342,36.957,54.4376,16.1197
1230,77.7823,148.242,106.893,51.4581,37.6657,54.2957,19.5505
1260,68.6956,138.787,103.589,51.2146,36.8313,50.1809,19.6106
1290,65.9962,140.002,101.936,51.178,36.8117,48.462,19.4937
1320,67.4339,135.095,102.246,54.0787,36.8525,50.9721,19.1257
1350,66.5481,137.942,102.21,52.6167,37.6844,47.9708,19.2548
1380,67.1916,140.883,102.618,53.4986,37.21,49.6416,19.3091
1410,67.0738,140.651,102.876,53.3068,37.5763,51.2123,19.682
1440,68.4149,139.808,104.266,51.7485,36.859,51.6973,19.288
1470,66.2469,140.304,104.634,52.5071,36.8957,53.613,19.1289
1500,65.9881,136.964,104.889,52.1526,38.0396,53.5105,19.2897
1530,67.0238,137.106,101.052,53.2905,36.536,52.5972,19.0564
1560,66.4659,137.785,102.198,51.9749,37.0029,53.2661,19.2041
1590,67.7021,139.092,104.019,51.982,37.7996,52.3785,19.6564
1620,68.4685,138.203,101.609,53.7093,35.337,51.0077,19.3368
1650,66.8522,137.244,101.296,52.6876,38.125,53.064,19.0197
1680,66.3659,135.129,102.287,51.8483,36.9113,52.8463,19.3612
1710,67.9895,137.326,104.218,52.557,37.5694,51.7443,19.676
1740,68.2614,138.82,103.75,53.729,38.037,51.4546,19.7681
1770,66.6351,137.999,102.936,51.1118,35.8538,50.6931,19.3154
1800,66.3288,138.4,103.786,50.7806,36.8302,52.2978,19.2834
1830,67.7335,136.888,104.53,52.8845,36.6859,52.3235,19.3524
1860,68.2455,136.262,101.956,52.3279,36.4218,52.0996,19.3107
1890,66,141.157,102.798,51.7612,36.4629,53.3989,19.2293
1920,66.2758,137.72,101.909,53.4903,37.7765,50.7955,19.2815
1950,65.9661,135.362,104.946,53.1075,36.3685,50.6753,19.0738
1980,67.6821,137.909,103.052,53.3933,36.9052,50.8242,19.0787
2010,68.5784,139.293,102.341,51.0058,35.7018,51.8151,19.352
2040,67.3054,139.335,101.642,51.5423,36.5082,52.8853,19.3799
2070,67.113,138.685,101.3,53.2661,35.5255,54.0498,19.5092
2100,67.9987,137.537,102.4,53.5058,36.6637,54.4161,19.234
2130,66.5093,137.012,102.229,52.6202,37.0025,54.8284,19.7088
2160,67.0194,136.567,101.109,53.6993,37.3679,51.6742,19.047
2190,66.6339,138.292,104.125,51.7991,37.5029,54.627,19.4238
2220,65.8425,137.373,102.066,52.0817,37.0184,53.3559,19.1242
2250,67.4156,135.467,103.717,54.0147,37.5881,54.1116,19.1555
2280,68.5418,141.213,100.809,52.7028,36.7922,53.0955,19.7522
2310,68.4623,137.802,101.687,53.1988,35.2587,51.2365,19.0379
2340,67.4628,138.8,102.529,52.4799,36.5311,53.2502,19.2845
2370,66.356,137.429,101.947,54.1668,35.1514,50.9707,19.7787
2400,66.1592,136.678,103.015,53.5177,36.2596,53.6755,19.4238
2430,78.5083,149.96,111.032,53.049,36.0107,53.5265,20.9213
2460,76.9566,150.952,111.084,53.9012,36.9506,51.3796,20.6861
2490,77.5783,153.657,111.962,51.9993,37.2786,51.7016,20.9947
2520,79.3627,155.586,112.851,52.6486,35.5967,50.4629,20.8527
2550,77.9229,152.06,111.441,52.8922,36.3616,51.8717,21.0379
2580,77.369,153.978,113.594,52.5247,35.9299,54.7697,20.9911
2610,78.7316,152.673,110.85,52.2358,35.8822,51.3939,21.0907
2640,78.0247,155.845,112.257,52.5536,36.4629,50.9797,20.9056
2670,79.4996,153.313,111.533,53.449,37.1751,53.3616,20.9595
2700,77.8291,153.133,111.357,54.0095,36.3757,53.8656,20.5367
2730,78.8702,156.258,113.093,53.5694,37.5534,53.8504,21.1023
2760,79.4285,151.886,112.199,51.7352,37.7059,50.0508,20.9973
2790,77.4137,152.228,112.776,53.7728,35.4984,53.1429,20.6911
2820,79.1572,156.028,111.784,52.4655,35.5768,53.4834,21.1004
2850,77.3215,152.586,113.513,53.6552,36.5516,53.6458,20.5701
2880,79.3584,151.536,112.536,53.9297,37.5616,53.2957,20.4624
2910,84.7897,157.835,113.814,51.3676,37.1037,52.579,21.0926
2940,83.8326,161.835,117.716,54.3096,36.0951,54.2572,21.0057
2970,82.0544,160.134,114.196,52.8035,36.7657,53.6659,20.8501
3000,82.302,157.982,118.078,51.5419,37.5967,51.2398,21.4166
3030,84.7994,157.572,117.831,53.3494,37.2409,50.2419,21.1654
3060,83.1155,161.771,115.672,53.1521,36.2583,54.278,21.5832
3090,84.8754,162.088,118.097,52.1574,37.5831,51.9368,22.3094
3120,82.0762,157.961,118.057,54.6264,35.2005,54.1142,22.7181
3150,83.3206,160.232,115.901,52.7091,36.2116,54.8494,22.8027
3180,83.3247,157.919,113.798,51.2814,37.957,52.944,23.2989
3210,84.6218,158.615,117.461,53.7699,35.996,53.5733,23.4012
3240,83.8501,159.462,114.529,53.402,36.9168,53.2719,23.8816
3270,84.4625,156.103,116.985,51.2586,37.9521,53.3492,24.1314
3300,81.9519,159.651,114.374,50.9203,37.939,52.2173,24.3391
3330,81.7455,158.916,114.99,53.367,37.0626,47.7715,24.2178
3360,82.2557,157.413,114.52,53.6188,35.9528,49.9015,23.9468
3390,79.5345,156.016,115.225,54.0858,35.3206,50.9362,23.7531
3420,81.1786,160.386,115.424,53.0778,35.7514,52.7089,25.0522
3450,79.7648,162.145,116.911,53.02,37.9449,53.8229,24.521
3480,78.0516,161.368,117.049,52.9481,37.7477,53.84,24.0622
3510,77.91,160.813,117.876,50.9908,36.2614,56.5159,23.4479
3540,79.3995,161.34,115.903,54.1603,37.2887,60.1918,22.6874
3570,79.1227,160.174,118.839,52.2091,35.6046,58.393,22.1373
3600,80.5508,162.612,118.366,52.9001,37.8637,60.7477,22.0817
3630,79.2348,158.785,118.215,51.6737,35.616,64.3042,21.6207
3660,80.9532,158.919,117.98,52.5935,37.6932,65.1516,21.2867
3690,79.4945,162.433,118.047,51.777,35.0181,64.8333,21.0078
3720,82.4663,159.726,117.38,52.9935,35.5668,65.5095,21.6225
3750,81.6283,158.805,114.747,52.9848,37.433,66.8459,21.1949
3780,82.0731,158.628,118.032,51.5648,37.5694,68.8822,21.7462
3810,83.3754,159.795,115.577,52.8351,37.0215,70.1949,21.2221
3840,82.506,158.978,118.707,52.5593,36.1687,69.911,21.5664
3870,83.8003,159.635,116.141,51.0359,36.9988,71.2343,21.4945
3900,82.1089,158.071,118.376,53.9585,37.1291,75.0629,21.1824
3930,84.6137,158.026,118.277,51.9691,37.3549,75.1466,21.0461
3960,84.2273,160.958,117.151,51.3559,38.2538,77.589,21.4352
3990,82.8809,158.942,117.352,53.2113,36.7801,76.1388,21.0843
4020,82.3512,158.602,114.7,53.9827,37.8176,76.5482,21.4547
4050,82.1795,157.404,118.679,54.2111,36.8215,77.2608,21.1971
4080,82.5168,161.492,116.43,51.3267,36.5193,83.0254,21.6975
4110,83.7948,159.556,117.174,53.2863,37.2133,86.2732,21.3633
4140,82.5021,162.971,116.3,53.8856,37.4461,84.521,21.7061
4170,83.8252,159.956,118.527,51.3309,36.648,84.2083,21.1398
4200,83.9326,162.71,116.07,51.7459,35.3358,82.9849,21.6357
4230,83.3351,162.158,116.924,53.6683,36.9002,83.6609,21.7061
4260,82.9196,161.81,118.102,51.4187,35.947,82.5772,21.7324
4290,84.1692,157.196,114.918,53.4864,37.5898,86.8909,21.4928
4320,83.1709,159.376,118.602,52.9627,35.7698,84.3206,21.6874
4350,84.5856,157.217,117.713,52.9897,35.6235,84.7857,21.558
4380,84.2524,159.488,118.542,51.1659,36.0285,82.3808,21.305
4410,83.8802,159.572,116.652,54.2509,36.389,85.2652,20.0713
4440,68.6321,130.296,95.698,54.1328,36.356,86.2789,20.4422
4470,67.6233,130.369,93.3283,52.8809,37.3195,83.7346,20.3145
4500,67.4079,128.207,94.7221,53.5196,36.2728,83.0988,20.1965
4530,69.1967,129.172,93.5912,52.2386,37.5123,84.5955,20.0736
4560,68.4913,128.148,92.7463,51.3585,37.2499,85.6065,20.468
4590,68.588,132.465,93.3315,51.3106,36.9807,80.8902,20.6089
4620,69.3639,126.993,94.9573,50.9083,37.3145,79.6091,20.2557
4650,67.5473,130.057,95.7907,53.3534,36.0632,82.3019,20.7252
4680,68.5282,132.391,92.7925,53.9378,37.7819,80.6736,20.264
4710,69.1833,131.085,94.6267,52.1204,35.2579,78.9731,19.9942
4740,64.2436,125.488,87.4232,53.2263,36.2216,78.3867,15.9695
4770,66.4931,125.897,88.9253,51.8204,35.2062,79.2563,15.8836
4800,64.3115,122.804,89.2044,54.0532,36.6449,79.599,16.1038
4830,65.8414,125.841,88.0727,53.7715,36.8487,82.4078,16.1716
4860,64.0966,126.637,89.8968,52.5619,36.2785,78.889,15.5091
4890,65.1255,124.149,88.827,52.2476,37.0903,82.7667,16.1137
4920,66.4606,123.283,90.6492,53.9927,35.3648,81.7147,16.2004
4950,66.3304,126.646,90.7699,52.855,36.352,80.5267,15.6693
4980,65.5435,121.327,90.6953,53.3329,37.6485,82.022,15.5058
5010,65.1427,121.775,89.3657,51.1368,36.757,82.6001,15.8775
5040,66.2272,125.104,89.2422,50.99,36.308,80.4376,15.8436
5070,64.1246,125.692,87.5675,51.7239,36.4591,78.2492,16.1892
5100,65.7213,122.722,90.1345,51.683,35.8464,77.2005,15.911
5130,65.5778,125.81,90.196,51.557,36.0781,79.2773,16.1989
5160,64.5718,122.017,91.6245,53.8296,37.0768,77.4261,15.7539
5190,65.9762,123.568,90.0783,50.9963,36.7623,80.3783,15.8885
5220,65.1956,124.718,90.7823,52.7954,34.92,76.3804,15.8991
5250,66.4538,125.908,90.6777,54.2406,36.2618,80.1579,15.8825
5280,65.8866,126.532,89.0573,54.1821,37.6269,77.2858,15.8502
5310,64.4186,126.927,89.6714,51.2436,35.8038,78.7199,15.8509
5340,56.8124,109.937,77.5722,51.2753,35.9706,78.7372,13.2938
5370,62.7043,127.341,85.1896,56.3808,36.7216,79.6328,13.4483
5400,63.3974,126.227,92.4353,62.8494,37.9129,77.5098,13.1148
5430,65.2418,130.651,91.1328,62.5441,36.8993,76.9928,13.4126
5460,63.6499,126.953,92.764,62.1012,35.94,80.25,13.4116
5490,64.6717,126.403,93.6832,61.2476,36.5376,79.8946,13.454
5520,65.3016,126.936,92.1331,62.2629,36.2874,79.3003,13.6733
5550,65.0494,130.657,92.8835,60.0564,37.4944,78.0036,13.7154
5580,63.5089,131.261,92.4575,62.0896,35.7221,76.0158,13.5909
5610,64.9552,129.956,94.8931,60.1102,36.9273,78.3302,13.1379
5640,63.6391,130.798,93.5122,60.8029,36.7774,75.8193,13.3762
5670,64.1012,128.536,91.8179,63.3865,36.8849,79.7324,13.5478
5700,65.5114,126.687,90.7874,63.0845,36.2313,78.4103,13.3981
5730,66.0493,128.359,91.6973,60.8038,36.995,77.1547,13.6541
5760,65.5858,131.272,93.8841,61.3649,36.9217,79.2453,13.8053
5790,64.51,125.45,93.4566,62.4289,37.1284,76.7981,13.7168
5820,65.82,127.297,92.5264,61.4042,37.2895,79.147,14.0185
5850,65.1744,131.825,93.1425,63.0728,37.6385,78.0614,14.6424
5880,66.0657,127.321,94.7877,60.5642,37.5761,80.1485,14.986
5910,65.7731,129.658,91.5319,61.3216,34.5427,80.534,15.7451
