Time,FC,PAS,PAM,PAD,temp,SpO2,FR
-1,130,74,52,44,35.2642,93,27
0,143,81.4,57.2,44,34.7705,93,29.7
30,139.645,80.414,56.9476,44,34.2768,93,29.3774
60,139.841,82.0801,58.1925,44,33.7831,93,29.5052
90,141.831,81.864,56.1378,44,33.2894,93,30.1977
120,145.584,82.1973,58.236,44,32.7957,93,30.0077
150,142.024,80.1694,57.9099,44,32.302,93,29.5848
180,146.361,82.7017,57.7124,44,31.8083,93,29.9721
210,144.177,81.8934,56.7749,44,31.3146,93,29.2494
240,145.72,81.5219,58.0853,44,30.8209,93,29.7394
270,145.461,81.9014,56.4091,44,30.3272,93,29.0618
300,142.397,79.6296,56.5331,44,29.8335,93,29.0435
330,143.617,79.5054,58.2775,44,29.3398,93,29.6135
360,160.57,79.6985,61.7807,44,28.8461,93,29.3397
390,157.337,81.2981,63.8465,44,28.3524,93,29.7714
420,145.379,80.7044,56.2627,44,28.6613,93,30.2521
450,140.17,82.5376,59.6987,43.8218,28.4178,90.6915,29.4178
480,143.518,81.2446,59.0957,42.6857,28.5137,91.5945,30.1455
510,141.784,80.2375,57.3581,43.6921,29.491,101.244,30.0748
540,142.547,80.8951,57.8031,43.7758,30.2773,96.0634,29.6471
570,141.111,64.7353,45.5065,33.9771,29.4704,91.5831,27.937
600,139.161,64.016,45.7386,36.883,29.61,88.8327,27.604
630,138.299,64.0232,48.1664,33.4548,30.2126,84.2362,26.9442
660,138.249,68.872,44.6497,34.6272,31.5355,83.4655,26.1393
690,135.831,67.8199,44.0566,35.1848,31.4465,76.907,26.6401
720,186.599,33.1355,43.8919,20.8697,31.071,72.8899,24.3984
750,187.435,30.3528,44.2989,19.6553,31.4513,84.2659,24.5164
780,183.602,31.8894,47.3242,20.859,31.8437,85.0146,24.077
810,181.824,30.2075,46.9409,22.0563,33.0092,76.8737,22.2914
840,184.109,47.3892,42.4849,21.3444,32.6054,75.6008,22.7982
870,179.386,46.6357,43.9579,22.0373,32.7367,69.2308,21.7514
900,179.968,45.1959,47.3506,22.0247,34.0383,66.4632,22.7855
930,185.452,49.0563,45.0376,21.6126,34.5093,63.9254,21.1162
960,185.034,50.0474,57.3859,30.6466,34.5499,61.452,22.217
990,183.1,47.9857,55.1486,29.4989,34.1764,56.835,22.0515
1020,181.312,48.7906,56.6235,28.904,34.5069,53.6567,21.7943
1050,182.941,46.7523,57.3094,30.9882,34.7563,49.9027,21.9357
1080,179.779,47.5963,59.3305,28.5138,36.3532,44.5858,21.8295
1110,185.534,45.0618,55.6785,29.1298,36.4969,39.2302,23.0648
1140,185.757,45.852,55.9679,29.2408,36.2594,38.6,22.2303
1170,186.857,47.2752,60.2605,29.5959,35.9635,32.5834,21.8244
1200,185.937,49.82,54.5915,29.238,36.1619,30.5237,21.7042
1230,126.154,68.2583,60.5439,39.1286,37.1962,24.7969,21.9787
1260,122.323,60.9839,47.9877,34.1152,36.6208,20.7872,22.9378
1290,109.7,55.4102,31.8949,31.2491,37.4218,16.1906,21.9221
1320,109.854,56.925,35.6175,34.3837,36.9654,74.4996,22.9654
1350,107.1,57.7535,34.3599,34.1661,36.9752,72.3662,22.3425
1380,106.78,55.1202,32.0253,32.9223,36.2461,74.6655,22.438
1410,108.987,58.1069,33.8977,32.331,38.5015,75.8413,22.0625
1440,107.893,54.0057,32.4592,34.0119,36.1775,74.9522,22.016
1470,109.936,55.397,32.2871,31.6346,36.2282,74.2227,22.6351
1500,106.956,55.5043,34.9835,33.4954,37.7486,79.6098,22.3626
1530,115.91,56.3849,48.5622,33.7355,36.9224,80.4623,21.741
1560,114.69,56.9111,46.3708,31.7677,37.2201,78.0182,21.6751
1590,116.732,55.3888,47.8183,32.5223,38.0557,79.6543,21.5122
1620,110.451,49.2878,41.7114,31.6942,36.5513,78.8377,22.0241
1650,116.564,49.175,44.8496,27.6835,36.3525,80.643,23.8823
1680,116.567,48.2781,45.0575,27.8625,37.278,80.5522,24.3436
1710,117.494,50.0569,44.1625,27.282,36.0034,78.7869,24.1856
1740,116.774,49.3221,45.3056,28.0436,37.3159,78.1556,23.8089
1770,141.525,61.9393,55.4255,28.1186,36.9672,81.2813,29.2298
1800,124.038,53.8965,44.034,28.9436,38.1005,80.3624,28.8325
1830,123.051,51.5874,45.4937,28.6065,37.5059,78.908,29.2327
1860,122.528,51.4042,44.2753,26.7428,36.8084,78.8815,29.3077
1890,122.676,51.8336,44.776,28.2189,37.2561,77.8985,29.1337
1920,124.088,53.1918,44.8555,26.9945,36.2453,78.6488,29.3967
1950,122.244,56.0659,45.8665,27.5534,36.9551,80.9081,28.834
1980,121.939,52.4192,44.8318,27.4183,38.2706,81.1807,28.8373
2010,124.67,53.4231,46.6844,28.5812,36.6715,81.749,29.1145
2040,122.886,54.2083,46.67,28.8864,36.8698,83.808,29.4385
2070,121.689,52.1454,44.785,29.2034,36.5171,80.7745,29.0357
2100,123.691,53.0147,46.768,27.6911,37.2765,83.5962,28.8227
2130,122.645,53.0025,47.055,26.2974,36.1578,83.3404,29.3689
2160,123.681,52.6781,46.063,27.2759,36.6659,81.7888,29.1534
2190,123.147,54.1602,45.2855,28.7641,37.9201,81.4012,29.2226
2220,124.315,56.3878,43.782,26.1738,38.1209,81.3597,28.8814
2250,121.755,50.8394,44.5361,27.7403,36.9279,82.0147,29.3232
2280,121.975,56.1628,43.8132,28.3003,36.1914,81.4736,29.2676
2310,124.515,54.4633,45.3603,29.1733,36.5425,83.1363,29.4853
2340,123.383,54.4059,47.6661,27.5892,36.0388,83.7251,29.0365
2370,122.001,56.1305,47.1727,26.9581,36.8256,80.626,29.4211
2400,121.747,51.4561,45.6184,27.0117,37.2938,85.2977,29.0192
2430,122.55,53.2345,44.5184,27.5777,36.6586,82.5052,29.2078
2460,122.792,53.0336,43.5749,28.5855,37.3642,81.1536,29.2629
2490,123.433,56.6415,47.4316,27.2217,37.1548,81.6043,28.9073
2520,121.679,55.0706,45.5648,27.895,36.7313,85.0101,29.3141
2550,124.372,51.7498,44.1385,29.2839,37.873,83.201,28.9888
2580,124.609,54.202,43.6227,27.7495,35.8712,81.3722,29.3985
2610,122.041,51.365,44.1552,27.2323,35.8467,83.3806,28.7968
2640,121.867,51.2269,46.0617,27.9754,36.98,82.0083,29.0442
2670,123.726,53.5449,44.7918,28.2682,36.6765,85.35,29.5009
2700,122.929,50.9402,45.4136,28.5339,36.5261,83.3205,29.0103
2730,123.853,55.1315,46.4897,28.7433,35.7134,84.8338,28.9088
2760,122.603,53.6329,46.9068,29.137,36.9559,81.9813,29.259
2790,123.267,54.3988,44.8792,28.0939,36.3352,83.3318,29.4419
2820,122.465,50.9019,46.2496,27.8205,36.3992,84.8495,29.0023
2850,124.461,54.1088,44.1647,26.1854,38.2115,81.9088,28.8499
2880,123.016,51.1724,43.8709,27.7055,35.6467,81.2855,29.2487
2910,124.579,53.5706,44.7887,27.5162,37.5757,82.1497,28.7312
2940,124.185,56.4623,46.0217,27.6877,35.5908,84.612,30.1156
2970,145.967,65.5908,53.1526,28.7844,36.9062,85.2201,32.7483
3000,145.197,65.92,56.711,27.7562,37.0159,81.2938,33.2411
3030,146.674,62.488,55.8845,26.6559,36.7155,81.4755,33.6517
3060,149.527,64.3798,55.0596,26.0939,35.2154,80.5849,34.2663
3090,148.598,60.5126,56.4938,26.5813,36.5041,83.1735,35.3923
3120,151.562,62.6008,53.7269,26.189,35.7557,81.9917,36.1301
3150,152.799,65.9697,57.2518,29.1737,36.468,85.0775,36.7748
3180,154.492,62.52,56.5409,29.3194,37.2509,85.4091,37.4051
3210,155.667,64.7907,52.965,26.6734,36.4736,84.9571,37.4755
3240,157.025,60.4293,53.9338,26.9737,36.184,81.1132,37.9162
3270,156.709,60.5587,56.7715,27.2752,36.5215,81.6353,38.5393
3300,156.916,60.2246,52.7679,28.8215,37.9968,84.0655,39.0273
3330,159.911,64.1671,56.5131,26.7465,36.5081,82.8496,38.5782
3360,159.937,64.0396,54.4838,26.3762,36.079,81.3954,38.9525
3390,159.126,60.2748,52.7814,28.7633,36.8233,84.9702,38.3968
3420,156.595,65.0015,56.2097,26.3377,37.3169,81.436,38.0486
3450,167.998,67.2038,59.9249,27.6321,35.9698,77.3652,40.1689
3480,168.888,63.4727,57.9092,26.4449,36.663,75.054,39.3478
3510,166.286,68.1706,60.5812,27.4098,36.4128,70.0321,38.7432
3540,165.462,64.8199,58.4485,27.8763,36.7075,65.1159,37.7358
3570,164.936,68.2335,58.7489,27.3233,35.1424,64.2782,37.7153
3600,161.16,68.2968,56.9541,28.6836,37.0248,62.6887,36.8387
3630,161.683,67.934,57.5205,28.9811,37.0873,55.9952,35.6151
3660,160.981,66.7471,59.9214,28.6828,37.9,55.8469,35.2299
3690,158.938,64.8854,56.9322,28.8414,36.7162,52.5713,34.3261
3720,156.944,68.2308,57.884,29.0116,36.4777,48.9095,33.4726
3750,157.2,68.4848,57.7882,28.164,36.6087,46.6008,32.6976
3780,154.124,66.9515,57.3789,29.2204,37.4684,42.3357,32.4775
3810,154.797,67.5012,60.7206,28.4443,36.7847,37.2095,33.0181
3840,155.849,66.4818,59.5304,27.2253,36.7944,36.7079,32.8979
3870,154.801,63.6654,57.8237,28.9135,36.0217,30.9239,32.7825
3900,156.556,65.9042,58.5088,27.0802,35.7262,28.7215,32.8661
3930,156.665,65.7229,57.999,26.7761,36.1208,23.5086,32.898
3960,154.444,67.8716,57.3733,29.1725,36.4728,22.9666,30.5473
3990,156.935,68.7104,57.8917,27.5859,35.6,21.7605,30.9217
4020,156.85,66.1134,57.6488,27.1482,36.7873,22.2694,30.5478
4050,157.221,65.3008,59.5794,26.5657,37.5021,22.2538,30.2837
4080,155.083,68.6234,61.1219,27.6316,36.9285,22.574,30.7273
4110,155.192,68.9805,61.5618,27.524,37.2241,20.4089,30.4308
4140,155.395,65.3426,59.4055,29.4805,37.2337,21.4732,30.9405
4170,156.53,68.5019,61.4531,28.4218,37.083,23.8925,30.8782
4200,156.231,66.8617,58.0979,27.4029,36.6801,28.9943,30.5953
4230,156.985,69.0121,60.7673,26.996,36.5229,30.3827,30.5387
4260,155.125,69.1031,58.55,26.8594,36.6759,32.2015,30.4133
4290,155.513,63.6326,60.8933,29.2659,37.2689,39.0181,30.6728
4320,154.285,68.5676,61.0383,26.6102,37.8331,42.2503,30.8609
4350,156.467,65.6252,61.555,28.462,36.3232,43.3775,30.8517
4380,155.303,65.3222,61.3353,28.9678,38.3203,52.055,30.5701
4410,154.051,68.4278,58.4538,29.0917,37.1762,52.6944,30.6186
4440,156.637,64.8591,59.7581,28.3647,35.0935,56.628,30.9009
4470,155.603,65.7212,59.2534,29.2009,37.1664,61.5523,30.4412
4500,156.564,66.7652,57.3824,28.5765,35.8369,62.7251,30.7171
4530,156.841,65.6157,59.0365,26.891,36.7567,69.3799,30.3478
4560,157.287,64.9012,60.4661,26.2855,35.6806,74.0687,30.947
4590,155.65,65.278,60.4226,27.2659,36.8369,76.4092,30.7064
4620,156.952,66.8908,58.3379,27.6891,36.5024,77.5731,30.6383
4650,156.27,65.9944,60.2143,29.5933,35.7636,81.7793,30.4186
4680,155.905,68.4194,58.2671,29.431,36.6841,89.056,30.6354
4710,155.232,66.6181,60.6645,26.6462,36.9992,92.367,30.8807
4740,156.981,69.098,58.1828,27.9094,35.714,97.5306,31.0424
4770,156.134,67.3819,61.4289,29.0697,34.8799,96.6705,30.7295
4800,156.932,65.0767,59.5256,29.1068,36.0016,98.0646,30.838
4830,156.799,64.1017,60.9962,28.6587,36.6167,98.9483,30.5367
4860,155.684,67.6773,60.9275,28.9058,38.0281,100.299,30.7324
4890,155.582,67.8014,59.0926,27.8162,37.0744,96.8213,30.8071
4920,156.382,66.9632,59.5447,26.36,38.0198,100.374,30.8734
4950,156.995,67.8,59.9667,27.4508,36.9719,100.052,30.031
4980,124.743,53.7633,48.1033,28.3004,36.0091,97.5244,30.1497
5010,122.518,54.1502,47.3944,28.9142,35.7021,98.8544,30.1041
5040,122.486,50.4604,49.6781,29.3117,37.5601,99.8269,30.0885
5070,123.484,51.3534,46.6076,27.9177,36.6633,97.6538,30.1094
5100,123.967,54.8277,47.7775,29.0571,36.0166,99.9996,29.4848
5130,123.386,50.7741,49.4852,27.3932,36.2102,93.6533,29.832
5160,123.504,50.7304,47.5259,26.6792,36.1765,97.487,29.4653
5190,123.166,51.1354,48.1407,27.3169,36.1809,93.5784,29.819
5220,124.127,53.9516,47.1385,27.9634,37.0701,95.568,29.8666
5250,122.663,52.751,49.671,27.9633,36.152,97.7161,29.4631
5280,116.182,49.9788,44.7565,28.9421,35.7749,96.8315,23.5064
5310,116.627,49.7584,48.3251,26.9558,35.1878,96.2106,23.4713
5340,118.26,53.5472,44.654,29.5129,37.8368,95.182,23.0267
5370,116.086,49.8678,46.6344,28.8098,36.5482,96.6309,23.3999
5400,118.923,53.3036,45.5966,27.379,35.0548,97.7013,23.2281
5430,117.379,53.4538,46.5922,28.0622,35.2569,93.5105,23.6585
5460,116.503,49.3559,47.8264,26.7397,36.873,93.8286,23.0012
5490,117.946,52.4095,47.7772,26.2612,36.1917,95.4616,23.1981
5520,117.459,52.9367,47.1266,28.0149,37.4403,96.8786,23.3404
5550,117.72,50.0761,48.807,28.442,35.7628,95.2055,23.6018
5580,117.122,49.7441,48.5844,27.2375,35.7329,90.4429,23.1493
5610,118.836,48.6762,45.5295,26.9082,36.9925,91.1951,23.0923
5640,118.018,48.6787,47.3987,28.1385,36.5467,88.876,23.1896
5670,118.896,54.0702,48.4591,27.4882,35.3188,89.5734,23.388
5700,118.516,48.7773,48.0404,26.9058,35.0177,90.9326,23.1334
5730,117.163,52.1574,45.9969,29.0686,36.6341,93.6809,23.0954
5760,119.525,52.0296,47.0698,28.0683,35.6593,92.9113,23.8728
5790,118.631,52.4998,45.8971,28.4599,35.3928,89.7947,23.7778
5820,118.655,54.0547,48.7479,28.6834,35.2494,93.2337,24.2264
5850,117.115,49.443,45.1088,27.5508,36.3683,91.1553,25.4947
5880,108.038,48.6526,40.913,28.9193,35.8413,92.6774,22.3888
5910,116.58,61.0735,51.6866,37.3316,37.0512,92.7548,23.8904
5940,122.914,69.1357,51.3625,39.8485,35.5694,90.6061,23.9182
5970,123.679,67.4764,50.2715,38.9277,36.9522,92.1166,24.7782
6000,125.457,70.891,52.4372,38.0231,36.0205,92.21,25.4635
6030,126.216,67.3583,48.4437,37.1028,36.4599,90.2249,26.3629
6060,126.721,70.3902,49.2185,38.3119,36.2034,92.2965,27.0968
6090,129.54,65.4407,52.1945,37.9246,37.0552,92.3202,28.3566
6120,129.425,68.3556,49.3667,38.8648,36.4174,93.1399,29.2212
6150,128.879,69.7537,48.7126,38.5769,35.9744,90.0527,28.6666
6180,128.974,65.351,50.5068,38.862,35.6238,86.794,28.4337
6210,129.167,69.6176,51.9008,36.9835,35.6727,83.7284,28.0648
6240,130.764,66.2424,49.8633,37.3528,34.6975,76.4573,27.1168
6270,129.44,66.6912,51.8336,38.2262,36.6287,74.6137,26.9067
6300,127.637,65.1532,49.8824,37.4129,35.0592,72.1444,25.96
6330,127.593,68.2656,49.9192,37.4879,36.7819,70.0892,25.9011
6360,124.912,67.2175,48.8942,38.5329,35.8601,65.8231,24.8659
6390,124.054,68.9701,51.8701,37.0732,35.558,62.581,24.7647
6420,122.151,66.6242,49.1455,38.1651,36.9883,58.3895,23.7855
6450,121.43,65.8431,51.433,38.0057,36.5657,52.981,23.5743
6480,119.167,68.0596,50.4199,38.5304,36.52,52.3799,22.5381
6510,122.363,71.5177,51.0217,37.5991,34.8084,45.6182,22.2679
