Time,FC,PAS,PAM,PAD,temp,SpO2,FR
-1,100,203,146,105,36.5829,97,17
0,110,223.3,160.6,105,36.0708,97,18.7
30,112.54,219.001,162.73,105,35.5586,97,18.6041
60,110.345,223.58,162.33,105,35.0464,97,18.8295
90,108.43,224.519,163.523,105,34.5343,97,19.065
120,108.918,221.91,161.335,105,34.0221,97,18.6998
150,111.349,220.09,156.957,105,33.51,97,18.3722
180,109.497,219.14,158.7,105,32.9978,97,19.0304
210,110.391,226.76,159.632,105,32.4856,97,18.5633
240,112.338,219.47,164.309,105,31.9735,97,18.8188
270,110.998,226.19,156.614,105,31.4613,97,19.0767
300,111.501,226.358,157.52,105,30.9492,97,18.4943
330,112.567,219,159.849,105,30.437,97,18.8436
360,118.977,227.305,176.3,105,29.9248,97,18.6129
390,122.998,218.538,177.089,105,29.4127,97,18.2517
420,120.748,223.804,178.82,105,30.0449,97,18.987
450,121.441,226.567,179.031,106.05,30.9777,97.97,18.8239
480,110.721,223.173,164.062,105.41,31.4614,96.0883,18.9921
510,112.251,228.535,163.945,106.312,31.8386,100.21,19.0728
540,111.041,230.834,164.541,104.479,33.2613,99.944,18.2496
570,107.486,173.817,130.063,87.7794,33.6422,98.538,18.027
600,107.696,184.65,130.751,82.5504,33.6565,91.9007,17.2087
630,109.931,183.345,130.618,84.0279,33.964,92.9159,16.6943
660,107.757,181.679,132.88,85.2681,35.0464,87.1235,16.9645
690,105.683,176.061,129.554,82.2548,35.3734,84.2829,16.2622
720,99.68,146.929,109.503,72.6804,36.0031,84.0006,15.9896
750,89.815,148.195,70.6816,73.4739,36.5166,79.3647,15.5531
780,88.4335,151.126,72.2792,72.0915,37.5046,90.306,14.7501
810,87.5349,153.051,76.3603,73.12,38.1711,88.3225,14.4679
840,81.0942,153.817,73.2229,93.4203,37.3981,84.5866,14.3812
870,85.9321,154.511,74.4206,92.4165,36.8152,82.3435,13.7683
900,80.7371,154.138,106.443,92.345,38.7717,81.9387,13.7778
930,82.6499,148.356,102.165,91.2117,38.0839,77.5329,13.6834
960,79.9446,192.603,108.067,93.3526,37.8942,81.5458,13.7891
990,87.7484,188.968,141.982,91.116,38.2909,79.2466,13.3655
1020,90.9912,187.428,134.538,94.2007,38.3934,74.2174,13.6688
1050,87.5626,195.228,135.048,94.3369,37.1397,70.5461,13.9249
1080,85.1385,163.792,115.098,79.4788,38.3157,71.282,13.2272
1110,87.6154,180.324,129.011,79.4481,37.3345,65.3379,15.0406
1140,91.7746,173.605,127.496,80.5929,37.8289,62.735,14.8485
1170,87.6565,179.423,128.543,79.3224,38.2117,60.9473,14.6434
1200,90.8716,178.974,129.024,77.9544,37.786,58.7916,14.2681
1230,106.58,215.283,156.52,77.6395,37.8697,56.5369,18.2243
1260,94.6748,181.641,152.04,78.684,37.4766,55.6073,17.6633
1290,95.0515,174.245,153.959,80.7225,37.205,49.7444,17.8021
1320,95.4612,179.906,153.335,78.5826,38.0452,49.6666,18.1247
1350,85.1006,165.152,125.605,76.6666,37.7513,48.804,13.8266
1380,84.4509,163.919,121.217,78.8214,38.2561,48.9656,13.4482
1410,109.139,204.251,154.535,79.5438,37.6927,50.1625,17.5142
1440,116.349,226.703,164.86,77.5818,37.7945,53.1507,19.3558
1470,116.337,230.966,174.055,76.2899,37.1412,50.8067,19.5124
1500,119.387,234.694,173.805,78.3769,37.5364,53.2463,20.2794
1530,93.6922,185.366,146.282,76.1345,37.2695,50.4989,16.3181
1560,97.127,192.76,139.383,76.8031,37.655,50.0833,16.0842
1590,98.8192,187.109,139.207,81.049,37.7909,52.8017,16.6184
1620,97.1998,187.665,138.774,77.0009,38.479,52.4982,16.2638
1650,80.6138,164.114,121.775,77.5437,38.3081,51.7683,13.5269
1680,77.5981,164.708,123.604,79.3504,38.1419,50.0071,13.7008
1710,78.407,159.378,116.604,76.2334,38.1776,51.0699,13.905
1740,79.0589,156.516,123.558,80.684,37.7871,49.7854,13.0209
1770,80.1258,163.823,120.904,79.4999,37.8803,50.5189,13.8618
1800,87.9197,179.878,128.92,78.1721,38.3011,50.3375,14.4112
1830,71.2606,139.113,108.167,79.6798,38.4779,49.2696,15.0771
1860,72.0474,138.947,107.349,80.9307,37.9691,52.5978,15.1512
1890,69.1693,143.509,108.732,79.3558,38.0526,51.9082,14.6522
1920,69.838,143.456,102.941,79.7896,37.9821,51.4931,14.4906
1950,71.0783,141.926,102.234,76.3804,36.9346,53.8387,15.1037
1980,68.2944,144.874,105.268,79.9357,37.3769,50.1515,15.0158
2010,68.1616,144.046,105.138,77.3175,37.975,50.8316,15.2145
2040,70.4943,144.024,102.311,79.9275,37.9498,51.0453,14.808
2070,70.2647,143.559,105.972,80.8063,37.6102,52.6478,15.3074
2100,71.8645,141.389,107.436,79.7767,37.7244,50.1989,14.8071
2130,89.7167,170,124.989,76.0393,37.1047,52.0132,14.8039
2160,89.7315,175.755,125.049,78.0806,38.0301,50.5119,14.688
2190,86.6991,172.784,129.142,80.536,37.4548,49.8293,15.2909
2220,89.8551,174.906,130.51,79.3796,37.4338,51.3663,14.8957
2250,84.163,172.802,131.089,76.0998,36.6053,53.5646,14.5837
2280,85.5611,170.781,126.339,77.3285,37.2034,51.0206,15.175
2310,84.5833,172.727,130.817,79.1332,37.0226,50.7812,14.9884
2340,88.2627,170.6,125.726,79.7852,37.0087,53.6507,14.8972
2370,88.2339,169.487,130.156,80.1024,38.3155,51.479,15.3184
2400,89.8962,169.549,131.185,77.4717,37.9816,49.4606,15.0649
2430,84.7676,170.301,125.354,77.4536,36.564,53.6155,15.388
2460,85.671,168.056,126.64,76.1468,37.6815,51.551,15.2695
2490,89.3945,169.913,124.665,79.3597,37.7903,52.8834,14.951
2520,88.0609,167.977,125.632,79.6455,37.4704,53.9656,15.4839
2550,85.9918,165.817,128.263,78.6784,37.2269,52.23,15.3057
2580,86.6887,171.399,129.628,80.0701,37.76,53.6677,15.3211
2610,86.1295,169.952,128.657,77.5297,37.8142,52.0702,15.4427
2640,86.7531,169.341,126.802,76.9124,37.3841,51.5881,15.3827
2670,84.367,170.726,131.257,78.3301,37.2441,50.543,15.4642
2700,89.2748,175.589,130.346,77.912,37.0946,50.7895,14.6833
2730,79.0939,157.477,123.696,78.5996,37.4809,51.2406,13.8121
2760,86.059,192.52,141.282,92.8177,36.9347,54.0328,13.465
2790,94.4399,186.571,143.03,93.3115,38.0208,52.4205,14.1921
2820,92.494,191.719,138.203,89.7819,37.8002,54.1087,14.8166
2850,92.2953,184.903,142.313,89.9696,37.3076,52.3388,15.3564
2880,92.9666,182.15,140.811,91.0775,36.3635,50.3458,15.3212
2910,95.1618,184.284,139.2,89.4498,37.5248,50.2437,15.4976
2940,97.6126,191.897,140.686,93.4604,37.7068,53.1441,15.984
2970,98.6145,191.495,143.957,92.4386,36.4649,52.0826,16.2327
3000,100.112,185.252,144.028,92.6042,36.7438,51.218,16.8625
3030,99.0053,190.228,142.272,91.8304,37.8127,49.3036,17.7846
3060,101.357,185.575,145.264,88.9006,36.4036,51.6446,17.4226
3090,104.484,186.389,138.911,90.6774,36.4235,49.8847,17.9586
3120,100.606,191.159,138.777,92.8994,37.9812,49.85,18.4084
3150,100.682,189.084,145.012,91.002,36.5624,52.28,17.9434
3180,99.6359,190.273,136.372,91.137,37.8419,54.1544,18.413
3210,104.572,188.606,142.466,92.5781,37.7022,52.667,17.6877
3240,103.346,184.221,140.219,88.7695,37.7315,50.0289,17.9895
3270,103.179,193.304,142.571,93.3865,36.3291,47.9158,17.4867
