Time,FC,PAS,PAM,PAD,temp,SpO2,FR
-1,110,131,93,80,36.8353,98,22
0,121,144.1,102.3,80,36.3196,98,24.2
30,123.374,140.634,102.291,80,35.8039,98,24.5082
60,118.353,143.155,100.29,80,35.2882,98,24.747
90,119.748,143.266,104.406,80,34.7725,98,24.5448
120,118.106,144.24,101.295,80,34.2568,98,24.6467
150,123.497,142.428,101.592,80,33.7411,98,24.4009
180,121.651,141.767,103.241,80,33.2254,98,24.6272
210,123.181,142.449,100.883,80,32.7098,98,24.4091
240,123.539,144.373,100.039,80,32.1941,98,24.4058
270,121.717,144.562,100.717,80,31.6784,98,24.3965
300,122.762,142.036,104.496,80,31.1627,98,23.853
330,122.929,145.168,101.729,80,30.647,98,24.317
360,132.433,144.934,114.347,80,30.1313,98,23.7322
390,131.802,144.13,113.242,80,29.6156,98,23.8306
420,123.903,147.38,103.619,80,29.9512,98,23.666
450,124.252,146.794,102.166,80.8,30.5864,98.98,24.7549
480,124.188,144.219,105.767,81.3739,31.6167,98.3098,24.0094
510,123.536,148.89,103.356,80.1179,31.7535,98.6145,24.9371
540,123.872,144.401,102.921,81.1695,31.8156,99.383,24.283
570,120.953,117.01,84.2765,64.9292,31.7646,96.1523,22.9062
600,121.249,113.497,80.9992,63.9404,32.3389,91.0778,22.9539
630,120.059,117.721,81.8327,63.0995,32.4266,89.9649,21.6638
660,116.436,116.274,80.0754,64.0112,32.443,89.2015,21.096
690,118.423,118.57,82.6044,66.108,33.1675,86.5203,21.5244
720,106.608,94.6721,74.6731,54.7066,33.0871,79.7237,20.5828
750,94.8145,100.573,42.7442,52.9009,33.7206,78.7354,20.2662
780,94.2505,99.5502,44.5809,52.574,34.423,96.8652,19.0667
810,98.2858,99.3084,46.5766,52.1194,34.7032,95.0569,19.497
840,94.126,95.5731,42.1752,52.2806,34.5018,91.4731,18.0237
870,95.735,96.754,42.1832,55.6035,35.5981,89.6764,17.4319
900,93.6706,98.7286,65.8397,68.9212,35.6373,87.1673,17.5671
930,95.2792,95.0912,66.5961,68.7657,36.981,84.1947,18.1228
960,95.3943,130.177,65.9886,71.9441,36.1549,83.7805,17.6761
990,97.0703,133.393,85.7529,69.1699,37.4615,79.7235,16.7215
1020,101.968,131.524,86.9541,70.3377,37.1505,80.5658,17.6323
1050,98.1177,133.607,87.0455,71.6365,37.0208,76.5279,17.8203
1080,88.5392,108.713,80.2235,61.1967,37.337,73.076,17.6582
1110,99.4542,120.639,84.6715,59.958,37.6964,70.2506,19.4279
1140,99.6009,118.208,84.7739,59.183,36.6276,68.8838,19.5441
1170,99.5555,117.811,84.0482,60.6997,37.0467,65.6842,19.1842
1200,99.0477,122.173,83.2955,59.5721,36.9247,62.1429,18.9411
1230,121.854,146.53,98.795,57.8918,37.0321,59.3611,23.3151
1260,103.099,124.027,85.4961,59.7542,38.086,58.2928,23.6367
1290,103.109,120.684,87.4133,59.7308,37.1386,56.8681,22.8858
1320,107.626,121.477,82.5496,58.2879,36.5562,56.4953,23.3181
1350,91.6949,111.952,73.0797,61.3981,37.1871,55.601,17.3037
1380,94.2516,110.261,76.3732,60.7846,36.5787,55.2296,17.6732
1410,116.571,143.79,96.4713,57.8087,37.9673,55.032,22.7161
1440,127.111,151.072,102.56,57.7342,36.623,53.5925,24.2844
1470,131.174,158.587,110.145,60.1676,37.2402,54.3737,25.3589
1500,135.514,158.318,108.733,60.589,36.7352,56.2192,25.3021
1530,108.126,131.57,90.8243,59.2846,37.6099,55.5029,20.5753
1560,109.656,129.996,86.6178,61.313,37.5238,54.685,19.9605
1590,111.182,126.402,87.1832,58.1675,37.7568,55.2174,20.9426
1620,107.932,128.178,88.2188,58.8719,36.2673,54.9275,20.0829
1650,91.2408,111.473,76.5034,60.3027,37.2832,57.4321,17.0682
1680,89.841,104.865,75.174,61.4645,37.4933,58.3097,17.7104
1710,90.3795,104.755,76.6144,58.7653,36.5551,55.3339,17.1742
1740,88.1137,108.309,73.3443,59.2361,37.8624,58.2259,17.5218
1770,93.8612,104.595,76.3244,58.6685,37.4536,57.3153,17.7772
1800,99.4376,116.565,79.9987,60.2453,36.7549,58.4448,19.2432
1830,78.0169,96.071,66.4556,59.6031,37.4108,57.1914,19.4475
1860,83.426,97.0389,65.0023,57.6007,36.6709,57.6632,18.9944
1890,79.2192,94.5702,64.5405,58.5955,36.9628,55.1058,19.1208
1920,78.9434,96.6831,66.212,59.8203,36.1704,57.8992,18.7568
1950,80.264,95.0551,68.1654,59.6831,36.4488,57.131,18.5263
1980,83.5435,92.0149,68.0503,61.2611,37.7624,55.6477,19.5935
2010,79.3581,97.9214,65.5168,59.8745,36.753,57.7539,19.4776
2040,83.2954,97.243,65.5628,58.2066,37.0919,54.4392,19.3465
2070,81.8808,96.459,63.3952,58.146,36.4747,59.1757,19.288
2100,80.8544,94.9991,67.3517,59.6007,37.1848,57.8698,18.9924
2130,98.8597,119.626,79.7129,61.3946,37.5926,58.6687,19.3559
2160,96.9444,116.567,79.7332,58.6682,36.646,58.7314,19.2487
2190,95.0083,119.104,78.6898,60.5367,37.0642,55.6945,19.7835
2220,100.699,114.233,80.7752,59.5163,37.3191,56.4697,18.7192
2250,97.8375,113.434,80.0434,58.1331,36.0603,58.9727,18.8407
2280,95.0789,118.4,81.1031,59.1472,36.5166,55.055,19.527
2310,99.7845,112.602,78.4159,60.9354,37.5349,56.4658,19.416
2340,98.5174,117.585,80.2716,59.7596,37.5448,55.2541,18.7663
2370,99.5323,116.928,77.9894,58.5674,37.1656,57.3427,19.1971
2400,100.356,116.406,80.408,61.3502,36.406,55.6932,19.1276
2430,99.4499,115.461,77.8858,59.7713,36.5588,55.7054,19.1895
2460,97.2854,117.601,77.6709,57.5555,36.4653,57.2572,19.379
2490,97.1219,118.113,80.8779,58.1054,36.4117,58.1319,19.1889
2520,95.7772,115.141,81.9325,57.7692,37.3895,56.4776,18.72
2550,96.5748,117.601,79.5748,57.6989,35.9197,56.8015,19.4248
2580,98.4248,118.106,77.7097,57.4958,36.5772,54.8343,18.7093
2610,100.392,117.481,80.6284,58.6606,36.5491,55.6887,19.2165
2640,100.175,112.849,82.0172,57.6523,36.404,57.9995,18.8188
2670,96.9258,114.031,78.2224,60.1011,37.2077,57.1198,19.5224
2700,94.8522,113.39,79.1671,59.9567,37.0726,56.2494,19.4196
2730,90.1129,109.085,75.2527,58.4517,35.8037,55.6209,17.4624
2760,102.367,127.405,83.2282,69.5428,36.4816,58.6181,17.5117
2790,98.4331,128.155,87.8979,68.8394,36.8119,58.5253,16.8353
2820,102.778,126.693,88.017,70.2084,36.2406,54.5923,17.2262
2850,100.719,126.897,89.1531,70.0381,37.0769,57.2171,17.952
2880,99.5862,129.899,86.5427,70.5238,36.0613,56.4319,17.2791
2910,105.019,125.798,88.9093,71.2966,37.0261,57.2272,17.3283
2940,103.485,126.854,86.0374,68.8844,36.9252,54.6238,17.0483
2970,101.363,124.452,86.2726,70.0215,36.3788,55.9207,17.3629
3000,103.373,130.35,85.3549,69.8252,36.7447,57.523,17.4772
3030,102.205,124.151,87.8806,67.7848,36.0307,57.2108,17.1308
3060,104.082,124.877,86.4689,71.3844,36.474,57.9659,17.4501
3090,106.27,129.525,86.6562,70.7722,37.0322,58.2325,17.5734
3120,107.339,124.449,88.5885,71.5395,35.3901,59.0593,17.7103
3150,110.297,128.102,89.7033,71.4739,36.6035,57.4304,17.0552
3180,106.771,125.183,85.3339,69.1886,36.0586,56.6362,17.38
3210,113.701,125.124,88.2942,69.8221,37.1993,54.4083,17.3223
3240,116.117,130.776,89.4939,69.5264,36.5298,56.3745,17.2201
