Time,FC,PAS,PAM,PAD,temp,SpO2,FR
-1,71,146,96,82,36.9105,98,14
0,78.1,160.6,105.6,82,36.3937,98,15.4
30,79.2249,157.641,105.002,82,35.877,98,15.3345
60,79.7357,158.168,104.711,82,35.3602,98,15.4273
90,79.5498,158.119,103.779,82,34.8435,98,15.431
120,77.9736,157.881,106.73,82,34.3268,98,15.4704
150,77.0293,158.977,107.111,82,33.81,98,15.6703
180,78.7868,161.494,108.142,82,33.2933,98,15.1068
210,78.0126,162.697,104.625,82,32.7765,98,15.4931
240,77.4939,159.175,107.242,82,32.2598,98,15.2589
270,76.3042,157.035,105.479,82,31.743,98,15.5617
300,77.4971,163.176,103.007,82,31.2263,98,15.6542
330,79.9849,158.325,105.297,82,30.7095,98,15.2343
360,84.4792,162.656,113.737,82,30.1928,98,15.397
390,84.2304,163.886,117.806,82,29.676,98,15.3276
420,76.7307,160.184,105.395,82,30.0422,98,15.0597
450,78.2289,162.579,108.649,82.82,30.7089,98.98,15.4308
480,79.5649,161.549,104.941,83.4922,31.2791,99.5593,15.6495
510,80.4797,165.42,107.778,83.5239,32.1189,97.5078,15.3476
540,77.977,159.264,104.788,81.8358,32.5125,97.1339,15.3725
570,76.0229,127.374,86.9614,65.2317,31.373,92.1488,14.9763
600,75.0825,129.665,85.4628,66.7648,31.6511,89.6944,14.2401
630,76.8977,127.002,85.0652,67.1246,32.0219,89.158,14.4756
660,75.3067,126.631,86.6694,66.8156,33.3137,85.9392,14.018
690,75.0899,129.85,86.9389,67.158,33.64,84.0817,13.7367
720,72.5418,118.349,72.4217,59.4427,33.8127,82.4501,13.437
750,63.4749,108.331,46.3277,57.8797,34.8535,76.2396,12.8413
780,62.9629,108.008,46.3577,57.086,35.0116,100.439,12.4914
810,61.2292,108.22,45.5469,57.7718,35.6879,97.2863,12.5862
840,63.0705,110.414,45.7639,55.8456,35.2938,94.9711,12.2512
870,59.9637,106.59,47.092,57.7548,35.3874,91.7857,11.5624
900,60.2374,142.676,46.5525,56.6462,36.6197,88.4444,12.0823
930,62.5727,145.272,50.7464,57.0977,37.3253,87.4231,11.9121
960,62.265,143.824,68.8057,73.958,37.5237,86.3548,11.5348
990,66.0834,144.052,92.306,73.115,37.3641,83.3223,11.0069
1020,64.235,147.55,89.5613,70.4035,37.7009,83.8221,10.9588
1050,64.9109,146.838,88.0858,72.1936,38.1291,80.6016,11.2865
1080,61.928,134.548,74.9498,65.7764,37.105,73.9193,11.6402
1110,65.7261,132.256,87.0586,59.7098,38.3025,74.4801,12.7443
1140,64.0731,138.006,88.0671,61.3856,38.5709,70.2703,12.5541
1170,65.4955,132.353,86.3994,59.4954,37.1154,69.6913,12.5357
1200,66.9895,134.627,83.2527,60.8524,37.3435,64.2414,12.6007
1230,79.7324,158.296,104.494,59.4956,37.5709,63.1502,14.944
1260,68.0003,146.467,91.6742,60.9184,36.9133,58.6331,15.5131
1290,67.2317,148.76,94.3257,61.6171,37.9693,56.9525,15.2943
1320,70.3082,153.552,92.6654,62.3688,37.7168,57.4866,14.9226
1350,61.3878,122.532,81.5414,60.5819,37.9011,58.2806,11.5562
1380,58.4291,126.183,80.2306,60.6093,36.7635,59.2062,11.8225
1410,74.9697,159.567,103.591,60.0014,36.8694,57.2948,15.0759
1440,84.1121,171.186,111.521,61.8562,37.5464,59.4392,16.097
1470,84.8836,171.926,115.441,62.9002,37.5856,58.2045,16.369
1500,85.4441,179.067,115.757,60.3373,38.1852,57.3447,16.6623
1530,71.7211,146.303,92.9057,59.4456,37.7428,56.6098,13.2806
1560,71.1088,141.765,91.095,61.491,38.1326,58.6144,13.2379
1590,69.5688,140.262,94.146,60.8943,36.8733,57.273,13.32
1620,70.973,143.913,93.7664,62.9939,37.4729,57.2791,13.2349
1650,59.7186,120.884,81.4488,60.5392,37.0595,57.4017,11.3704
1680,60.7603,117.368,79.3004,62.2008,37.5688,59.8696,11.1057
1710,58.8691,116.394,78.4541,62.6667,36.9801,57.0453,11.0817
1740,58.9581,117.446,78.8611,60.1297,38.0335,57.1355,11.0014
1770,58.6458,117.392,77.7033,62.5791,37.6315,57.4139,11.0004
1800,66.6548,129.332,86.103,63.1686,37.4578,57.495,12.4769
1830,50.2524,107.526,71.2286,61.9979,38.1415,58.8897,12.3474
1860,50.5439,105.083,70.1546,62.4045,37.8015,58.2695,11.9562
1890,52.1307,104.111,66.8542,59.6339,37.5446,59.0632,12.6562
1920,50.8433,105.864,66.4345,60.6644,38.0491,59.6064,12.1947
1950,51.6287,106.884,66.0984,62.3541,37.3426,61.4755,12.29
1980,51.6737,104.146,71.1713,62.7136,37.982,60.2547,12.4307
2010,52.3931,101.137,69.4179,61.0456,37.0494,60.4946,12.3746
2040,49.9944,102.826,68.6117,61.239,37.8144,59.3547,12.5993
2070,52.7459,101.851,66.9552,60.8861,37.8026,57.502,12.0858
2100,51.3341,101.877,69.3405,59.4254,37.1604,59.4977,12.6426
2130,63.2893,125.908,84.4579,60.2867,36.7398,57.4669,12.8229
2160,64.4146,131.053,83.0278,63.0586,36.4346,60.3267,12.6085
2190,61.6032,125.791,83.1003,62.9946,36.8323,58.8538,12.5319
2220,62.5041,128.429,84.2827,62.4487,37.4195,57.2321,12.9224
2250,62.4814,129.04,85.6001,62.5169,37.8269,58.0567,12.3341
2280,62.5463,127.069,85.758,59.6561,36.7065,56.8737,12.3178
2310,63.4739,129.809,84.1431,61.7757,36.1299,60.3786,12.6953
2340,63.1455,125.058,86.2495,62.3875,37.4927,58.4976,12.7074
2370,63.4089,127.405,83.755,62.6447,36.3231,57.4031,12.7672
2400,61.8588,126.964,85.368,61.0575,37.6176,59.0496,12.7093
2430,62.2236,127.722,84.8486,62.4387,36.5714,57.0651,12.5932
2460,62.6916,130.207,86.6784,62.5878,36.0531,60.7252,12.733
2490,64.4603,125.042,82.4293,60.6268,37.255,59.3938,12.42
2520,64.5281,129.15,85.9695,63.1754,36.2473,59.2463,12.5966
2550,65.1289,131.6,86.8001,60.0746,36.9809,59.5357,13.0398
2580,64.4742,128.829,83.9224,59.875,36.9156,58.4266,13.0305
2610,63.2517,124.926,84.9806,60.4588,36.6879,60.2638,12.7776
2640,61.4251,125.753,86.4772,62.7119,37.8165,59.8734,12.9005
2670,61.6784,124.873,83.406,59.4919,36.3295,57.6552,12.4986
2700,63.9675,129.794,83.84,61.2385,36.8211,60.0526,12.7977
2730,60.9903,116.43,80.4244,60.8863,36.41,57.7512,11.6064
2760,62.8436,133.484,91.9926,66.674,36.3733,57.6388,11.4141
2790,64.5644,142.4,91.4018,70.4099,35.9319,59.038,11.3578
2820,64.5019,141.062,93.4021,72.7895,36.6988,61.1668,11.3716
2850,67.2474,140.387,90.0704,72.545,36.9737,59.8575,11.2769
2880,67.0717,142.558,94.9128,70.9273,37.2445,58.0517,11.8917
2910,63.9139,139.423,92.3479,70.1139,36.2872,60.0564,11.5184
2940,65.0705,136.914,94.4432,71.2832,37.2535,58.9256,11.4261
2970,64.9431,138.545,93.6844,69.9482,37.4722,60.0612,11.91
3000,66.0865,138.261,90.8872,70.9825,36.0576,57.0238,11.8029
3030,67.6673,138.417,94.335,69.2972,37.2227,57.8448,11.344
3060,64.3449,143.036,93.7178,71.1154,35.8588,59.2192,11.8927
3090,67.3794,143.434,91.4953,70.0893,36.3229,61.3862,11.459
3120,65.0184,140.759,91.7422,72.8396,37.4925,59.0147,11.7021
3150,64.5811,139.992,90.545,69.8477,37.3527,61.1075,11.909
3180,66.8047,136.681,91.9455,72.8064,35.8057,56.8967,12.3193
3210,64.0941,140.118,91.1966,69.6151,36.6827,57.5809,12.3493
3240,66.4352,140.177,93.9956,70.0942,35.3347,58.2369,12.1842
