Time,FC,PAS,PAM,PAD,temp,SpO2,FR
-1,121,80,53,49,35.4899,90,25
0,133.1,88,58.3,49,34.993,90,27.5
30,135.214,86.0159,57.4325,49,34.4962,90,28.1758
60,131.061,87.4359,57.3571,49,33.9993,90,27.6564
90,132.369,86.7164,57.4263,49,33.5024,90,27.2009
120,132.387,89.3353,58.6833,49,33.0056,90,27.0929
150,134.524,86.1683,59.1381,49,32.5087,90,27.9098
180,131.78,87.4787,59.3089,49,32.0119,90,26.9529
210,133.07,86.9355,58.2211,49,31.515,90,27.7068
240,131.675,88.6338,59.3427,49,31.0182,90,27.3767
270,134.874,89.8019,57.4686,49,30.5213,90,27.5638
300,133.779,89.2068,58.6764,49,30.0244,90,27.0779
330,131.034,89.6396,58.5144,49,29.5276,90,27.6896
360,143.793,89.6334,65.3028,49,29.0307,90,27.02
390,144.614,89.444,65.0084,49,28.5339,90,27.2423
420,146.398,86.1604,57.4929,49,29.1386,90,27.2022
450,143.328,88.5276,58.8036,47.8183,30.0386,90.0166,27.9021
480,134.997,90.9502,57.2336,48.3764,30.1097,91.0229,26.7326
510,135.033,87.0334,59.2489,47.773,31.8651,101.382,27.0313
540,128.232,89.2348,56.7822,48.0047,30.8325,97.6182,26.2912
570,133.566,66.4382,47.3146,38.5576,31.2698,93.1774,26.4949
600,125.625,66.7341,46.6504,38.6314,32.2742,90.3651,25.6634
630,125.213,72.0824,47.5289,39.8948,32.3694,84.8186,25.265
660,127.884,70.5596,44.5936,39.492,33.3149,82.3385,24.6709
690,121.817,67.3105,46.3142,39.0657,34.4764,78.7297,24.24
720,122.699,55.0928,36.8168,36.4982,35.6394,74.8489,22.7137
750,107.864,63.4777,24.2071,33.6498,35.3679,69.5025,23.5756
780,106.457,56.6845,25.5474,31.7906,36.7035,87.686,22.1663
810,106.514,57.3849,26.2786,34.1398,37.2685,84.8883,21.6816
840,104.592,59.961,27.3581,33.5745,36.5882,80.0617,21.2574
870,101.301,59.476,25.419,33.9388,36.7958,75.8941,20.2802
900,100.784,56.8227,36.8922,41.8347,38.7286,74.7872,21.168
930,102.685,59.2009,37.7474,43.3859,37.8248,72.8047,21.7299
960,101.032,77.711,38.6368,42.3531,38.4543,71.3063,20.3001
990,108.386,79.5367,46.7178,43.9923,37.2877,69.4222,20.2315
1020,109.215,78.6792,46.7223,43.3803,36.9699,63.5023,20.3965
1050,108.559,80.2863,48.9905,42.4494,38.7218,58.2906,20.0844
1080,104.95,65.1661,38.6306,40.2434,38.1113,58.4428,20.0772
1110,109.555,73.6719,43.6713,35.7027,37.5695,55.4309,22.2103
1140,111.664,68.3217,43.6542,37.7935,38.1679,51.5057,21.9408
1170,110.873,70.7501,45.1547,36.5781,37.286,48.9598,21.8077
1200,108.964,73.7722,45.7982,35.1106,37.2695,43.0898,22.2951
1230,133.043,88.8974,57.3141,36.2726,38.755,37.5727,27.2778
1260,117.437,74.2345,45.871,36.919,36.4932,38.4092,27.1698
1290,114.297,75.3319,43.4299,35.8601,36.1344,32.3692,26.8936
1320,114.841,73.0797,44.0989,36.6986,38.2172,32.0688,26.8217
1350,116.357,73.8583,45.3819,36.5144,36.899,32.3653,26.6835
1380,114.372,72.9172,45.5059,35.05,37.6639,34.3,27.1737
1410,114.607,77.8111,46.8849,35.7692,36.273,35.4181,26.8929
1440,116.02,77.907,46.4374,35.4163,37.1855,34.4253,26.9688
1470,115.876,72.4528,46.6207,36.5955,37.2163,35.5017,27.2519
1500,115.618,73.8086,46.1593,34.9783,37.902,36.1837,27.384
1530,135.623,88.5208,54.1831,36.7269,36.9442,37.2435,29.1281
1560,136.672,89.1079,56.4054,36.6349,37.329,37.6636,29.0429
1590,134.393,89.767,53.1429,37.5328,36.7063,36.0984,29.1376
1620,136.895,87.2384,55.816,36.9745,35.8865,36.1284,29.0969
1650,137.425,89.6269,53.6606,35.031,36.6244,36.0551,29.0834
1680,136.784,86.4891,53.4436,37.3016,36.1895,34.2844,29.163
1710,137.262,85.9335,55.2464,35.274,37.0163,36.6468,29.2292
1740,136.005,86.2609,54.8195,36.7588,36.3982,33.8846,29.1723
1770,137.081,85.9869,56.1016,36.7259,36.2507,33.7402,28.792
1800,136.106,85.532,57.1702,35.1272,35.8976,36.6408,28.8521
1830,135.311,85.4303,54.5394,35.6068,35.7595,37.8678,29.3781
1860,135.064,86.3183,55.3952,37.7517,36.9755,36.0146,28.8933
1890,137.11,85.8127,56.9285,35.4697,37.8494,34.7286,28.816
1920,134.4,85.6962,54.1063,36.0199,37.4718,36.0315,29.2845
1950,134.172,89.6726,53.1339,35.9988,38.5259,34.5135,28.8954
1980,134.81,89.0033,53.9637,36.6955,37.2656,37.4134,28.9611
2010,145.064,94.6252,58.6034,36.3894,37.8315,36.3965,29.9439
2040,141.736,95.6132,57.0363,36.1177,37.8787,34.0845,29.986
2070,143.817,91.6101,57.2577,36.5359,36.1967,37.166,29.634
2100,142.511,96.3342,60.6644,36.9673,37.9398,33.3208,29.8909
2130,143.441,93.7871,57.2633,35.4371,37.3456,38.149,29.6725
2160,144.173,91.5415,60.043,36.4336,36.7666,35.0733,29.761
2190,142.316,94.0908,56.7,35.9018,36.8307,36.8445,29.6184
2220,144.709,94.7591,56.4809,36.788,36.1543,35.0202,29.4054
2250,143.816,94.0355,57.4366,34.9488,36.3142,35.5389,29.4973
2280,143.104,92.4038,59.4579,35.9525,35.7709,37.7744,29.7625
2310,144.049,90.6587,60.2641,37.3062,37.7982,34.0529,29.9512
2340,142.802,91.8682,58.2135,37.6142,36.9749,38.1282,30.0516
2370,142.996,92.0418,60.5931,37.5257,36.6778,33.6053,30.0582
2400,144.26,95.2432,57.6227,35.1977,36.9694,36.5467,29.7918
2430,142.454,93.883,58.0215,35.4015,36.2957,38.1395,29.7555
2460,144.397,93.0737,58.2579,35.2021,36.1164,33.4916,29.8268
2490,144.038,90.7092,58.555,35.5328,36.8225,34.078,29.5191
2520,146.679,94.0771,59.6018,35.7791,36.1833,37.6957,30.2909
2550,147.326,92.9807,58.7029,37.2586,36.6756,34.8888,30.0702
2580,147.26,95.8668,61.5757,37.3254,36.7732,35.4736,30.2636
2610,148.347,96.9464,58.7328,35.9219,36.4492,36.1117,30.2985
2640,148.136,96.6638,59.3055,36.4797,36.8396,35.6931,30.0045
2670,146.954,94.9914,59.4594,35.9413,37.3827,33.3395,29.9113
2700,146.819,95.9806,58.7342,36.9196,37.0583,36.2322,30.633
2730,147.312,95.6667,61.976,35.3435,35.7184,33.8811,31.4961
2760,146.609,93.6433,59.9776,35.8528,37.5046,37.4516,31.4635
2790,147.272,92.17,59.9699,35.9201,37.033,36.6466,32.1856
2820,146.19,96.1574,62.2372,37.6577,36.5099,35.418,32.5556
2850,146.301,93.0699,58.8878,36.0214,36.7139,34.5907,33.1913
2880,147.858,95.3618,60.2888,35.9025,36.4743,35.2066,33.7675
2910,147.007,96.0783,60.6802,35.8841,35.6571,36.0287,34.5647
2940,145.538,94.216,60.3717,36.5873,36.4239,35.9806,34.9448
2970,146.045,95.7391,61.5637,38.052,36.625,33.9625,35.8349
3000,147.715,95.1743,59.0165,36.0563,37.4429,35.8546,36.1208
3030,146.512,92.0117,61.9739,37.0344,35.9005,34.1159,36.6184
3060,148.196,95.4233,62.6962,37.7715,36.6069,34.1903,36.8998
3090,146.055,97.0536,61.998,36.0549,38.0483,33.6434,36.7622
3120,148.35,93.0483,62.6618,36.7935,36.8961,38.0827,36.3915
3150,149.389,96.2555,61.8239,37.8451,36.5209,34.4664,36.999
3180,150.622,92.9354,62.0084,35.6022,37.7077,37.6557,36.9863
3210,152.876,95.7832,59.3429,37.622,36.2812,35.0594,36.4278
3240,152.593,93.59,61.5157,35.9385,37.2103,34.8182,36.5254
3270,153.379,92.2069,59.1047,36.6699,37.1177,35.0773,36.7203
3300,155.256,92.7544,61.4558,35.9452,35.8048,33.8049,36.3218
3330,155.262,93.6463,62.0454,37.6804,35.8822,37.9161,36.3599
3360,156.072,95.4582,59.79,35.833,36.0763,34.2601,36.0708
3390,156.797,95.3789,59.0064,37.1864,37.1516,31.5105,35.2684
3420,156.657,96.7246,61.977,37.5498,36.7317,33.209,34.5692
3450,155.056,95.0665,60.2146,37.569,36.2612,32.2632,33.5187
3480,156.514,92.4459,60.0395,35.8046,37.1551,31.0598,32.9553
3510,158.47,98.0342,59.1224,36.4008,35.4623,30.3048,33.3623
3540,127.732,76.9957,50.8832,36.3653,36.4687,29.2028,33.1749
3570,123.396,74.8372,49.6595,37.684,36.1947,27.9775,32.3011
3600,123.306,74.6146,50.6673,35.6873,35.5935,24.5656,31.5121
3630,122.228,75.9484,51.1766,38.0299,37.0741,25.5727,30.9289
3660,120.813,77.4019,47.4968,35.3785,36.7728,27.0105,30.0041
3690,118.952,74.9156,48.2572,38.1326,35.9251,27.7429,29.0539
3720,119.422,74.5227,48.4642,36.852,37.3402,27.4172,29.2218
3750,118.839,78.1156,48.4368,38.1631,35.9864,32.7112,29.0606
3780,121.281,76.9594,48.0489,36.0979,37.4019,35.184,29.6969
3810,118.949,78.2957,51.4389,38.2408,35.3087,34.4056,29.3452
3840,113.233,73.3575,45.5357,36.9022,34.7017,40.5056,21.9549
3870,114,72.0528,47.0066,37.01,36.8475,41.793,21.8876
3900,113.129,76.373,48.0467,36.2924,36.4664,42.0537,21.7672
3930,111.414,72.6584,45.9949,36.0295,36.0649,46.4533,21.9392
3960,112.836,75.9157,49.5431,37.4376,37.4099,45.4419,22.2205
3990,114.087,74.0721,46.8989,36.1402,35.3348,50.0416,21.7651
4020,113.963,72.3966,47.5989,37.5483,36.7518,53.6857,22.1549
4050,110.914,71.483,49.55,37.4636,36.1489,51.8424,22.3012
4080,112.442,71.4362,48.0141,36.218,37.2268,53.8146,22.241
4110,111.395,73.6612,45.7389,37.2582,36.4637,59.6123,21.9223
4140,113.849,73.0085,45.9042,36.337,34.625,59.1276,21.7716
4170,110.956,76.8516,49.3658,36.2682,37.3841,63.4063,21.7434
4200,110.831,75.8554,47.3589,37.8859,36.2256,69.0734,22.1569
4230,114.011,75.5284,46.8837,36.3848,35.3999,72.8943,21.8683
4260,112.299,76.2224,48.2841,36.9203,37.2118,76.1835,22.3472
4290,112.946,74.7227,46.5646,36.0486,36.3071,77.9828,22.1098
4320,111.602,76.0716,47.5274,37.476,35.2317,81.506,21.8452
4350,113.763,75.5746,48.216,36.0503,36.6629,85.6512,21.8899
4380,111.468,72.3825,49.2739,35.4679,37.0248,91.305,22.0176
4410,111.31,72.7683,48.7542,37.5178,35.9538,91.5097,22.3741
4440,101.448,67.7466,43.0957,36.1121,36.3288,92.4312,18.6272
4470,106.208,73.9453,47.2481,40.3364,36.4971,89.8608,18.5709
4500,111.32,78.1875,50.5416,43.1737,36.7012,90.5605,18.4855
4530,108.653,78.3318,48.5627,43.4865,35.7804,93.4498,18.7655
4560,110.377,75.5301,48.1686,42.6423,36.8638,91.2977,18.2961
4590,111.918,75.2146,47.2622,42.6647,34.5746,87.3185,18.6343
4620,111.93,73.2447,49.1548,42.464,37.1658,86.4202,18.705
4650,110.464,75.4783,50.0408,42.9842,35.4552,89.1395,18.5415
4680,111.529,78.1704,47.8141,42.3487,36.6117,89.9587,18.5334
4710,111.597,77.9487,47.7981,43.8388,36.934,89.6662,18.7197
4740,110.159,74.1967,48.6199,42.1377,36.7999,87.3491,18.3534
4770,111.513,78.5124,47.1895,41.1557,36.3079,89.6392,18.2109
4800,110.392,78.2952,49.8881,41.8795,35.9448,90.7712,18.2523
4830,109.426,73.7219,47.8443,41.7967,37.1144,86.8876,18.0621
4860,108.892,76.1049,48.6838,44.1513,37.3598,88.3055,18.6534
4890,110.506,75.9026,50.7827,44.0439,35.7333,87.1796,18.5604
4920,110.114,78.1121,51.2927,43.8169,36.6148,87.084,18.4613
4950,108.568,75.3197,50.5763,42.9511,36.7509,89.3859,18.3574
4980,110.222,73.2484,48.9357,42.5694,37.2871,87.7122,18.2274
5010,109.813,74.0253,47.9972,42.8025,36.5999,87.4744,18.1882
5040,109.603,74.4133,47.4272,43.0489,35.2366,85.503,18.1658
5070,110.777,73.336,50.3734,41.1973,34.7374,86.7648,17.9832
