Time,FC,PAS,PAM,PAD,temp,SpO2,FR
-1,108,143,105,84,37.2032,98,20
0,118.8,157.3,115.5,84,36.6824,98,22
30,120.829,160.98,113.769,84,36.1615,98,21.5439
60,119.282,155.889,114.841,84,35.6407,98,21.772
90,117.624,157.347,116.305,84,35.1199,98,22.4087
120,116.644,154.596,117.108,84,34.599,98,22.3582
150,120.613,157.024,112.842,84,34.0782,98,21.796
180,117.36,158.708,114.249,84,33.5573,98,21.6018
210,119.045,160.822,115.255,84,33.0365,98,21.8535
240,117.136,159.619,117.647,84,32.5156,98,21.8372
270,120.17,156.798,115.541,84,31.9948,98,22.304
300,117.831,154.93,114.011,84,31.4739,98,21.5376
330,119.923,154.132,116.988,84,30.9531,98,21.5891
360,128.479,154.117,124.746,84,30.4323,98,22.0749
390,133.363,155.264,126.413,84,29.9114,98,22.1793
420,128.764,159.895,113.191,84,30.1477,98,21.9907
450,131.735,160.291,117.724,84.84,30.6855,98.98,22.4215
480,117.436,159.125,118.144,85.8651,31.1118,99.0819,22.4555
510,118.18,160.047,118.501,83.8777,31.4935,99.3621,21.9938
540,117.852,157.527,116.832,85.4863,30.8342,97.7812,21.578
570,116.868,126.729,95.8833,69.0372,31.9404,93.7596,21.1059
600,117.587,127.464,90.9849,69.1046,31.2744,92.6209,20.5127
630,118.835,123.118,94.8524,66.3048,32.2505,87.0573,20.1971
660,111.96,123.07,93.894,68.182,32.4402,88.017,20.24
690,111.512,129.754,95.2922,66.5909,32.1831,82.3167,19.7259
720,102.444,112.924,76.794,61.1813,33.197,80.2729,18.5168
750,94.975,103.063,53.158,56.5068,32.6791,76.4812,18.1899
780,94.3518,102.879,50.3999,55.4562,32.544,93.7644,17.5999
810,90.8147,104.024,51.8162,57.5506,33.6562,91.968,17.9844
840,90.5408,104.507,75.4669,56.7897,34.5538,90.8995,16.5856
870,88.6372,103.174,75.3092,56.1433,34.254,83.5393,16.0379
900,91.7849,135.06,74.022,76.2647,33.9555,84.752,16.4294
930,89.3207,136.025,73.3126,73.0381,35.305,82.1364,17.1234
960,91.4216,138.223,74.0116,72.3247,34.6787,83.2372,17.1479
990,93.7579,134.46,95.5173,73.309,34.7227,75.8276,16.9528
1020,95.9846,134.668,97.5417,74.1865,35.072,73.6434,16.8659
1050,94.1831,134.341,98.0072,75.6372,35.4335,70.6096,16.401
1080,84.977,124.365,84.5195,70.5518,36.114,69.4427,16.368
1110,97.533,127.848,93.9798,61.2784,36.1931,65.4974,18.3502
1140,96.0409,126.697,88.7485,61.7576,36.2516,64.8375,18.7054
1170,95.764,131.268,90.1293,64.6353,37.288,63.6135,18.7302
1200,93.2261,125.473,93.569,62.1964,36.4504,59.8803,18.2455
1230,117.322,152.005,111.428,63.51,37.3889,54.7139,22.7797
1260,99.334,123.947,103.536,64.0554,37.8442,51.5624,21.9396
1290,99.5825,126.87,106.745,64.0369,37.9567,47.817,22.6882
1320,102.544,119.844,105.021,64.3129,37.0419,49.3025,22.1219
1350,87.402,113.037,85.3801,61.2986,36.8768,52.1902,17.699
1380,85.6462,113.925,85.7112,61.672,37.6136,51.7605,16.8312
1410,113.308,146.097,106.408,64.2199,36.0959,51.932,22.0137
1440,125.131,165.622,116.243,62.4132,37.8408,51.8524,23.6859
1470,125.729,167.561,120.904,62.6914,36.6936,47.8641,24.7468
1500,129.981,173.718,120.63,64.3196,36.4441,47.9786,24.1625
1530,101.267,141.486,96.4898,63.667,37.783,48.779,20.0169
1560,107.248,134.8,96.7475,63.8304,37.7594,50.4151,19.5867
1590,106.927,137.127,98.1753,60.9261,36.9304,52.3464,20.0075
1620,106.59,141.617,96.6542,63.4799,37.5063,50.8572,19.994
1650,86.0305,118.579,84.8214,61.2679,36.7601,51.6656,17.5192
1680,86.1772,118.687,82.3319,62.3731,37.6103,50.8231,16.4956
1710,89.2023,111.711,81.827,64.1375,36.528,51.6872,17.3055
1740,89.0932,116.059,82.4571,63.8465,36.6896,50.981,16.7896
1770,85.3154,112.265,85.437,62.2084,37.0869,50.9623,16.8899
1800,92.6684,123.935,90.6986,62.9232,36.0227,51.9407,18.9924
1830,73.5024,99.1572,71.016,64.4841,36.2557,50.1677,18.7547
1860,77.1259,97.5679,73.9611,62.5433,36.8708,53.2632,18.1704
1890,73.4862,101.36,74.0029,61.9379,36.8532,50.9402,18.6914
1920,74.9399,97.4327,71.4963,62.1641,36.1829,50.8142,18.9377
1950,75.4526,98.7173,75.2166,62.086,36.4623,52.6994,18.2176
1980,77.3728,98.9002,75.9911,61.469,36.1231,50.9807,18.6563
2010,78.4622,101.147,75.2416,64.0388,37.4895,50.368,18.0623
2040,76.833,104.415,74.8657,63.9243,37.3217,52.8114,18.0915
2070,74.0066,100.138,76.284,62.415,36.619,52.3214,18.7842
2100,79.1277,102.414,76.1431,62.7748,37.1654,52.8699,18.7169
2130,90.7822,123.322,88.6308,64.0387,37.2257,48.9367,18.9776
2160,95.9162,123.963,90.7392,62.0916,36.2583,50.4367,18.4379
2190,92.0455,122.339,88.1117,61.9562,36.7354,49.3899,19.1156
2220,91.372,127.89,89.461,64.8576,36.6654,50.4361,18.8611
2250,93.1662,122.433,87.8043,62.3477,36.8071,50.6566,18.5349
2280,93.9955,124.434,91.2913,62.0044,37.3956,50.562,19.0436
2310,92.7831,126.727,91.1317,62.9219,35.6854,53.088,19.2484
2340,95.0581,121.082,89.9692,63.9667,35.6469,53.2498,19.1731
2370,94.7961,123.053,88.2719,60.7327,36.6775,50.3459,18.7777
2400,92.5469,126.734,90.2624,64.0399,36.116,50.1492,18.4454
2430,92.7609,126.258,91.1699,63.3886,36.5154,50.7967,18.5151
2460,94.7627,123.378,92.5825,61.9451,36.3913,51.0132,18.4107
2490,94.3108,123.995,91.6581,61.4794,36.9673,48.7434,18.5504
2520,93.5879,123.612,90.3421,63.774,35.8596,49.3273,18.9086
2550,94.3294,124.244,90.4751,64.3974,35.8784,50.2282,18.9013
2580,95.9188,126.77,90.7962,62.5066,35.7972,51.7292,19.1367
2610,95.2574,121.514,91.4707,61.7803,36.5807,51.5129,18.8247
2640,93.6057,125.516,90.5836,64.4648,35.5636,49.6055,19.0199
2670,92.6866,123.357,87.7274,64.3489,37.0599,52.1868,19.1527
2700,91.5821,120.98,88.3737,64.6652,37.0941,53.0244,18.7405
2730,84.7499,116.41,81.0726,64.1263,36.764,52.8207,16.54
2760,95.822,125.457,97.7599,69.0826,35.6777,49.1858,17.2328
2790,94.9183,134.204,96.626,72.8878,36.8037,50.6703,16.8912
2820,97.6458,132.99,95.5515,73.9466,35.9327,50.2995,17.2723
2850,94.7048,133.963,95.2827,71.9205,36.9814,49.2791,16.6218
2880,98.2153,132.177,95.9459,74.6076,36.3136,51.8217,17.3365
2910,99.7111,138.665,97.497,74.3515,35.6265,52.0793,16.9792
2940,102.426,133.66,99.6156,73.0258,35.898,52.8794,16.9305
2970,101.491,134.571,95.5239,74.0883,36.1798,49.0003,16.6993
3000,100.849,134.636,96.5935,74.6749,35.6838,50.293,17.5775
3030,104.607,132.835,98.99,72.5839,36.6559,48.5643,16.9841
3060,100.479,138.493,99.7042,74.6965,36.7572,50.8094,17.1886
3090,102.961,135.403,100.408,74.5074,36.2097,52.608,17.4158
3120,103.199,140.068,100.171,73.0454,35.4469,53.2244,17.164
3150,106.436,135.124,97.5815,72.1764,35.7479,52.954,17.4748
3180,105.593,139.921,96.0185,71.9683,36.2969,52.1579,16.8199
3210,108.864,134.157,99.2963,74.5228,36.1147,50.6052,17.394
3240,106.299,134.488,97.607,72.4485,35.413,48.9793,17.5313
3270,106.755,132.772,97.0181,74.8793,35.7334,49.8392,16.4361
3300,109.688,137.079,101.354,75.1119,35.2025,50.164,15.8388
