Time,FC,PAS,PAM,PAD,temp,SpO2,FR
-1,56,110,76,56,36.9785,100,12
0,61.6,121,83.6,56,36.4608,100,13.2
30,60.4521,123.956,84.371,56,35.9431,100,13.367
60,61.5828,121.835,82.2097,56,35.4254,100,13.288
90,62.2122,121.297,85.3895,56,34.9077,100,12.9752
120,62.625,123.919,84.5938,56,34.39,100,13.2663
150,61.5884,118.031,83.2101,56,33.8723,100,13.4817
180,60.8406,119.479,85.3411,56,33.3546,100,13.4417
210,62.1882,120.916,83.622,56,32.8369,100,12.877
240,61.5744,123.264,83.8455,56,32.3192,100,13.4795
270,61.844,119.451,85.3008,56,31.8015,100,13.5187
300,62.8856,120.095,85.6524,56,31.2838,100,12.9454
330,60.8393,123.384,83.0225,56,30.7661,100,13.1033
360,66.2605,121.145,93.3176,56,30.2484,100,12.8806
390,67.8432,123.257,93.5293,56,29.7307,100,13.0683
420,60.1705,123.257,83.7811,56,30.185,100,13.1324
450,63.5125,119.876,85.4702,56.56,30.9412,101,13.6069
480,62.0001,121.565,82.4852,57.0877,31.0674,100.463,13.5664
510,61.0243,123.722,86.0805,56.9578,31.9807,100.214,13.0171
540,62.0038,125.178,86.0929,56.5348,31.6933,96.3135,13.2627
570,60.0578,96.1977,65.4507,44.5652,32.7943,92.6321,12.5897
600,60.5374,98.9143,68.6484,46.4754,32.9176,90.6216,12.2955
630,59.5384,94.5474,65.9079,46.3016,33.7046,90.4771,12.4012
660,58.7577,98.9054,68.023,45.82,33.2002,87.1448,12.0932
690,57.5799,99.6474,66.1281,45.393,35.141,85.115,11.2944
720,54.5803,84.6466,63.1569,39.5671,34.3548,79.7412,11.1665
750,49.7299,82.148,37.0574,39.42,35.0372,77.2363,10.8216
780,50.7068,78.6505,38.5932,36.9175,36.0269,96.3992,10.5216
810,48.789,81.6436,36.1799,38.0252,36.0026,91.8296,10.4051
840,49.1022,79.8646,38.8783,48.7888,37.085,88.4149,10.3517
870,48.5343,78.434,38.6589,50.4739,37.2829,89.9372,10.1649
900,47.387,81.304,37.6232,49.3822,36.9765,85.6279,9.75298
930,48.1773,78.8992,36.2418,48.9997,36.6351,82.3108,9.8422
960,47.857,107.944,56.6752,50.2067,36.4389,85.8824,10.105
990,52.3159,108.502,73.6418,49.6568,37.0447,82.4769,9.95439
1020,50.5894,105.767,73.4095,50.3437,37.2117,75.7408,10.2057
1050,50.2584,104.862,73.5704,49.0565,36.3145,76.2027,10.1164
1080,46.5943,90.045,69.7165,43.2422,37.8114,74.2808,10.0997
1110,50.2314,100.968,69.8303,40.8056,36.7989,71.8693,11.0707
1140,52.596,100.546,69.6806,41.3994,37.7071,68.7081,10.7091
1170,51.3295,101.228,68.9776,42.7351,37.6407,65.3559,10.7205
1200,49.7467,98.1218,72.7029,41.8277,36.9887,64.0432,10.8698
1230,61.7143,122.043,84.4643,42.2853,37.0417,59.1919,13.3956
1260,55.6151,111.284,78.3099,43.0193,36.2228,57.5853,13.0451
1290,55.786,111.997,77.99,41.9997,36.6224,53.7234,13.1192
1320,53.3252,109.694,78.5353,41.0587,36.8465,53.8449,13.3477
1350,48.6688,91.6782,62.6658,41.7187,36.3135,52.7556,9.93471
1380,47.9048,93.8232,65.5997,42.3634,36.2576,52.4947,10.258
1410,60.346,121.257,83.8125,41.2304,36.7145,51.9701,13.1835
1440,66.778,130,88.35,43.1171,37.1987,54.4454,13.9136
1470,67.5302,130.328,93.0372,40.7911,36.773,55.7745,14.4768
1500,69.0368,130.465,92.2167,41.4824,37.4365,53.3212,14.7901
1530,57.1796,107.266,75.1587,41.1644,36.6401,52.9858,11.8424
1560,56.6706,106.048,73.9899,42.0453,37.4465,53.4152,11.8296
1590,55.8065,109.47,75.3232,42.3691,37.5067,53.4592,12.0219
1620,55.2549,104.792,74.0576,43.2579,36.1424,56.0733,11.7306
1650,48.9031,89.2182,63.16,43.2059,36.9444,56.1121,9.85888
1680,48.3258,87.1369,63.5684,42.7861,36.4117,56.5693,9.77984
1710,45.7916,88.0715,64.1765,42.4457,35.8455,53.8466,9.77596
1740,48.0417,90.9027,61.1563,41.2041,37.1281,53.7711,9.69323
1770,47.9561,87.7406,62.9924,42.9207,36.1853,56.1297,10.0836
1800,52.4744,99.2427,71.2116,42.8047,36.8695,55.1896,10.9888
1830,42.2772,78.7198,56.8574,40.7232,36.9321,55.782,11.0827
1860,41.4985,76.094,53.2095,42.0926,36.9783,52.8628,11.1126
1890,40.6973,78.6149,57.0954,41.2672,36.7729,54.6526,10.6598
1920,41.8926,77.5161,56.6965,42.2097,37.2862,56.4882,10.8536
1950,40.8757,78.6199,57.1313,41.5403,37.399,56.8737,10.8704
1980,41.2124,79.8251,53.615,41.129,36.962,53.3624,11.095
2010,40.6192,78.1111,55.2396,42.6535,37.187,54.8997,10.5971
2040,40.7,76.0001,53.3963,41.0189,36.2182,52.2235,11.0967
2070,40.0006,81.176,53.5973,42.2439,36.2235,52.9825,11.227
2100,40.2432,76.3746,54.5354,42.783,36.9861,54.945,10.5951
2130,49.7791,98.2529,68.711,42.7741,35.8945,53.7834,11.0528
2160,51.4368,98.7161,67.8019,41.5698,37.2362,55.5381,11.0489
2190,49.0654,97.5802,66.7416,41.5341,36.5758,54.5124,11.3278
2220,51.0706,97.2515,69.3522,40.8038,36.8826,53.7082,11.283
2250,49.8433,98.6792,69.2575,43.0271,36.7247,55.5344,11.1404
2280,50.8722,99.4984,66.3927,42.7051,37.091,56.0698,10.7825
2310,50.6937,96.109,68.3069,43.1543,35.7312,57.0889,10.8795
2340,50.4569,96.1009,66.4826,41.9778,35.6163,52.9875,11.0941
2370,50.8206,96.2664,67.5663,41.1741,36.075,54.168,10.7652
2400,51.3634,93.7604,68.7803,42.6368,35.5588,52.1977,11.0327
2430,51.1659,98.2037,68.2034,42.2869,35.8573,53.7939,11.056
2460,49.4713,95.2152,68.9709,43.3117,36.7981,52.5324,11.0204
2490,50.8766,94.8172,65.891,42.1357,36.7142,55.1897,11.218
2520,48.5083,99.5474,69.2755,43.2591,35.5142,55.6385,11.1626
2550,48.7706,97.6721,66.4061,43.3194,36.2626,56.5651,11.0947
2580,50.5388,94.5696,66.1215,40.5656,36.2838,57.1414,11.3511
2610,49.135,93.7251,67.5302,40.567,35.8996,55.1466,11.0756
2640,51.5226,94.5416,67.0337,43.3374,35.6871,53.5539,11.3269
2670,49.3261,99.3438,68.2831,41.4674,36.5422,56.6602,10.9025
2700,49.0511,98.1026,69.3649,42.7872,37.0827,52.5718,11.2281
2730,46.9538,88.309,64.8847,42.3846,35.5302,53.6449,10.1378
2760,51.8236,108.332,67.4867,48.4306,35.4352,55.2783,9.94671
2790,51.4178,108.382,72.8302,48.6914,36.8774,52.1878,10.2312
2820,52.258,108.402,72.0468,49.0777,36.5143,52.4138,9.96944
2850,52.6488,103.641,72.5631,47.453,35.6591,52.2915,10.1559
2880,51.751,104.813,73.2611,49.4028,35.6697,55.2204,9.7593
2910,51.6124,104.224,73.8436,48.8821,35.5096,56.2437,10.3471
2940,53.7183,107.985,75.2955,48.7874,36.6045,56.7812,9.74058
2970,51.8877,109.022,74.0874,50.2556,35.4692,55.6951,10.3527
3000,51.6509,107.629,74.9593,49.2553,35.3748,52.3988,9.88737
3030,51.5132,107.272,73.6832,49.054,36.9116,56.4806,10.3538
3060,53.7744,107.448,76.1864,50.3517,36.1782,56.0312,9.96887
3090,51.3356,107.653,73.9499,49.2563,36.4902,56.8296,10.0512
3120,53.0159,107.395,74.0235,50.5997,35.9421,52.9182,10.1395
3150,51.9606,104.819,75.7075,49.4894,36.8596,53.405,9.83988
3180,52.9592,104.334,72.4148,49.7009,36.7109,52.4627,10.2017
3210,51.5104,108.927,76.2225,48.9051,36.2333,54.3381,10.428
3240,51.2385,106.011,73.7009,50.2159,37.0664,56.4561,10.3886
3270,51.3468,110.012,73.8793,49.7319,35.5743,52.1369,9.80694
3300,50.0434,107.14,73.6711,49.8457,36.3533,51.4959,9.93577
3330,50.7191,107.04,72.1097,49.5235,35.7729,52.6748,9.72617
3360,52.3295,107.338,76.2438,50.538,36.0334,47.7683,10.1739
