Time,FC,PAS,PAM,PAD,temp,SpO2,FR
-1,128,79,53,42,35.1792,94,22
0,140.8,86.9,58.3,42,34.6867,94,24.2
30,141.446,87.1242,58.9097,42,34.1942,94,24.077
60,143.405,87.1233,58.0415,42,33.7017,94,24.7373
90,139.884,85.925,56.8486,42,33.2092,94,24.4806
120,143.731,88.6547,59.5714,42,32.7167,94,23.865
150,140.105,85.5858,57.0827,42,32.2241,94,23.8254
180,143.238,85.7669,59.0026,42,31.7316,94,23.8148
210,143.995,86.8085,58.9765,42,31.2391,94,24.478
240,139.471,88.6043,56.861,42,30.7466,94,23.9984
270,137.598,85.9473,57.5369,42,30.2541,94,24.1543
300,138.72,87.6789,58.7628,42,29.7616,94,23.9655
330,140.626,87.3795,58.4294,42,29.2691,94,23.7806
360,154.145,85.2608,64.5257,42,28.7766,94,23.7834
390,157.396,88.1952,62.8281,42,28.2841,94,24.0927
420,138.685,85.4034,64.6998,42,28.5746,94,24.7675
450,143.602,86.2064,64.5781,42,28.8651,94,24.0951
480,143.355,85.1687,56.9144,42,29.1557,100,23.9796
510,137.434,87.1639,58.9264,42,29.4462,95.1272,24.1378
540,140.524,70.3616,46.8041,33.6,29.4423,92.739,23.0866
570,138.692,70.6432,47.5763,33.6,29.7328,89.8493,22.1671
600,132.516,67.762,46.0525,32.9586,30.2629,88.7868,22.0772
630,135.026,69.7026,47.7849,33.407,30.6706,83.0444,21.0779
660,124.789,60.9452,40.391,27.8131,30.8257,79.4479,20.9998
690,108.799,57.5739,26.3993,29.4197,30.2161,77.4379,20.2433
720,107.605,57.7328,26.5662,28.3803,30.9272,88.3882,20.6953
750,106.41,60.5428,27.0205,28.4372,31.3412,84.6935,19.9978
780,105.215,60.9082,27.9409,28.1038,31.9515,83.2468,18.6428
810,104.021,58.9794,27.0783,27.9135,32.3725,79.142,18.7268
840,102.826,60.0073,26.0094,29.2859,32.7316,73.7021,18.1138
870,102.826,76.8825,38.7981,28.0871,32.9326,71.2922,18.3894
900,104.139,78.0116,38.0762,28.9,33.2231,69.1732,17.9391
930,110.012,77.0984,51.1062,36.989,33.5136,67.756,17.3457
960,108.677,79.1339,51.3363,36.9463,33.8042,65.3763,17.5495
990,111.468,77.4462,50.1725,37.5269,34.0947,60.2232,17.0889
1020,102.558,66.2477,42.451,31.7271,34.3852,57.752,17.6538
1050,108.273,71.4142,47.8891,30.757,34.6758,53.699,19.0057
1080,107.47,72.0795,48.4274,31.0949,34.9663,49.372,19.0062
1110,110.808,72.3195,47.0767,31.2592,35.2568,45.2951,19.4999
1140,112.997,73.1359,47.02,30.9274,35.5474,45.1806,19.1362
1170,110.317,71.6689,49.4368,31.1581,35.8379,41.4541,19.5855
1200,114.828,74.2501,50.0677,31.3801,36.1284,34.7688,19.6032
1230,102.531,64.8666,43.4554,31.3787,36.419,33.5839,17.6602
1260,100.298,66.58,43.4731,30.7526,36.7095,33.1814,17.6929
1290,99.39,66.2134,44.2352,30.9442,37,32.5033,17.8218
1320,98.2383,64.5817,45.0482,30.7443,37,32.8201,17.4253
1350,131.048,84.0471,56.7391,31.8049,36.6579,32.7641,23.0452
1380,130.553,84.1111,56.3831,31.8012,37.8127,32.6738,22.4258
1410,129.955,84.4275,56.8826,31.3739,36.126,32.7541,22.3539
1440,128.687,84.9251,57.9853,30.7945,37.4785,33.052,23.1111
1470,130.993,85.0229,56.6409,31.5836,36.3362,32.7713,22.6837
1500,128.614,82.945,57.0482,30.9512,36.9249,32.8514,22.2754
1530,128.255,85.2872,56.7845,30.7406,36.7388,32.9915,22.7755
1560,128.163,85.7067,57.7387,31.8581,37.3115,33.0647,23.1208
1590,128.439,83.8454,58.1692,31.0093,36.2102,32.8308,23.0825
1620,127.053,83.9259,57.1314,31.5978,36.8092,33.3485,23.0543
1650,131.194,83.081,58.1852,31.0133,37.7443,33.0095,22.544
1680,127.368,84.5775,58.1623,31.5679,37.0945,33.3126,22.7077
1710,127.1,83.0235,57.2701,31.5693,36.8079,33.1623,23.0733
1740,128.698,83.9734,57.9996,31.6162,37.4514,33.062,22.5717
1770,126.592,85.5602,56.8187,32.0642,37.9147,33.0207,22.484
1800,131.469,83.5709,57.5128,30.8783,37.607,33.2391,22.9883
1830,128.13,82.9523,56.9749,31.5013,36.2502,33.4332,22.4796
1860,128.837,83.1491,56.656,32.0089,36.9662,33.5668,22.8356
1890,127.14,83.298,58.3581,31.1718,36.204,33.0769,22.5858
1920,126.098,83.873,57.6061,32.0156,37.167,33.0581,22.3663
1950,139.526,92.4844,63.264,31.7837,37.3395,33.0896,24.5937
1980,141.835,93.4959,62.6896,31.0306,36.2478,33.4584,24.4361
2010,140.525,92.7916,63.1315,31.7857,37.7473,33.4966,24.3835
2040,143.096,90.7665,62.4577,30.7051,36.8417,33.0326,24.2315
2070,136.858,91.5589,61.6298,31.2521,37.8954,32.9698,24.4338
2100,141.134,91.4183,62.6399,31.2842,36.593,33.1115,24.8804
2130,139.224,90.7507,63.284,31.9925,37.5825,33.4649,24.9102
2160,141.465,92.5059,63.2333,31.6346,37.414,33.2292,24.8963
2190,137.719,92.3257,62.8636,30.8543,37.7963,33.499,24.7466
2220,142.726,93.2536,62.9807,31.4804,36.4417,33.2063,24.2597
2250,139.899,92.5767,62.8908,31.8549,37.4483,33.3866,24.9546
2280,140.422,92.013,62.4793,31.0461,36.3461,33.2362,25.1152
2310,142.429,93.2383,62.8063,30.6634,36.9988,33.2223,24.3688
2340,139.6,91.4293,62.836,31.1429,36.4485,33.2701,25.0784
2370,139.396,93.2874,63.3321,31.8927,37.1862,33.4023,24.8906
2400,139.04,91.7321,62.4355,31.9295,37.7092,32.9766,24.3951
2430,137.02,92.1062,61.6892,31.9266,36.8617,33.4997,25.057
2460,106.042,67.0938,44.6274,31.1545,37.1575,33.448,18.4284
2490,105.155,67.0763,45.7903,30.9142,36.4606,33.3284,17.846
2520,105.297,67.1326,46.1006,30.8673,37.3708,33.1376,17.8395
2550,103.856,67.3257,44.9818,31.5226,37.725,33.1902,18.2582
2580,102.136,66.9498,45.3633,30.9946,37.0695,33.2531,18.3332
2610,100.882,67.0002,45.112,31.9401,37.09,33.5497,17.8765
2640,104.962,67.7937,44.823,31.4524,37.6207,33.5566,18.4427
2670,103.548,66.9695,46.0704,30.8242,37.2266,32.939,18.4601
2700,103.409,67.3928,45.0155,31.832,37.2562,33.3794,17.8586
2730,101.226,66.6926,45.869,31.0755,36.8504,33.5753,17.98
2760,106.321,68.9007,45.1215,31.6777,36.8786,33.238,18.0535
2790,109.394,71.9892,47.3758,31.7955,37.2852,33.4484,19.7403
2820,109.437,73.1197,48.7113,31.7745,36.4093,33.5397,19.4642
2850,112.924,72.5468,48.7823,32.0615,37.4605,33.181,19.1629
2880,108.737,71.8173,48.3812,30.8443,36.5377,33.4667,19.6776
2910,112.055,71.5861,47.6652,32.0036,37.3147,33.0382,19.8294
2940,112.556,71.7572,49.2588,31.6305,37.1885,33.4107,20.1545
2970,112.066,71.9635,49.1895,31.0405,36.1146,33.4099,21.1848
3000,114.627,72.9133,48.6097,30.7863,36.0961,33.4518,21.2038
3030,114.539,73.5178,48.7599,31.1056,37.5185,33.1812,21.8424
3060,118.306,71.7667,47.8841,30.776,36.2426,33.319,21.7129
3090,118.576,71.3434,48.8734,30.8467,37.147,33.362,22.6122
3120,118.657,71.8871,47.9266,31.1072,36.2335,33.5247,23.0966
3150,115.75,72.8045,49.0988,31.5141,37.1839,32.1765,23.6683
3180,117.714,73.52,48.4088,31.0923,36.5371,31.2076,23.1127
3210,117.665,71.8541,48.2188,30.8212,37.0787,29.6891,22.9775
3240,116.534,73.2125,48.7192,31.6749,36.4203,29.0843,22.7642
3270,117.656,73.291,48.2951,31.1701,37.0422,27.5493,23.3086
3300,116.947,73.3548,49.1938,31.3639,37.5289,26.4982,22.6727
3330,115.423,71.3754,47.7929,31.1825,37.0987,25.521,21.8656
3360,114.807,73.177,48.8859,30.9608,37.2258,24.261,21.8858
3390,108.425,65.4312,45.2211,30.7635,36.4734,23.1572,20.0018
3420,112.896,76.6671,52.9492,35.6472,37.6648,22.1591,19.3285
3450,117.227,75.6075,52.9103,35.2602,36.9092,21.246,18.9455
3480,118.593,75.8677,51.3798,35.4884,37.1668,20.0546,18.1023
3510,118.507,75.7331,52.3773,36.1713,36.5598,18.9584,18.8969
3540,116.125,74.5081,51.706,36.2295,37.5871,17.89,18.6391
3570,117.842,76.1198,52.4523,35.0439,37.8974,16.3308,18.6497
3600,116.615,74.9526,52.6178,35.3964,37.3876,15.4483,18.9692
3630,115.92,75.7697,52.7187,35.152,37.7712,14.0102,19.2106
3660,115.304,74.294,52.5845,35.8063,36.2533,13.301,18.7267
3690,119.041,76.5879,52.4134,35.9204,36.6022,11.7008,19.0129
3720,115.768,75.2828,53.1344,36.1047,37.0589,10.8565,19.3084
3750,115.622,74.5442,52.5004,35.8415,37.103,13.1031,18.6406
3780,117.704,75.7994,52.0845,35.789,37.282,13.7493,18.5474
