Time,FC,PAS,PAM,PAD,temp,SpO2,FR
-1,119,109,74,53,37.3924,92,28
0,130.9,119.9,81.4,53,36.8689,92,30.8
30,131.274,119.829,83.3835,53,36.3454,92,31.4373
60,129,120.098,83.3227,53,35.8219,92,31.3447
90,129.411,120.422,79.7971,53,35.2985,92,31.0045
120,127.737,119.78,82.1654,53,34.775,92,30.0752
150,127.87,122.638,81.4482,53,34.2515,92,31.3214
180,130.994,120.401,80.6988,53,33.728,92,30.807
210,130.36,119.08,79.5222,53,33.2045,92,31.1105
240,129.235,120.949,80.5437,53,32.681,92,30.1282
270,134.059,117.238,81.5744,53,32.1575,92,30.4035
300,132.209,122.641,80.18,53,31.634,92,30.3791
330,127.971,121.257,82.6585,53,31.1105,92,31.5125
360,146.202,120.779,88.9613,53,30.587,92,31.1534
390,144.502,118.6,89.2813,53,30.0635,92,30.7147
420,134.005,120.599,89.6637,53,30.7572,92,30.6793
450,133.94,124.033,90.0738,53.53,31.7584,92.92,31.8136
480,130.291,121.657,81.0212,52.8708,32.1712,95.2191,31.3099
510,132.556,123.855,82.3602,52.7157,32.8139,97.4081,30.696
540,127.973,118.474,82.3594,53.3195,34.5718,94.4943,31.0549
570,132.956,96.6044,65.687,41.6757,34.6316,93.2139,28.867
600,126.58,95.7664,66.7922,42.4727,34.9363,90.8352,28.7157
630,125.076,96.1378,66.2547,43.6185,35.866,89.1754,27.582
660,127.064,97.461,63.7531,41.6833,36.7786,91.3514,26.9476
690,124.837,97.1056,65.6483,41.5041,37.5896,88.1098,26.5602
720,121.26,85.19,54.8133,35.9121,36.5839,86.8931,26.2499
750,107.742,79.7379,36.4418,36.658,36.0598,84.6825,25.2888
780,103.989,80.8252,36.0324,37.227,36.1246,92.5352,24.7711
810,103.889,84.1323,36.5185,37.0063,36.5634,92.2233,24.7298
840,101.316,102.88,36.6959,37.2034,37.416,87.1063,24.1607
870,103.306,103.052,35.5981,35.8252,37.2609,87.9907,23.726
900,103.606,103.316,36.8495,35.2686,37.2273,87.987,23.6721
930,102.798,103.859,36.0232,35.7325,36.0962,82.6516,23.6049
960,103.791,103.832,53.4933,48.1616,36.5684,85.3195,23.788
990,108,100.793,70.2978,48.1425,37.3638,84.6781,23.7634
1020,109.265,103.87,68.533,47.6057,36.4727,82.6484,23.2318
1050,111.033,101.733,69.5578,46.482,37.0903,82.2397,23.4336
1080,101.368,87.7966,59.856,39.554,36.3194,81.1793,23.5798
1110,108.067,95.1353,63.264,40.4575,37.1152,80.0265,25.9711
1140,107.336,94.2304,64.8566,40.9826,37.7749,78.2256,25.9643
1170,106.49,93.4671,63.2831,38.6761,36.8939,76.0384,25.5249
1200,105.526,94.3224,67.1079,39.0098,37.5557,74.4994,25.7437
1230,133.817,115.282,78.5278,39.4543,37.845,70.719,30.5593
1260,115.586,92.2181,66.9752,40.7351,36.8642,68.6407,31.6046
1290,114.472,97.4082,65.4916,39.9598,36.3462,68.563,31.3669
1320,116.168,92.5582,68.0315,40.2495,36.9626,70.4569,31.7279
1350,99.0035,87.4124,59.158,39.2935,36.1093,68.6535,24.307
1380,97.0004,88.2388,60.5729,40.0711,37.5007,68.0335,23.9523
1410,125.806,112.727,75.4985,40.2722,36.7432,68.6452,30.0281
1440,139.537,125.208,84.3216,39.1453,36.0692,69.6049,33.52
1470,144.939,127.78,87.4894,40.9827,36.0872,71.0357,33.8808
1500,142.004,127.209,88.1151,39.0295,36.1483,68.5558,34.7465
1530,120.023,104.417,68.9838,39.1492,36.2223,67.5853,28.4735
1560,117.643,103.782,73.0743,39.0813,36.8286,70.136,27.7819
1590,117.516,102.14,69.6367,38.9953,37.4246,70.9376,27.2495
1620,119.883,104.901,69.5718,38.7702,36.2272,71.576,27.5347
1650,99.4342,87.3703,62.2697,39.3232,35.989,67.3491,23.7283
1680,96.9089,84.7171,58.7015,40.863,37.3525,68.6973,22.6535
1710,97.4809,83.5848,59.1702,41.0389,36.4934,70.3508,22.7056
1740,96.6391,86.638,57.7664,38.9707,36.3969,68.9068,22.9243
1770,98.78,85.4167,59.2394,40.8924,37.0722,69.2958,22.8105
1800,110.312,94.6451,65.6658,38.7113,37.0503,71.9101,26.1748
1830,86.5236,74.6671,53.9378,40.926,36.3713,69.1962,26.0124
1860,87.7713,73.1944,53.6154,41.0865,36.8349,67.425,24.9081
1890,89.2345,74.9752,51.0274,39.8408,36.9884,70.9176,25.2994
1920,85.6332,73.9028,51.8384,39.0966,36.9141,67.9395,25.1523
1950,85.4017,73.3433,50.3235,40.9935,36.4091,67.8269,25.9861
1980,87.9444,75.7162,52.2858,39.8215,36.6661,69.5096,25.4006
2010,83.9471,75.6002,51.8663,38.8192,37.1553,71.0603,25.6456
2040,86.4187,76.1333,53.7258,41.0435,36.9751,69.1637,24.9561
2070,85.608,75.8213,51.2807,40.6313,36.6939,69.7373,25.8155
2100,89.606,76.4256,51.7105,40.5471,35.7355,67.555,25.0884
2130,107.388,92.9015,64.0204,40.6702,37.3311,67.8248,26.5812
2160,108.382,95.2879,63.2489,39.3693,36.3553,68.9412,25.5696
2190,104.273,94.2652,62.7962,40.0948,35.9333,70.6046,25.7509
2220,108.575,91.1195,61.3191,40.7065,36.9912,69.53,26.0562
2250,109.059,92.9283,64.6051,39.9309,37.3253,68.9652,25.6785
2280,109.485,92.5416,62.0137,40.492,36.07,70.1514,25.2503
2310,108.197,95.5599,62.3246,41.0288,36.6597,70.006,25.981
2340,108.931,91.4717,64.9901,40.3496,36.2921,71.2252,25.9419
2370,104.823,91.6612,65.7682,38.9163,36.8827,70.7586,26.2094
2400,108.326,90.3092,65.4462,40.4699,36.3381,67.7692,25.8874
2430,108.616,94.0235,63.2534,40.0755,36.5205,70.4751,25.9698
2460,104.807,91.3019,65.6299,38.8594,36.2817,71.0116,26.4189
2490,109.463,93.6034,62.3092,39.0761,37.022,68.4028,25.7147
2520,107.698,95.65,65.552,39.7632,35.3702,71.3996,25.4655
2550,106.538,95.6598,63.8825,39.4192,36.485,67.4369,26.5843
2580,104.649,94.0122,62.8741,39.8369,36.9876,68.8405,26.1221
2610,105.735,90.4774,62.8359,39.4367,36.5965,70.0308,26.0159
2640,107.133,94.8168,64.9864,39.2913,36.6534,70.9279,26.3295
2670,108.113,93.9639,65.1746,39.2201,36.3606,69.4081,26.0891
2700,104.426,92.9758,63.3049,39.6862,35.4656,71.0073,27.2147
2730,95.783,84.9673,59.52,39.6551,35.5298,71.1166,25.2827
2760,107.084,101.357,68.4094,46.0679,35.4248,67.6193,25.9208
2790,112.591,104.148,69.4785,46.4694,35.8822,68.8252,26.7259
2820,106.817,103.857,69.4168,45.3328,35.3627,71.3116,26.9878
2850,108.984,103.255,69.86,45.664,36.2812,71.8305,27.8115
2880,113.168,104.079,69.7202,46.8874,35.2026,70.5358,27.7319
2910,109.216,103.875,72.2594,45.2723,35.9516,69.433,29.2256
2940,114.006,104.01,70.7648,47.4229,35.8677,67.7518,28.9163
2970,112.176,105.066,71.3462,47.4249,35.9689,68.7188,29.7592
3000,109.364,100.936,67.8986,45.2304,34.9644,69.637,31.3933
3030,108.497,100.381,68.6422,45.9299,36.5804,68.3311,31.5133
3060,110.395,103.24,69.5589,45.8382,35.6437,67.7847,31.1589
3090,113.415,100.259,70.2385,46.2432,35.0588,69.1251,31.3945
3120,111.646,103.223,71.4908,47.1543,36.5507,71.5559,30.6215
3150,113.429,101.413,72.1077,47.5691,35.8324,68.3618,31.2363
3180,111.063,101.47,67.8366,46.999,36.7182,69.6033,30.8231
3210,111.982,102.259,70.112,45.501,36.0524,68.0452,31.7064
3240,115.265,101.851,68.8633,45.7149,34.9825,68.0955,30.7511
3270,116.953,104.981,68.3311,47.0829,35.3835,67.1262,31.1077
3300,115.936,100.847,68.4487,45.3033,35.9912,66.4449,30.6185
3330,114.79,102.905,72.1276,47.4427,35.0097,66.8614,28.7682
3360,115.662,102.732,71.0992,45.921,36.6797,69.6831,28.9122
3390,119.125,100.65,71.305,47.3998,36.1881,69.0697,28.5385
