Time,FC,PAS,PAM,PAD,temp,SpO2,FR
-1,83,136,103,81,36.775,100,16
0,91.3,149.6,113.3,81,36.2602,100,17.6
30,92.3397,146.771,113.908,81,35.7453,100,17.2338
60,92.9181,152.351,112.049,81,35.2305,100,17.5063
90,90.0999,151.848,112.692,81,34.7156,100,17.4821
120,91.9506,149.512,115.642,81,34.2008,100,17.7303
150,89.1089,147.503,113.318,81,33.6859,100,17.4108
180,89.1131,152.449,112.766,81,33.1711,100,17.828
210,92.2595,150.213,114.024,81,32.6562,100,17.7118
240,90.7652,152.545,112.895,81,32.1414,100,17.445
270,89.6639,147.857,115.062,81,31.6265,100,17.6141
300,92.2269,153.229,114.629,81,31.1117,100,17.9413
330,91.2596,148.183,114.828,81,30.5968,100,17.5975
360,101.138,150.707,122.404,81,30.082,100,17.8084
390,102.301,146.019,125.528,81,29.5671,100,17.3852
420,101.171,152.857,113.424,81,30.1865,100,17.5904
450,103.676,152.584,114.294,81.81,31.1078,101,17.9747
480,94.141,153.11,115.084,81.3718,31.0816,100.421,17.5909
510,90.0946,153.983,116.953,82.47,33.0491,99.217,17.5997
540,92.4674,148.452,113.415,81.1189,32.9378,96.6763,17.4996
570,89.1927,118.513,92.4308,63.7204,33.404,97.1503,17.1058
600,88.0001,122.281,93.5691,67.3283,33.1969,96.605,16.3741
630,88.2716,118.956,90.2482,65.7352,34.078,92.4366,16.4766
660,89.9592,118.663,89.8442,63.7145,34.9449,91.8873,15.5486
690,86.7884,123.52,90.9137,65.1752,35.8614,86.5799,15.4415
720,84.3317,101.279,86.0915,56.612,36.2572,84.3587,14.6852
750,72.7568,101.088,53.6205,55.2833,37.7988,85.3443,14.5332
780,73.401,102.62,52.5362,54.1968,37.0812,98.7644,14.3807
810,71.3884,98.3844,53.3483,54.4151,36.5748,94.0233,13.6011
840,68.9969,104.973,75.9467,53.7197,36.3352,94.8457,13.4684
870,70.2991,99.7892,76.4442,54.3671,38.0513,89.5697,13.5152
900,72.8715,101.883,72.0902,54.6731,37.0979,89.8479,13.3829
930,69.6274,101.94,74.4755,53.3991,37.9789,87.4296,12.8262
960,72.0531,132.691,76.241,73.0001,37.9367,90.4239,13.1973
990,73.6012,130.543,98.9985,69.6301,37.6341,86.491,12.8348
1020,75.0467,131.683,98.0581,73.1933,37.6626,85.7072,12.8238
1050,74.887,131.946,99.7779,70.3576,38.3878,81.2379,12.7495
1080,74.3522,116.353,90.6411,61.4784,37.8102,79.3335,12.96
1110,76.2134,119.857,96.2956,60.9583,37.3483,77.8142,14.274
1140,79.2008,125.449,91.5133,60.425,37.1152,75.8054,14.0455
1170,78.6359,119.601,95.6855,59.8449,37.6231,73.957,14.1902
1200,76.9424,123.772,96.1394,60.6091,37.7826,70.8963,13.8333
1230,91.6944,148.545,115.523,61.6683,37.7206,70.3824,16.8916
1260,77.8091,142.794,99.9022,58.8191,37.921,70.1057,17.0436
1290,77.7644,137.721,99.4086,62.4134,37.1334,66.3058,16.8117
1320,82.136,142.915,98.8461,60.4753,37.5151,66.2746,17.4433
1350,68.4519,114.702,88.6904,60.7839,36.725,67.0677,13.0648
1380,71.2427,110.388,85.6443,61.8597,38.2441,65.3495,13.5662
1410,91.2666,140.166,108.514,61.616,36.9912,68.6934,17.0895
1440,98.8305,154.344,120.858,60.677,36.9165,66.0396,18.7605
1470,102.795,163.417,125.839,62.6614,37.2931,67.7041,19.0403
1500,101.743,159.273,125.249,59.9716,37.0961,64.5628,18.6898
1530,81.2023,129.469,102.929,62.7594,37.078,69.1998,15.4761
1560,82.8817,133.767,99.7504,59.6649,36.7886,69.2793,15.4867
1590,81.9669,129.636,101.507,59.6839,36.5974,65.8909,15.0352
1620,82.5694,134.507,101.806,59.3244,36.7554,65.6993,15.2596
1650,70.4605,110.812,86.1236,62.3063,37.3359,65.9046,13.414
1680,70.8934,107.943,84.7641,60.8847,36.3838,68.3905,13.1352
1710,67.5555,111.667,84.2251,61.5621,38.116,69.528,13.2865
1740,66.8029,108.029,82.2891,61.4419,36.549,68.1498,13.1823
1770,68.101,113.137,83.0641,62.4674,36.4885,68.1161,13.166
1800,76.2019,124.847,93.3224,60.9236,36.3917,65.2508,13.8138
1830,58.1554,99.199,75.6144,60.0868,37.1052,65.6188,14.6658
1860,59.9014,93.6979,76.3664,60.8822,36.7449,69.6149,13.9259
1890,59.7682,97.601,76.6403,61.8148,37.0417,65.4998,14.3511
1920,60.5112,98.9631,73.5608,59.5498,37.3909,69.8152,14.4105
1950,61.2991,93.4759,75.5077,62.0162,37.7432,67.3351,13.8778
1980,59.2342,97.9513,71.8499,61.7609,37.4809,69.8131,13.9951
2010,62.7043,100.143,73.5518,60.3502,37.079,66.5151,13.8913
2040,62.5046,96.5159,75.6242,60.7852,36.5197,65.6272,14.3804
2070,62.0149,94.0512,73.4446,61.0239,36.4438,65.422,14.0814
2100,57.7699,97.6505,73.798,60.0544,36.5163,67.5487,13.8154
2130,75.6096,118.857,89.6505,62.4856,36.8658,68.2038,14.1669
2160,75.5555,122.521,90.4101,62.2824,36.8582,65.6608,14.2172
2190,74.0802,117.277,88.172,60.7092,36.8405,66.8057,13.9274
2220,73.9125,118.713,90.0915,61.2586,36.1847,68.8097,14.7227
2250,72.3921,117.324,93.5044,59.6943,37.5221,65.9335,14.0244
2280,72.0424,121.632,90.4311,59.371,37.5701,68.9335,14.7966
2310,72.2444,122.331,90.0182,62.4339,36.4642,66.5962,14.2336
2340,74.3311,120.508,90.2358,59.888,36.3553,68.4804,14.6866
2370,72.3099,118.748,92.5683,61.1348,37.4302,68.5059,14.6176
2400,73.9634,122.094,93.3376,62.1787,37.4021,66.4746,14.7741
2430,74.1089,115.871,93.6092,62.457,36.0617,66.3501,14.6132
2460,72.5427,119.812,88.9411,62.8736,36.553,67.4662,14.1508
2490,73.6892,116.694,88.8804,62.1733,37.2138,69.4691,14.2694
2520,73.4744,119.795,89.2009,59.2429,36.8961,65.39,14.7463
2550,72.6099,118.158,93.2847,62.7496,36.8424,69.23,14.6817
2580,73.9494,116.134,91.8306,62.568,37.2853,68.8722,14.7328
2610,71.5208,117.293,89.1782,61.5416,36.7995,66.4802,14.3578
2640,72.095,116.698,93.2419,61.8293,37.4,65.3056,14.6704
2670,72.9213,116.371,92.6161,61.7988,36.9295,68.3543,14.5388
2700,72.2697,119.197,91.3509,61.7483,37.1216,65.9568,14.4884
2730,70.4923,107.375,85.7307,61.2442,36.3901,68.6622,12.8418
2760,76.7142,126.382,93.7045,68.9312,36.3624,68.2234,13.3425
2790,77.6363,131.62,99.8674,70.9654,37.5393,67.0937,12.8965
2820,80.3379,127.047,101.676,71.5106,37.0399,67.5725,13.0095
2850,80.3324,132.016,96.1785,72.4515,37.1405,67.7697,13.1097
2880,79.4332,128.946,100.215,72.6639,36.4389,67.3067,13.5711
2910,83.3609,127.765,100.334,72.4977,37.3304,66.8338,13.0726
2940,84.8173,133.217,99.5927,70.5422,37.4129,67.7747,13.6298
2970,84.6013,127.881,98.0135,73.2448,37.1967,66.5758,13.5114
3000,85.2174,134.053,97.7132,71.8161,36.0134,69.8694,13.5762
3030,86.046,130.676,98.6519,70.3395,36.6866,65.7622,13.5484
3060,85.4528,131.379,98.5212,70.4295,36.2345,64.9936,14.3818
3090,84.6167,131.642,99.502,73.0684,36.7843,69.5058,15.0073
3120,85.7224,129.003,100.502,69.7635,35.7848,65.1235,15.2178
3150,84.8853,127.277,97.738,73.238,36.4081,68.5944,15.1171
3180,83.5705,133.946,98.0867,71.621,36.3286,68.8271,16.0241
3210,87.4053,133.065,99.0527,69.8503,36.1806,65.544,15.6781
3240,83.6197,127.179,96.3152,71.6978,35.9836,69.0928,16.6001
3270,85.5257,133.484,99.0788,72.4643,37.0811,69.1327,16.9866
3300,85.2906,131.023,96.4746,71.0449,36.2434,67.1031,16.6791
3330,89.2701,129.336,102.122,71.9979,36.6833,67.4014,17.9592
