Time,FC,PAS,PAM,PAD,temp,SpO2,FR
-1,106,146,102,77,36.7019,94,18
0,116.6,160.6,112.2,77,36.1881,94,19.8
30,118.96,158.73,111.039,77,35.6743,94,20.2333
60,114.665,158.29,109.733,77,35.1604,94,19.4018
90,115.032,164.323,113.284,77,34.6466,94,19.3181
120,116.501,159.671,114.888,77,34.1328,94,19.8804
150,114.727,160.611,111.361,77,33.6189,94,20.2753
180,114.155,161.906,110.787,77,33.1051,94,20.0351
210,115.5,162.988,114.718,77,32.5913,94,19.6491
240,116.41,161.131,111.146,77,32.0775,94,19.9569
270,114.699,161.404,109.641,77,31.5636,94,19.6562
300,117.965,159.95,114.192,77,31.0498,94,19.9118
330,114.074,164.415,110.946,77,30.536,94,20.2017
360,125.398,161.878,124.44,77,30.0221,94,19.3458
390,127.126,160.578,123.891,77,29.5083,94,20.0211
420,126.955,163.256,111.215,77,30.4448,94,19.8642
450,129.266,162.357,114.909,77,31.3812,94,20.1756
480,114.769,163.566,114.194,77,32.3177,100,19.4874
510,113.925,159.542,110.717,77,33.2542,94.229,19.1499
540,116.98,129.372,89.4482,61.6,33.8581,93.7555,18.5773
570,111.11,129.207,92.1891,61.6,34.7945,90.2934,18.8604
600,114.901,129.834,90.5315,61.0341,35.2623,84.7057,17.7492
630,111.236,125.103,92.0792,61.4238,36.2681,80.2075,17.8355
660,103.93,113.246,80.4368,52.1238,36.6662,77.3921,16.9083
690,90.7637,109.575,47.5834,51.7986,36.3653,73.3789,16.6184
720,89.8073,111.338,48.912,53.27,37.5746,87.3922,16.0876
750,88.8509,107.426,47.2087,52.1881,36.1867,82.9811,16.4744
780,87.8945,110.588,47.4909,52.7503,37.3758,79.8464,15.8431
810,86.9381,113.689,45.2116,52.1799,37.0612,76.2725,14.8368
840,85.9817,112.599,46.5971,51.6416,35.8097,70.3111,14.5711
870,85.9817,138.003,46.0386,67.7864,37.5893,67.4829,15.1484
900,85.649,138.412,46.4197,68.9523,36.9533,70.3521,14.9966
930,91.6343,136.058,90.1163,68.6692,36.648,63.5999,14.719
960,88.9715,136.493,88.3431,67.9681,37.2494,60.2085,14.9659
990,92.2788,137.328,89.8403,68.2732,37.3069,57.1794,15.181
1020,86.9179,118.989,82.781,57.4377,36.4062,52.5851,14.6026
1050,90.0739,128.923,89.1561,57.2532,36.1875,49.8702,16.4543
1080,91.3712,128.414,89.4154,56.3364,36.1615,47.5056,16.3866
1110,93.3361,124.729,87.4274,57.1438,37.0164,43.2827,15.9632
1140,90.7292,124.729,90.2318,57.704,37.8029,37.9493,15.9535
1170,91.1725,128.536,88.6138,56.6629,36.8736,36.6906,16.615
1200,93.2106,127.755,88.7299,58.304,36.1601,33.8858,16.9528
1230,82.2325,117.225,80.6083,58.2535,37.5597,28.1383,15.1899
1260,82.3702,114.991,80.0311,56.6343,36.9763,24.2029,14.7728
1290,82.0116,114.873,80.3102,56.4187,36.821,27.0394,14.8625
1320,84.6726,115.24,82.7805,56.5382,37.6471,27.04,14.9796
1350,109.619,148.324,104.432,57.4639,36.8253,27.0461,19.6765
1380,107.225,151.232,105.288,57.0107,36.3992,27.3171,19.3393
1410,109.723,147.639,105.207,58.092,36.9541,27.3937,19.5849
1440,110.838,150.946,106.979,57.3956,36.3864,27.4798,19.4212
1470,106.405,147.912,106.733,57.9616,37.0945,27.3466,19.1053
1500,111.242,148.253,103.274,56.5911,36.379,27.4995,19.327
1530,108.055,148.808,106.569,58.8481,37.1678,27.5145,19.535
1560,106.652,148.138,105.06,58.7027,36.2395,27.5955,19.2962
1590,107.63,148.952,106.839,56.9563,37.3132,27.7643,19.7004
1620,107.45,147.185,103.4,56.7049,36.817,27.6202,19.2403
1650,109.222,150.195,106.046,58.5947,36.2109,27.8238,19.6775
1680,109.732,146.716,105.55,58.1434,36.6139,27.6851,19.5083
1710,108.265,149.655,103.393,57.8964,37.9196,27.659,19.6819
1740,109.754,151.224,106.447,58.5577,37.8505,27.9024,19.0591
1770,108.175,151.94,104.63,58.6554,37.3009,27.6897,19.6229
1800,110.103,150.527,106.015,57.2826,37.4448,27.7512,19.1054
1830,106.476,149.01,106.291,57.3129,36.0932,27.8912,19.044
1860,106.348,151.248,106.884,58.0005,37.418,27.8733,19.4266
1890,109.853,150.372,105.615,56.3694,37.3625,27.6599,19.7307
1920,108.164,147.306,106.295,56.4901,37.6502,27.8027,19.3755
1950,118.765,164.145,114.995,57.8707,36.6724,27.773,20.7951
1980,117.417,161.007,112.88,57.1243,36.3594,27.6677,20.7784
2010,120.241,163.893,114.814,57.7187,37.0585,27.7137,21.2233
2040,116.884,160.603,114.867,57.773,36.6934,27.7644,21.273
2070,116.668,164.406,113.252,58.2728,37.5665,27.874,21.0674
2100,116.376,160.669,114.281,57.4434,37.0208,27.7989,21.3594
2130,119.132,162.431,115.736,57.6594,36.7915,27.7631,20.8502
2160,120.444,162.632,115.396,56.6252,37.5633,27.7433,21.3113
2190,116.425,163.239,114.19,57.0899,37.2512,27.8183,20.8459
2220,117.991,161.559,114.549,57.7338,37.2128,27.9143,20.7932
2250,116.361,161.969,115.814,58.303,36.1221,27.8323,21.016
2280,117.83,159.656,114.301,57.1035,37.2338,27.7042,21.1214
2310,117.934,162.056,113.388,57.7297,36.4335,27.8277,21.4308
2340,119.982,160.65,112.564,56.9516,37.2062,27.7956,21.3928
2370,116.878,161.905,115.991,57.1636,37.7852,27.8499,20.8753
2400,120.604,161.361,114.433,57.1844,36.7916,27.9077,21.28
2430,115.779,159.978,113.223,57.4033,37.1453,27.7609,20.7807
2460,87.9992,116.598,84.9298,57.8087,36.4975,27.9046,15.7419
2490,88.348,118.79,84.17,56.4159,37.6968,27.8189,15.4069
2520,88.1582,118.174,83.5709,58.2033,37.2934,27.6698,15.1808
2550,84.2583,121.685,84.5144,56.3986,36.1875,27.9214,15.47
2580,87.3123,118.439,83.4041,57.3121,36.7458,27.7753,15.1051
2610,87.0627,118.392,84.8226,57.3622,37.4921,27.8208,15.4633
2640,87.3398,117.603,84.9452,57.4063,37.0032,27.7879,15.2438
2670,84.8489,119.332,82.5904,56.7813,36.9802,27.6903,15.2936
2700,86.8514,117.052,84.3819,56.7319,36.9039,27.7374,15.5387
2730,88.1972,120.413,83.7487,57.286,36.2103,27.7917,15.7101
2760,88.3442,117.068,82.6417,57.5003,36.6184,27.7236,15.7834
2790,94.2095,127.805,87.0753,58.7326,36.5295,27.7775,16.2952
2820,93.897,126.945,88.2489,56.9815,37.2833,27.7124,16.5235
2850,90.6343,126.593,86.845,58.6178,36.4838,27.8416,16.4058
2880,91.6202,124.893,87.1288,56.5852,36.5746,27.7847,16.6291
2910,93.6453,126.96,89.3484,57.6585,36.7377,27.7751,16.6717
2940,93.6549,127.57,87.0161,57.4828,36.8379,27.8401,16.844
2970,96.5522,125.707,86.9858,56.6779,36.8675,27.8201,16.35
3000,95.7011,128.322,90.1493,57.9411,36.2843,27.6822,16.762
3030,96.1696,125.875,87.5979,58.4778,37.7778,27.9209,16.4718
3060,97.3058,126.124,86.8593,57.7871,36.2302,27.7086,16.226
3090,99.3596,128.535,90.376,56.7403,36.4213,27.6796,16.4398
3120,100.923,127.572,88.8952,58.7298,36.9963,27.7959,16.6234
3150,101.857,127.15,88.1376,58.468,37.8439,27.8372,16.7014
3180,104.174,127.344,87.0162,56.6531,36.1517,27.7086,16.7297
3210,101.298,125.951,89.7721,57.855,36.506,27.8723,16.7737
3240,103.754,128.597,87.2289,56.3307,37.0919,27.8641,16.9056
3270,101.869,125.416,88.8966,57.9573,37.6844,27.927,16.5538
3300,105.83,127.463,87.4494,58.0823,36.6178,27.7494,16.8134
3330,102.438,126.753,88.9709,57.4335,37.7321,26.7656,15.895
3360,100.517,125.168,90.0327,57.6702,36.2552,25.6536,15.9325
3390,94.6464,117.403,81.2745,58.0513,36.2384,24.6742,13.8633
3420,100.422,134.187,89.5693,68.0928,37.5863,23.6441,13.6303
3450,100.696,135.738,94.5359,67.1026,37.8307,22.8724,13.5963
3480,102.915,135.598,96.9035,68.6414,37.2347,21.8341,12.9809
3510,101.516,138.591,93.5806,66.8887,37.4271,20.7738,12.3054
3540,101.035,138.146,94.7682,68.067,37.9217,19.658,12.3377
3570,100.144,135.409,93.3904,68.5019,37.546,18.6834,12.3447
3600,97.3851,137.6,94.6282,66.6051,37.1701,17.7742,12.1786
3630,97.3303,135.638,93.6061,66.0796,36.3217,16.5609,12.1854
3660,96.1755,137.676,96.4974,67.4587,37.1431,15.7357,12.9279
3690,95.5511,137.385,94.1887,68.4736,37.0472,14.7057,13.3079
3720,95.9651,135.759,94.6398,68.2028,36.4007,13.7309,13.4401
3750,97.2911,136.427,94.4962,66.7868,37.8367,12.6388,14.04
3780,94.4188,136.076,95.5483,67.521,36.5249,11.6387,14.2575
3810,97.5131,134.428,93.7104,66.3228,37.757,10.6053,14.6068
3840,95.8927,133.474,93.4268,68.3893,36.9392,9.60769,15.392
3870,96.7641,134.479,96.2614,67.0039,37.4692,12.2504,15.4254
3900,97.1957,137.376,95.5058,66.3106,37.5411,10.841,16.2222
3930,95.665,135.218,94.2602,67.3719,36.3666,15.3604,16.1483
