Time,FC,PAS,PAM,PAD,temp,SpO2,FR
-1,91,133,95,74,37.1916,100,15
0,100.1,146.3,104.5,74,36.6709,100,16.5
30,102.201,144.665,105.399,74,36.1502,100,16.3967
60,101.746,149.558,106.979,74,35.6295,100,16.3812
90,100.699,149.171,104.786,74,35.1088,100,16.5688
120,102.413,148.119,105.94,74,34.5882,100,16.1685
150,99.3483,143.599,103.31,74,34.0675,100,16.7226
180,99.2134,146.869,102.134,74,33.5468,100,16.2926
210,99.4477,144.4,102.907,74,33.0261,100,16.5668
240,101.101,148.632,104.367,74,32.5054,100,16.353
270,101.793,145.443,102.261,74,31.9847,100,16.7964
300,101.16,149.321,107.055,74,31.4641,100,16.6213
330,101.371,149.021,103.067,74,30.9434,100,16.6114
360,107.983,144.38,116.762,74,30.4227,100,16.1497
390,111.857,144.711,116.862,74,29.902,100,16.3466
420,110.837,145.398,115.831,74,30.6118,100,16.3029
450,111.254,144.163,116.795,73.0197,31.215,100.476,16.2492
480,98.2362,145.97,106.867,73.3204,32.9522,99.3129,16.8286
510,99.4076,142.85,106.204,75.4755,32.689,99.0391,16.2899
540,96.8162,146.374,102.319,74.5011,33.7514,97.5357,16.0125
570,101.366,113.823,85.7879,59.6542,33.8708,93.322,16.0808
600,97.4084,119.31,83.98,60.3217,33.9001,88.9843,15.3576
630,94.7233,114.867,87.9208,58.8741,35.8943,86.7444,15.5773
660,93.8112,120.474,82.541,59.3696,36.3271,80.92,14.3913
690,95.7624,120.752,79.6742,57.7292,36.1325,82.2312,14.3074
720,132.686,58.6899,82.1568,36.3829,37.1187,75.2935,13.9304
750,132.407,55.8215,84.3976,35.7543,38.5967,96.3664,14.0899
780,131.518,53.9337,85.533,34.5773,35.8525,94.3691,12.6531
810,129.996,57.3849,86.1766,35.8353,36.2193,87.6834,13.5456
840,127.678,59.4761,85.5296,51.7835,37.1681,87.4573,12.4396
870,128.884,58.611,81.7483,51.1326,36.914,83.691,12.3477
900,125.989,59.3378,86.708,51.5431,37.5865,80.4729,12.2465
930,128.706,55.309,84.1108,49.4793,36.0108,73.58,13.1489
960,129.431,86.6231,106.667,49.8616,37.7013,73.3705,12.3603
990,127.874,82.9326,104.447,51.6909,37.7288,66.7565,12.4414
1020,131.11,85.0629,106.49,49.6024,38.1513,66.6737,12.0952
1050,128.331,87.4355,101.838,51.6812,37.6903,63.8721,12.3155
1080,128.213,89.2787,101.102,50.8267,36.9671,56.9768,12.1286
1110,130.381,83.8063,101.361,49.9086,37.7685,53.2165,12.893
1140,129.938,87.378,106.029,51.2843,37.4933,50.2384,12.5872
1170,130.065,85.8129,100.976,51.0455,36.5027,48.6838,12.7808
1200,129.208,82.6964,102.124,49.2895,38.824,43.9305,12.8243
1230,92.5023,116.085,106.308,65.236,36.8569,39.731,12.4886
1260,82.5888,104.795,98.6398,54.6589,38.1836,37.0066,12.5982
1290,74.3766,101.997,59.6802,55.1492,35.6953,33.3641,12.2425
1320,75.7376,101.286,58.8828,56.1428,36.7813,79.0127,12.9651
1350,75.8904,102.872,60.1147,56.4183,36.4795,77.4921,13.0073
1380,75.9312,101.97,58.1614,56.821,35.962,78.6563,12.4855
1410,72.5283,96.9598,60.9567,55.9386,38.512,74.5267,12.8367
1440,75.3113,103.14,58.3525,54.7141,37.4656,75.3473,12.0756
1470,72.7741,99.6472,61.785,54.6268,36.7857,75.8704,12.41
1500,76.1305,102.699,58.0749,55.28,37.3018,79.7052,12.1687
1530,78.0842,101.621,83.4876,56.9938,36.137,79.8691,12.1227
1560,78.9829,97.8712,84.5439,55.7632,36.4752,80.4585,11.905
1590,80.7324,98.1785,86.6089,55.5641,38.359,78.658,11.8916
1620,73.8179,83.0294,79.6969,47.8688,38.2353,79.0395,12.0872
1650,81.1161,88.1866,83.1247,45.9828,37.7926,82.7204,13.274
1680,78.8079,88.0371,81.2778,47.8917,37.1087,79.3407,12.8558
1710,77.8654,92.4851,82.7958,48.4723,37.6538,80.1504,13.0827
1740,81.1768,92.9141,80.6767,47.4787,37.283,79.974,13.2545
1770,96.611,112.988,99.9096,47.8962,37.8801,80.5267,15.6645
1800,84.8102,87.7672,81.2783,48.8203,37.1664,79.0367,15.7664
1830,84.732,87.9632,82.7632,46.6758,36.2015,82.1792,15.6788
1860,83.1192,88.9687,80.7807,45.9705,38.5618,82.2853,15.7881
1890,84.766,87.0125,82.0792,47.1577,37.5403,80.811,16.0768
1920,85.155,84.814,80.7648,48.735,37.9927,79.088,15.9577
1950,83.0439,84.6862,81.4262,46.9297,36.6191,84.5111,15.9881
1980,82.8966,89.7436,80.6143,46.0629,37.0142,83.9274,15.8633
2010,84.8004,84.855,81.5083,47.8296,36.0193,83.8068,16.3355
2040,83.0197,88.8747,82.3057,49.0069,37.6866,84.804,16.001
2070,99.9127,106.904,101.028,46.7373,36.5411,86.3768,17.1707
2100,96.5677,107.733,100.246,48.2703,37.7979,82.9978,16.8147
2130,99.8475,110.725,100.482,46.5357,38.5831,83.6047,16.7657
2160,98.7639,106.613,97.3574,49.0375,37.8937,85.1551,17.4157
2190,98.238,108.168,98.2937,49.0392,37.9558,85.655,17.1486
2220,97.0065,107.745,98.7662,47.9473,36.184,86.3551,16.8071
2250,96.7158,108.897,98.5839,48.9785,36.7357,87.6161,16.7609
2280,98.1574,112.207,97.3699,47.4446,36.937,84.8898,17.4105
2310,99.3203,110.152,101.549,46.8853,37.3167,87.04,17.3071
2340,99.1742,107.472,99.3244,48.7582,36.5754,87.5628,17.2244
2370,98.5883,107.863,100.265,48.9684,37.7005,87.5665,16.8995
2400,98.699,112.164,100.477,46.1393,36.3308,82.8233,16.9609
2430,99.2251,111.932,100.073,47.1505,36.9495,83.6724,16.929
2460,98.8307,110.037,98.0516,46.6908,36.9025,87.2681,17.0475
2490,97.7948,109.712,99.1137,46.2916,36.2404,84.3732,17.3561
2520,97.6738,106.504,101.547,48.6331,37.1799,83.5552,17.4156
2550,105.528,117.929,106.58,47.1424,36.5603,85.9027,17.9724
2580,102.754,118.106,105.865,48.9815,37.0301,84.7029,17.5604
2610,104.704,118.054,107.137,48.7709,36.8675,86.5356,17.6973
2640,105.251,117.562,106.871,49.057,37.336,87.3976,17.712
2670,103.441,115.108,109.327,47.8271,37.6726,85.4209,18.0072
2700,103.654,117.679,109.361,47.0217,37.2416,86.1738,17.6813
2730,102.731,114.365,106.965,46.9644,37.1702,87.0434,17.8732
2760,105.568,115.064,108.607,47.7391,37.9576,83.4608,17.4601
2790,102.293,113.969,108.686,48.647,36.9341,86.9397,17.3887
2820,102.649,118.203,107.076,48.8434,35.5835,84.9642,17.5526
2850,103.689,118.572,108.048,46.8349,36.1194,83.1828,17.3164
2880,105.777,118.58,107.636,48.1088,37.432,87.1628,17.7833
2910,105.908,117.586,107.444,47.577,35.7787,85.836,17.43
2940,103.785,113.879,105.453,47.1645,36.3523,86.3417,17.7086
2970,104.76,115.762,108.866,47.5395,38.3864,85.2716,17.8671
3000,106.246,113.933,107.214,47.4112,37.0987,83.3575,17.7658
3030,103.541,117.264,105.803,46.5963,36.4358,84.414,17.5016
3060,108.825,120.345,109.709,46.5016,37.3793,86.1706,17.6506
3090,108.503,121.103,110.877,48.535,36.5269,85.507,17.5982
3120,108.324,118.196,110.169,47.3246,37.221,87.7594,17.7612
3150,109.214,119.116,109.864,48.173,36.6498,87.1836,18.0122
3180,109.747,121.369,111.154,47.7498,37.6907,87.1683,17.9384
3210,109.626,122.94,108.904,48.6003,35.1262,83.076,17.9682
3240,109.859,123.03,107.264,47.9486,36.0169,87.9344,17.6094
3270,111.449,122.649,110.557,47.2384,37.1623,83.5383,17.615
3300,112.092,119.105,109.886,46.9482,36.814,87.394,18.1635
3330,113.168,120.856,110.034,48.0645,36.4011,84.3834,17.8111
3360,113.664,120.8,111.225,46.8385,36.89,81.9003,17.963
3390,114.097,119.549,111.384,47.4997,35.89,80.0141,17.4608
3420,112.06,119.706,108.022,49.0782,35.6255,78.465,18.0673
3450,113.028,121.343,109.306,48.83,35.7872,72.6581,17.7635
3480,114.451,119.223,110.374,47.8538,37.933,69.5746,17.7444
3510,110.062,119.026,111.477,49.2805,35.1557,70.5402,17.4071
3540,110.798,119.09,111.759,47.0616,35.8009,63.8152,17.5942
3570,108.377,121.874,108.312,47.2203,35.3209,64.1971,17.3867
3600,108.429,121.154,110.27,47.6478,36.3484,62.1001,17.5303
3630,108.808,123.385,108.936,48.9913,35.0225,59.2002,17.6742
3660,105.965,123.684,111.378,47.465,37.1053,55.4605,17.6319
3690,105.853,124.027,111.528,48.5228,35.9546,52.9781,17.5667
3720,104.246,121.195,111.915,47.706,36.2205,50.0377,17.7473
3750,106.556,119.383,110.504,49.0205,35.9388,45.5242,17.5141
3780,105.526,120.627,111.316,49.3432,35.8785,43.0551,17.6419
3810,105.769,121.329,109.158,48.5546,34.7965,38.697,17.2104
3840,106.223,120.067,109.708,48.6387,35.0476,37.2036,17.6585
3870,105.49,119.896,109.975,48.5693,37.5819,32.5748,17.2181
3900,105.259,118.864,107.605,48.2524,36.4536,30.0887,17.8441
3930,107.794,122.407,110.503,46.6464,37.4673,26.5719,17.3729
3960,104.539,122.371,112.085,47.1313,36.9928,30.9642,17.31
3990,106.816,121.518,111.581,47.9284,35.3563,29.6234,17.6736
4020,104.408,122.081,108.975,48.5185,35.6445,30.5345,17.2062
4050,105.143,122.411,109.436,49.4864,35.2101,29.2435,17.2303
4080,86.6796,97.845,89.1564,48.83,36.6446,33.1736,17.3923
4110,86.712,101.312,91.3362,47.5438,37.0681,29.33,17.7257
4140,83.7338,98.5523,89.8315,47.097,36.6651,33.643,17.1228
4170,85.5212,98.6043,87.3382,48.8295,36.2564,35.8337,17.3923
4200,85.7607,99.2683,88.133,47.8462,36.5228,43.7178,17.5844
4230,83.7657,101.65,87.5305,46.5499,35.5818,42.5346,17.3868
4260,85.6689,100.059,90.1134,48.2531,37.8768,49.2434,17.3562
4290,84.8184,100.786,87.9003,46.5966,35.0395,51.9429,17.5419
4320,86.221,100.997,87.6892,48.6121,34.6441,54.9224,17.1093
4350,83.5132,99.7133,87.5478,47.9503,36.1076,60.7902,17.2964
4380,82.3376,95.7878,86.99,48.7102,36.725,60.2573,13.6067
4410,80.8847,94.0512,82.9105,48.1242,36.5727,64.0351,13.8455
4440,80.8334,94.2417,82.8341,47.8104,36.2098,68.7992,13.9719
4470,79.6397,95.7111,87.192,49.1946,37.6138,70.7613,14.0041
4500,81.7316,92.8705,83.994,47.3233,36.6743,74.2649,13.737
4530,82.4458,93.547,85.9303,47.8197,37.7383,80.0987,13.773
4560,80.735,96.3898,85.714,49.2258,35.1796,81.67,13.817
4590,82.5405,94.0256,83.4831,48.4882,35.7096,84.1381,14.2603
4620,81.5258,94.6112,83.6596,47.6542,36.9057,89.2506,14.1038
4650,82.19,93.3361,83.3629,48.4175,36.4035,94.0803,13.9898
4680,81.8776,94.7863,84.6387,49.3556,37.1261,94.3471,13.963
4710,80.0464,93.9893,83.4127,48.0551,36.4136,98.8168,13.8267
4740,82.4341,95.521,85.8357,48.7567,34.9632,98.813,14.1761
4770,81.2188,95.1274,84.6813,48.6599,35.7097,97.8645,13.6755
4800,82.2805,95.658,82.8034,47.9146,35.6091,101.408,14.0339
4830,81.5614,92.4285,83.2495,47.5493,36.1824,99.8849,13.7741
4860,79.9908,93.7719,87.0726,47.2444,36.1277,96.9662,13.631
4890,82.9237,94.6323,86.0146,47.7177,37.5206,99.0885,13.9574
4920,81.6533,94.7255,87.0482,46.6579,37.3613,99.9488,13.7946
4950,79.4311,96.3463,85.4796,47.9037,35.3935,100.068,13.9174
4980,72.7953,85.3061,76.8717,46.9212,35.7784,97.5382,12.206
