Time,FC,PAS,PAM,PAD,temp,SpO2,FR
-1,127,76,57,40,35.13,92,25
0,139.7,83.6,62.7,40,34.6382,92,27.5
30,137.861,83.1335,63.6519,40,34.1463,92,27.5143
60,137.844,83.347,63.8493,40,33.6545,92,28.1849
90,136.719,85.0665,62.9011,40,33.1627,92,27.8826
120,139.176,83.1796,63.4439,40,32.6709,92,27.862
150,137.938,85.1668,63.2519,40,32.179,92,27.0352
180,140.749,84.6615,62.8548,40,31.6872,92,26.8814
210,142.942,83.2164,62.6642,40,31.1954,92,28.0214
240,142.011,84.1353,63.4244,40,30.7036,92,26.8733
270,137.432,81.7993,62.5203,40,30.2118,92,27.3282
300,140.928,85.1491,61.919,40,29.7199,92,27.8686
330,139.797,83.1261,62.7722,40,29.2281,92,27.7708
360,150.979,84.8772,67.7426,40,28.7363,92,27.7213
390,153.548,83.4753,68.3189,40,28.2445,92,28.0942
420,151.979,81.6833,67.4172,40,28.9741,92,27.6722
450,152.225,84.9555,69.6415,40.4,29.9935,92.92,27.5348
480,144.578,83.3022,62.0985,40.3911,30.8972,93.4547,27.8576
510,140.943,83.6354,63.9109,39.9292,31.3331,98.4111,28.3326
540,137.113,85.4754,62.9836,40.1358,32.8634,95.8199,26.9383
570,136.935,66.5014,52.0943,31.8378,33.2096,96.8032,26.8731
600,136.95,68.6796,51.2214,32.1519,33.1362,90.9285,25.1226
630,138.854,66.4802,50.8971,31.2944,34.5274,91.0022,25.7356
660,137.001,66.1744,49.6965,32.3831,34.976,86.8833,24.9667
690,135.403,67.8551,49.1363,32.6947,36.0179,86.1823,23.5125
720,122.753,58.0748,42.9267,26.4476,35.925,81.5403,24.0483
750,109.173,56.9108,29.7552,27.3296,37.1588,80.3673,22.6148
780,101.619,56.9347,28.7756,27.3177,36.7031,88.0038,21.995
810,107.337,56.1148,28.9752,27.6868,36.3681,87.5458,21.9642
840,99.7599,55.2915,39.8813,35.6454,37.0181,81.9589,21.1026
870,101.604,56.1196,39.3242,34.4234,36.0877,80.5382,19.9336
900,99.6149,57.3214,41.8866,34.3382,36.2173,76.7795,21.1103
930,98.9954,57.0358,42.3009,35.9228,36.925,76.7163,21.0419
960,98.6155,75.2033,39.6236,35.794,37.1449,76.0546,20.5389
990,104.423,77.0742,54.5127,34.2473,36.2928,76.7548,20.005
1020,106.004,73.7303,53.2699,36.0518,37.8238,72.1851,20.7799
1050,104.746,75.1149,52.2205,35.4163,36.3512,67.3636,20.0764
1080,104.172,64.6002,45.4466,30.1621,37.1634,67.3033,20.0276
1110,107.315,70.4294,51.9401,29.1753,37.5095,65.2378,21.6212
1140,112.876,69.5767,51.2729,29.039,37.4737,60.1425,21.3807
1170,111.419,69.5316,49.1771,30.3403,36.2281,57.9983,21.8412
1200,107.802,67.7665,51.9829,30.4091,37.6203,56.147,21.9291
1230,131.574,84.6754,63.7821,29.911,37.1876,55.6532,27.0626
1260,114.409,75.1224,53.3034,29.264,37.7486,52.3287,26.5207
1290,116.669,76.144,51.3972,29.4753,36.3206,49.0594,26.1725
1320,113.318,75.718,51.671,29.6575,37.1647,48.6252,26.3462
1350,100.034,63.9471,47.1834,30.4956,36.6007,49.6248,20.4444
1380,103.64,62.4891,45.2538,29.3341,36.8902,51.723,20.5879
1410,129.795,80.9382,60.6155,28.8843,37.7886,47.8614,26.0234
1440,138.223,88.2173,65.5098,29.4829,37.5329,51.2293,28.7378
1470,144.197,93.6769,69.2066,30.6152,36.8907,49.899,29.792
1500,147.015,93.3266,66.3051,30.29,36.0601,48.0069,30.1582
1530,119.047,76.7746,54.6038,30.7133,36.5316,48.4407,24.6763
1560,117.232,73.6177,54.1571,29.7004,36.8974,50.8254,24.3897
1590,117.851,74.495,54.7749,30.5484,36.5677,49.4689,24.365
1620,121.641,76.1128,54.638,30.2717,37.1166,50.0232,23.9486
1650,103.396,63.7576,46.7182,29.4588,36.5446,51.6141,20.0424
1680,101.317,64.2063,45.225,28.9143,35.8646,50.1115,19.9689
1710,100.176,60.7593,45.2996,30.7929,36.5388,51.1202,20.4605
1740,101.768,64.4538,46.437,30.1934,37.0555,52.5495,19.8544
1770,98.6912,61.9848,47.3435,29.1188,37.1914,49.0464,19.9433
1800,106.443,70.3116,51.7005,30.6344,37.1148,52.1898,22.5995
1830,89.838,53.4758,40.3723,29.5507,36.1517,50.9431,21.7548
1860,88.802,53.2078,39.5118,29.697,35.8227,51.3211,21.4412
1890,89.7424,54.7557,40.669,29.1347,37.2363,49.5006,21.7035
1920,88.6736,54.0891,41.5244,30.436,36.1054,50.0676,22.2576
1950,91.4866,53.21,41.1134,30.3931,36.294,52.7949,21.4782
1980,88.4359,54.5246,40.5542,29.3175,36.7439,50.8576,22.2299
2010,89.0992,53.1401,41.6219,29.7396,36.7976,49.257,22.133
2040,87.6895,54.2194,42.0245,29.0872,36.9631,50.9739,22.5819
2070,91.5067,56.2472,41.0704,30.8323,35.6124,49.111,22.3648
2100,86.8479,52.898,42.0404,30.8191,36.5266,49.6715,21.6115
2130,103.93,68.0373,51.3162,30.5099,37.1842,51.1236,22.0233
2160,107.043,67.9054,51.2703,28.9423,35.7432,51.6104,21.8822
2190,109.574,65.7452,48.6225,30.613,35.6643,51.3318,22.8506
2220,103.805,67.9606,50.4528,29.8845,36.9825,50.5164,22.3375
2250,105.569,67.7343,50.7654,29.8651,36.3132,50.938,22.1101
2280,105.683,65.2811,50.4019,30.7144,36.9805,50.3793,23.0079
2310,110.296,65.2173,48.8475,30.5785,35.9635,49.2816,22.6751
2340,105.911,68.1121,50.3959,29.9222,36.3895,49.2556,21.717
2370,105.65,67.365,50.2094,30.3179,35.9334,49.4276,21.9773
2400,108.803,67.8921,50.2898,29.1618,36.9159,49.0413,21.7651
2430,108.069,67.053,48.5622,30.1826,36.511,49.1993,22.3773
2460,109.911,66.2187,49.2428,29.5134,35.5888,52.2411,22.855
2490,107.934,68.8963,51.4702,28.9243,36.4545,50.3895,22.7211
2520,109.714,67.4051,51.7782,30.2228,36.0222,50.9195,22.8196
2550,104.337,67.5326,51.5012,30.6303,35.7031,52.8207,22.4131
2580,108.993,65.2442,48.6045,30.3244,36.1489,49.7964,21.7386
2610,107.016,65.2597,51.5227,29.2839,35.5104,52.1815,22.0057
2640,107.959,65.7334,48.4497,30.0007,36.9003,53.0452,22.0053
2670,104.272,66.9708,48.6888,29.6309,35.6662,52.9935,22.0314
2700,105.488,68.6128,51.1596,29.1603,35.3763,52.4122,22.8889
2730,99.3141,61.6933,48.3134,30.8264,35.7938,52.3662,19.8936
2760,104.152,73.9484,53.9912,35.7375,36.9377,50.4996,20.4279
2790,112.759,73.0579,55.2101,35.5178,37.0933,52.4892,20.0537
2820,108.284,74.7785,54.28,34.6601,36.7551,49.9551,20.563
2850,113.338,72.0124,54.1305,34.1446,35.9251,50.3594,19.9978
2880,111.628,72.3306,53.7781,35.469,36.9993,52.1343,20.9525
2910,113.17,72.2492,53.8962,34.6096,36.5634,49.251,20.2395
2940,112.007,71.4557,54.5337,35.1418,36.9792,48.7808,20.0479
2970,112.329,72.905,55.1961,34.5407,36.3886,49.4096,20.7037
3000,114.323,73.9054,55.3054,34.5952,36.8874,48.9356,20.2355
3030,113.647,75.1436,53.0629,34.8027,35.4672,50.5311,21.1516
3060,114.064,74.0833,53.5282,34.5862,36.3895,51.8938,19.9478
3090,112.414,74.9589,53.4965,34.2163,35.4932,52.6125,20.6432
3120,114.363,72.1216,53.3611,35.174,36.3858,52.4786,21.2884
3150,113.163,75.7427,53.8441,34.5997,36.5889,49.9794,20.9796
3180,116.233,74.9844,55.3238,35.4972,35.6987,52.6064,20.001
3210,108.936,74.454,53.4045,35.1382,35.779,49.917,20.8363
3240,114.614,72.6652,53.7362,34.7605,35.5133,50.1577,21.21
3270,118.619,72.6819,56.2183,35.1295,35.2612,49.5402,21.0405
3300,119.82,73.9533,55.053,35.9443,35.454,50.0133,20.8028
3330,119.535,73.0449,55.877,35.2785,35.8819,52.668,19.8577
