Time,FC,PAS,PAM,PAD,temp,SpO2,FR
-1,66,106,67,47,35.9211,94,17
0,72.6,116.6,73.7,47,35.4182,94,18.7
30,72.8993,116.926,74.1353,47,34.9154,94,18.8247
60,71.8716,119.332,72.0093,47,34.4125,94,18.6967
90,70.8238,113.823,74.9265,47,33.9096,94,18.2671
120,70.8968,114.477,74.8898,47,33.4067,94,19.1665
150,71.5493,117.877,73.4627,47,32.9038,94,18.5261
180,74.2211,117.505,75.0592,47,32.4009,94,18.5506
210,71.5114,118.571,72.9988,47,31.898,94,18.2551
240,73.4558,115.328,72.0303,47,31.3951,94,18.5168
270,72.9833,117.56,73.4751,47,30.8922,94,18.8551
300,72.3439,118.909,73.2797,47,30.3893,94,18.6614
330,71.4349,115.405,72.281,47,29.8864,94,18.8437
360,79.3371,114.039,80.9019,47,29.3835,94,18.9468
390,80.5421,113.9,79.2578,47,28.8806,94,18.8688
420,78.1859,114.921,73.133,47,29.8955,94,18.2639
450,77.2794,119.415,74.5411,45.897,30.2046,94.3336,18.0877
480,73.2133,116.841,72.0319,47.6683,31.0951,96.189,18.6786
510,73.2429,119.755,72.9325,46.5686,32.5477,96.1707,18.5722
540,69.1141,114.632,71.7806,47.9812,33.4098,95.926,18.5873
570,70.3376,115.555,72.6337,46.9099,34.3809,95.1382,17.8357
600,70.4145,92.8755,61.3161,39.1945,36.5145,90.9179,17.4703
630,68.0595,93.2277,58.6044,35.6587,36.088,89.2527,16.8225
660,71.6806,91.5016,59.6724,36.5152,36.5407,85.4661,16.9202
690,69.4871,87.1661,56.0353,37.2149,37.5387,86.2129,15.932
720,68.5314,91.1967,59.316,36.7613,36.8511,83.9523,16.2963
750,68.2345,78.5584,55.8876,31.7823,37.7384,80.8338,15.5609
780,55.9668,79.8905,31.05,29.6936,38.4336,78.2793,15.5216
810,57.6142,78.4241,31.3438,30.6402,36.7965,91.8265,14.7127
840,57.5973,78.2964,29.1849,30.3409,36.0896,85.7061,14.1445
870,56.7235,78.1328,29.4305,32.1574,36.5196,86.4537,13.9558
900,55.2997,78.1984,30.1906,31.6478,37.6056,84.0815,14.1909
930,55.2259,101.493,46.9421,40.9833,37.4508,79.3299,14.017
960,55.3168,100.181,45.5197,41.5243,37.3402,76.9831,14.1257
990,54.88,101.515,44.0871,40.9951,36.7143,79.9758,13.8235
1020,58.1671,105.1,61.6133,39.4235,37.587,79.6235,13.5184
1050,59.8741,103.83,60.9502,41.7918,37.073,75.2544,14.0745
1080,57.9923,98.5564,61.5275,39.708,36.9685,75.492,13.8171
1110,56.8287,91.2987,57.3004,35.0088,37.3942,72.7546,13.5805
1140,60.7703,94.161,56.4176,36.9097,35.7492,71.3362,15.0743
1170,59.8021,95.3549,58.5749,34.2232,37.7821,66.5558,15.2829
1200,60.1163,94.8831,60.4983,35.0959,36.1903,64.7686,14.9209
1230,58.9121,92.5183,58.0547,35.0447,36.8915,62.8971,15.3178
1260,73.0281,111.72,72.1301,34.9886,37.0126,59.2426,18.2753
1290,65.2308,91.2215,65.0623,34.2283,37.8929,57.7175,18.3084
1320,62.6254,89.7789,62.8989,35.4407,37.3231,57.104,18.2203
1350,60.8872,90.6362,64.9815,35.7203,36.9355,58.9459,18.3323
1380,62.4366,91.4161,66.343,35.1894,35.9698,57.8667,18.5605
1410,61.7936,95.8119,63.5808,34.8685,36.5596,57.1515,18.7669
1440,65.7386,90.3383,62.6109,34.3935,35.91,61.1655,18.7684
1470,63.5548,88.1853,64.2883,35.7636,38.0972,61.2977,18.5662
1500,63.688,93.3174,66.4835,36.4926,36.7906,59.7081,18.1143
1530,62.8724,89.3824,65.8662,35.1947,37.6559,63.1205,18.2159
1560,72.3586,117.096,71.8463,35.718,38.8052,61.4988,19.9021
1590,73.2521,113.197,74.8365,34.8101,37.3339,63.3649,19.5867
1620,71.2247,113.777,72.948,34.2997,38.0335,61.8963,19.7954
1650,71.3665,114.813,74.2366,36.5228,36.3986,59.8048,19.5814
1680,73.0053,117.972,76.6906,36.0073,38.2676,63.3956,19.659
1710,75.5205,110.477,75.5322,34.8693,37.6173,63.058,20.0389
1740,73.1382,114.169,74.0937,35.6109,37.3387,61.1947,19.4585
1770,74.7249,112.25,72.527,33.3548,35.6852,61.7714,19.8469
1800,74.9147,114.692,75.3012,35.0763,37.916,62.3873,20.0175
1830,73.2537,114.275,73.9438,34.8245,36.8829,60.9845,20.0022
1860,73.2531,110.969,74.8659,34.5274,37.0172,60.357,19.3521
1890,73.8592,110.583,72.3658,35.0293,36.8972,62.7543,19.7541
1920,73.66,114.053,73.8092,35.8661,36.9659,59.8545,19.8733
1950,72.7621,112.269,72.937,35.1548,36.0616,61.4009,19.9038
1980,72.4221,114.768,75.3962,33.6944,36.7756,63.6322,19.5544
2010,73.5679,110.885,72.4448,35.4227,37.1015,60.9065,19.7123
2040,78.1969,124.015,74.8134,34.0463,36.7799,63.0414,20.4537
2070,79.3293,125.106,78.3092,33.1416,36.1191,62.0734,20.4946
2100,78.2525,123.089,78.3326,34.8683,37.0908,60.1217,20.6282
2130,77.8504,119.281,78.4464,33.135,36.8911,62.9034,20.3073
2160,79.9562,121.053,77.2743,33.4455,36.4637,63.3294,20.3304
2190,76.8864,120.612,75.5675,35.6647,37.9588,59.7373,20.1878
2220,77.2859,121.978,74.7383,33.2779,36.5596,60.7382,19.8683
2250,78.7467,117.829,73.7036,35.7179,36.8974,60.0608,20.1267
2280,77.6818,118.1,74.99,36.4373,35.807,61.8122,20.2631
2310,77.7734,121.332,77.7251,34.5722,36.491,61.1833,20.0236
2340,76.9009,125.221,79.7849,33.6319,36.6215,61.1923,20.5917
2370,76.1529,125.046,75.0455,34.372,36.6218,62.8815,20.2368
2400,77.2947,125.642,76.7124,34.0171,37.1765,60.3814,19.9444
2430,78.8612,121.326,77.8444,34.1352,37.0046,63.0558,20.481
2460,77.4487,122.082,79.5746,34.9711,35.451,61.4931,20.4732
2490,77.9277,121.332,76.5112,35.859,36.6329,59.7231,20.1503
2520,79.2356,121.668,74.093,35.5312,36.3726,62.576,19.9511
2550,78.7009,127.397,75.4376,35.2656,37.1567,61.4428,20.1053
2580,80.7847,128.176,78.0632,33.7147,36.4735,63.3387,20.2265
2610,79.8748,126.83,79.4752,33.598,37.9708,63.0176,20.0488
2640,80.3295,128.835,77.2117,36.1551,36.9215,60.7364,19.9359
2670,79.2284,125.831,77.5796,34.3077,35.7886,62.0912,19.9844
2700,79.3343,127.319,76.0296,34.037,36.8456,59.8629,20.5687
2730,80.7909,127.065,78.2606,36.6397,35.0392,61.7555,20.6929
2760,79.3902,126.482,77.2116,36.0177,37.8435,62.8377,20.176
2790,82.4193,125.075,79.7038,34.9222,36.669,63.2875,20.2141
2820,81.8111,126.418,79.1374,37.0399,35.7951,61.7396,20.7068
2850,78.9592,125.9,79.2484,36.2132,35.6232,59.5281,20.7993
2880,80.0212,130.131,78.0323,33.2362,35.9796,59.5738,20.1964
2910,82.2898,126.736,77.9152,36.6783,37.0902,59.9081,20.633
2940,81.8235,124.852,79.968,35.2628,36.001,62.8118,20.6921
2970,82.1785,127.135,81.1083,36.0229,37.5165,63.0316,20.1769
3000,79.9947,126.13,75.1528,34.8936,36.8544,60.0611,20.5711
3030,78.1614,127.185,76.4636,34.5121,35.4696,61.7616,20.1346
3060,77.9495,125.517,79.1432,33.5194,35.3284,60.0046,20.7541
3090,80.2229,126.954,77.6333,35.0315,37.7075,60.2494,20.8726
3120,79.3831,122.86,80.3773,34.0446,36.1282,60.6741,21.5669
3150,80.2506,128.087,78.3489,34.9459,36.7588,61.0867,22.3149
3180,78.7527,127.401,78.5058,36.6027,36.9947,61.7658,21.6756
3210,80.7733,125.854,80.2648,36.5048,35.5232,58.5931,21.9191
3240,79.6942,124.847,76.9533,34.4701,36.4741,59.7788,22.019
3270,77.7185,126.813,78.1954,35.8807,35.2919,57.9756,21.4536
3300,78.523,130.582,75.4701,36.5938,37.2953,54.3987,21.9672
3330,76.2409,124.808,76.6345,35.6132,37.4842,52.4302,21.6429
3360,76.3118,123.553,78.2109,36.2852,36.1758,53.4885,21.6543
3390,75.4822,126.494,78.3014,33.9333,36.538,51.3008,21.2798
3420,77.0451,123.628,78.1264,36.549,36.8,51.1055,20.9283
3450,76.9167,126.595,76.9541,36.0215,37.031,46.3275,20.4334
3480,74.4562,129.796,77.1126,35.9298,35.3481,44.7343,20.1964
3510,78.6937,124.601,77.953,36.4444,35.3963,44.1386,19.992
3540,76.1324,131.222,78.0416,34.7641,36.2,44.1513,19.8886
3570,64.3544,105.256,64.1589,34.904,37.3288,41.9963,19.6305
3600,60.2457,100.39,62.5489,35.1842,36.8978,39.1393,19.5918
3630,62.1437,100.79,65.2065,36.013,35.6427,40.342,19.765
3660,61.792,104.668,61.4134,34.0722,35.6059,39.2557,19.5217
3690,64.6284,104.785,64.9614,35.9911,36.6267,38.0588,19.7732
3720,65.0205,99.9365,65.3809,36.6269,35.9702,36.9479,19.382
3750,65.8485,99.0941,66.9636,36.0897,34.9901,39.2265,19.7066
3780,67.1705,104.203,61.749,36.8419,36.8982,38.689,19.9753
3810,64.8372,104.033,66.3128,35.4689,35.6372,42.7901,19.3237
3840,64.3249,103.972,64.3941,35.0119,36.0991,41.7086,19.5455
3870,61.2914,97.5883,60.3098,35.7556,37.3433,43.638,15.8154
3900,62.3499,100.915,61.404,36.7737,35.807,42.1111,15.7733
3930,59.7572,98.2053,58.1117,37.008,34.975,42.4977,15.296
3960,62.0492,97.9194,61.2394,35.7676,36.2819,44.7387,15.2458
3990,63.911,98.8683,60.6148,36.6645,36.0424,46.1676,15.6498
4020,61.562,99.1168,63.5003,36.4191,36.0054,50.3086,15.3683
4050,62.9513,100.061,58.805,34.593,36.9482,51.1931,15.6116
4080,62.9921,96.2867,59.7768,36.3944,35.1904,52.7167,15.9328
4110,60.5582,98.9538,59.7497,36.5748,35.348,56.0811,15.4361
4140,61.7054,98.6417,60.4988,37.063,36.0608,61.0481,15.8561
4170,61.9882,99.5396,59.6037,34.8597,35.2983,60.7501,15.5566
4200,62.3595,99.7264,61.0779,34.6561,36.2147,66.0701,15.5882
4230,61.8149,99.486,59.0608,36.6625,36.1778,65.4187,15.7856
4260,60.2612,102.784,59.8629,35.8569,35.9889,68.0086,15.3736
4290,61.3093,103.597,60.9906,34.8647,37.4373,67.9893,15.2328
4320,63.0875,101.988,61.9223,35.5123,35.626,71.6489,15.6405
4350,62.0345,99.9701,62.461,37.5596,36.838,76.3342,15.5004
4380,61.7732,100.723,60.583,35.0049,36.3366,77.5396,15.3564
4410,61.501,99.458,59.9387,35.4051,36.4444,80.2775,15.2716
4440,61.4013,98.016,63.1681,34.5413,36.4427,79.1607,15.4838
4470,55.4768,89.5742,53.2999,34.5272,36.4301,84.3543,13.2965
4500,56.3861,104.618,60.5244,41.416,34.93,85.2791,13.4694
4530,60.4976,99.3958,64.3159,41.0855,34.9356,81.8605,13.3064
4560,58.8494,99.2101,63.6741,39.3605,36.5009,81.3262,13.0199
4590,58.2077,101.586,61.7978,39.5724,36.3361,82.4248,13.0344
4620,63.1215,100.491,63.3452,41.1208,36.1767,80.327,13.0153
4650,61.5085,99.813,63.7164,41.0962,37.142,77.7589,13.3393
4680,59.4686,104.054,60.4471,40.9655,35.6287,77.4217,12.856
4710,61.2289,101.665,62.6058,41.4987,36.5332,79.0475,12.9096
4740,59.727,104.216,65.4903,41.4778,35.2486,79.7461,13.1072
4770,59.3612,99.1022,62.3398,40.7664,35.8559,78.445,13.4597
4800,59.717,99.4571,64.0302,41.231,35.6487,78.1238,13.5285
4830,59.8481,104.148,63.4081,40.4987,36.8282,80.9702,12.8447
4860,62.9405,100.883,62.2888,41.2757,34.8628,79.8581,13.3493
4890,59.614,103.094,63.2775,42.4444,37.531,78.8873,13.2585
4920,58.756,102.904,63.4668,42.5928,35.9684,80.6821,13.3172
4950,61.6613,106.087,64.1509,41.0581,37.0829,78.7182,13.5434
4980,59.2701,102.103,63.4274,43.1758,35.7519,81.1768,13.0079
5010,61.066,104.263,64.6269,39.9127,35.1426,78.5658,12.8341
5040,61.6649,98.862,65.6945,41.5257,37.3415,80.2058,13.4887
5070,61.2052,101.377,65.6206,40.2536,35.9741,78.0132,12.8423
5100,60.4098,101.032,65.9678,40.8738,37.2846,76.4454,13.1955
5130,60.4708,104.172,61.9917,41.4146,34.5751,77.8012,13.303
