Time,FC,PAS,PAM,PAD,temp,SpO2,FR
-1,125,78,50,42,35.5974,92,27
0,137.5,85.8,55,42,35.099,92,29.7
30,135.757,87.0145,54.102,42,34.6007,92,30.2346
60,139.918,85.3635,56.1619,42,34.1023,92,29.1262
90,135.041,87.2147,55.8454,42,33.6039,92,29.3783
120,138.833,87.6499,54.604,42,33.1056,92,30.3512
150,134.374,84.4587,55.0289,42,32.6072,92,29.5866
180,139.266,84.6226,54.1962,42,32.1088,92,29.7275
210,139.496,85.8891,56.1434,42,31.6105,92,29.5567
240,139.744,86.2551,54.2693,42,31.1121,92,29.8502
270,140.368,84.3404,55.0917,42,30.6138,92,30.2388
300,135.532,86.9525,53.7658,42,30.1154,92,29.0025
330,135.079,84.4414,54.3258,42,29.617,92,30.3265
360,153.566,87.5284,60.2776,42,29.1187,92,30.3049
390,148.9,85.5644,60.4723,42,28.6203,92,30.4102
420,134.261,87.9326,54.0074,42,32.8102,92,30.2381
450,138.327,86.6152,55.9031,42.42,37.3281,92.92,29.9657
480,136.844,84.7853,55.5526,42.1148,36.8987,94.1206,30.3138
510,137.835,87.4571,55.7678,41.9052,36.2067,98.2079,30.5577
540,134.492,86.9587,55.0453,42.5213,37.8067,94.5965,29.4314
570,133.25,69.9958,44.7536,34.2751,36.5732,88.9694,27.9742
600,132.903,68.5865,43.6836,34.887,36.9713,87.2268,28.1907
630,133.431,68.7393,43.0436,32.8885,36.7074,83.0424,27.8274
660,133.183,67.9235,43.2996,34.6798,36.9585,80.4763,27.1966
690,128.271,69.004,44.8655,34.4363,36.7935,77.6799,25.1354
720,115.842,62.3862,36.0994,32.0385,37.1033,73.2595,25.0452
750,105.527,57.8519,24.0019,28.9127,37.3394,68.2826,24.2778
780,105.844,58.0509,24.3137,28.2844,36.1325,89.0221,23.9318
810,102.478,57.0948,23.2489,28.9157,36.1822,83.6122,23.7171
840,100.826,59.4612,23.3578,27.8471,36.9722,81.7319,23.0597
870,102.154,57.429,23.7292,29.3353,37.4902,78.1799,22.3661
900,101.291,74.5686,34.4606,27.4502,36.6442,70.7349,22.1691
930,102.676,74.3874,35.5859,27.5743,37.7174,70.9895,21.971
960,102.064,74.6428,36.0665,36.9248,37.4591,67.42,21.7258
990,106.214,76.2318,46.4195,36.8741,36.7947,63.8702,21.0772
1020,104.413,72.3315,44.5621,37.2898,36.9073,61.0913,21.5433
1050,108.492,74.2747,45.0327,36.8824,37.6388,55.3943,21.3393
1080,99.118,70.7859,37.5497,33.8771,36.7699,55.8308,21.7764
1110,109.985,68.373,43.9646,30.6944,36.5242,50.8872,23.6227
1140,106.649,71.9703,41.6433,31.2043,36.3979,44.6269,22.7651
1170,106.6,70.554,43.6658,30.348,36.6174,40.4584,23.3793
1200,110.085,68.3478,41.6766,31.3905,36.5656,36.6878,23.9577
1230,130.921,81.1346,52.6509,30.7259,36.7745,35.6402,28.4071
1260,112.936,77.3351,48.0021,31.757,37.0369,29.1929,27.9926
1290,113.485,76.8056,48.4519,31.9132,38.0589,25.0296,29.0125
1320,111.318,76.0266,48.6486,32.3256,36.8017,26.6759,28.5361
1350,98.2848,63.1076,39.6828,31.9016,37.2571,25.5018,22.5468
1380,100.769,64.5355,39.6146,30.5198,36.6157,26.694,22.2943
1410,128.656,81.2369,52.1263,32.405,37.5986,25.4941,28.3042
1440,140.492,86.3041,56.1337,31.9405,36.5883,28.8301,30.6706
1470,143.782,88.5408,56.8187,32.1202,37.2958,27.6395,31.4413
1500,141.378,90.5918,57.8266,32.1451,36.8852,29.3034,31.9884
1530,116.467,72.366,47.4647,30.567,37.3295,28.2336,24.8149
1560,115.031,74.5078,47.7625,30.3309,37.536,27.1052,25.8345
1590,118.952,72.0655,46.7946,31.1056,36.5923,28.5925,24.9976
1620,118.186,72.2287,47.7077,32.2304,37.5011,27.2913,25.8254
1650,96.8882,61.5593,40.6469,31.6581,36.8224,27.7971,21.986
1680,100.766,59.8327,40.2923,30.9713,37.4263,28.9662,20.9377
1710,97.0689,59.751,38.2048,31.0413,36.3611,28.4613,21.5458
1740,96.5729,60.5695,40.5181,30.6465,36.7565,29.3837,20.5474
1770,94.686,60.0869,40.2134,30.6588,36.636,28.4111,21.6681
1800,107.872,69.8736,43.4278,31.6529,36.1366,27.709,24.0244
1830,86.7803,51.8532,33.9508,30.6475,36.2497,27.4416,23.351
1860,83.3909,55.4864,33.8342,31.5489,36.2444,26.5467,23.7157
1890,84.9203,55.4526,35.4243,31.437,37.8619,28.7366,23.644
1920,83.74,52.1843,34.5761,32.2995,36.2758,25.9908,23.4567
1950,82.963,53.3206,34.6366,32.2075,36.8964,29.3825,22.6667
1980,85.7519,51.875,34.7448,32.0196,37.7941,29.368,23.1803
2010,82.3559,55.4376,33.5917,31.4357,37.4043,30.1126,22.6794
2040,86.9552,53.8105,35.2909,30.3885,37.1976,26.9254,24.0704
2070,87.2508,52.5716,34.7187,32.3547,37.1412,26.0538,23.8957
2100,82.6517,54.9803,35.7176,31.7884,37.5288,27.9397,23.3528
2130,106.63,65.2906,43.4517,32.2309,36.0519,30.523,23.5879
2160,106.655,68.4714,42.3753,31.5608,36.6856,26.9474,23.8755
2190,101.553,66.4393,42.6514,32.174,37.1555,26.4428,24.2085
2220,103.168,65.124,42.9342,31.2406,37.5975,28.6263,23.1289
2250,106.308,64.5817,42.758,31.6111,36.2568,28.237,23.7142
2280,102.849,66.6788,43.6217,30.5366,36.5957,27.8748,23.9822
2310,106.513,67.3466,41.892,32.2036,36.0137,30.0352,24.0998
2340,106.202,64.4977,42.697,30.495,36.1115,27.2515,23.7216
2370,101.513,68.3556,42.8151,32.1272,37.4792,27.1526,23.6395
2400,101.712,67.889,43.7138,31.1071,36.2986,30.1549,23.6555
2430,105.494,65.9806,41.4991,31.3196,37.6144,28.0724,23.4847
2460,101.517,66.0552,41.4041,32.095,36.4449,29.2818,24.3367
2490,104.455,64.5505,42.2505,31.5476,37.4117,26.288,23.5938
2520,106.344,66.0262,43.4988,32.2006,35.9722,29.9456,23.3296
2550,103.608,67.9599,43.0554,30.4109,35.9691,30.0542,23.718
2580,101.753,66.19,43.4441,30.7031,37.0469,25.9179,22.9626
2610,101.517,67.9408,43.6167,31.5486,37.0872,27.6535,23.1772
2640,105.307,66.8549,42.6731,31.2656,37.1874,28.1726,23.4025
2670,107.265,66.5319,42.6036,31.0792,35.9499,27.299,23.4627
2700,102.818,65.9174,43.4047,31.2816,36.692,29.3258,23.7776
2730,96.5729,64.0452,39.815,31.2659,36.5192,28.2797,22.0411
2760,107.09,69.8795,45.1997,34.9709,36.2791,29.0176,21.0391
2790,106.677,71.8246,46.5345,35.9772,36.5829,26.5364,21.2117
2820,110.288,73.0498,46.9501,37.7804,36.7751,28.609,21.0906
2850,107.212,72.5362,47.2964,36.7671,35.7075,27.8588,21.8325
2880,109.699,75.251,46.9678,37.3723,37.1131,29.5173,21.5111
2910,107.42,73.1097,47.4006,36.4781,36.7215,27.7645,21.2152
2940,107.315,73.4947,47.2549,37.4707,37.3924,28.0973,21.7041
2970,110.695,71.362,47.9864,37.4614,36.2899,29.8062,20.9679
3000,109.725,72.2784,48.0712,37.8318,35.9564,29.1368,21.6703
3030,107.054,73.2237,46.1043,36.1791,37.3044,26.2694,21.3606
3060,110.559,73.2395,47.7447,37.1907,35.6251,28.6885,21.2796
3090,113.63,71.438,45.7512,37.0395,35.8324,26.4117,21.164
3120,110.349,75.327,46.9518,37.7745,35.9423,28.4743,22.0064
3150,109.697,72.2268,46.9058,36.6829,36.8452,29.555,21.6013
3180,111.347,74.9508,45.5458,36.179,36.0946,30.0326,22.6246
3210,109.376,73.2878,46.0539,36.5228,36.4518,27.5023,23.4211
3240,112.268,73.8619,46.3602,36.1961,35.6018,29.6179,22.8131
