Time,FC,PAS,PAM,PAD,temp,SpO2,FR
-1,98,187,135,114,37.3377,94,19
0,107.8,205.7,148.5,114,36.815,94,20.9
30,108.337,207.18,150.712,114,36.2923,94,20.6145
60,109.797,208.91,147.448,114,35.7696,94,20.616
90,105.9,201.429,150.61,114,35.2468,94,21.2597
120,106.977,206.806,148.881,114,34.7241,94,20.4602
150,107.514,205.704,146.661,114,34.2014,94,20.5071
180,106.517,205.22,150.482,114,33.6786,94,21.3718
210,106.65,204.217,150.464,114,33.1559,94,20.6935
240,109.8,207.43,147.654,114,32.6332,94,21.1667
270,107.808,210.262,147.489,114,32.1105,94,20.7743
300,105.816,206.336,151.315,114,31.5877,94,21.1434
330,107.833,208.927,146.178,114,31.065,94,21.0783
360,117.109,202.215,159.609,114,30.5423,94,20.9504
390,117.47,207.511,161.019,114,30.0196,94,21.2278
420,118.232,209.133,150.417,114,30.8921,94,21.29
450,114.855,201.509,150.379,115.321,32.5187,95.4373,21.1115
480,109.37,207.442,149.251,114.647,32.1251,94.9046,20.6573
510,107.728,205.608,145.799,114.465,33.276,100.93,21.0952
540,107.348,207.209,150.525,112.251,34.5785,98.9729,20.5625
570,105.408,164.361,115.168,91.9662,35.0808,96.3352,19.895
600,106.231,157.378,122.428,91.4389,35.0443,94.4116,19.0695
630,105.491,161.831,115.322,89.8267,37.547,89.6152,19.0265
660,101.011,172.008,116.056,91.3832,37.306,89.7225,18.9954
690,101.864,162.26,120.842,92.4703,36.8407,88.3803,18.1536
720,140.019,79.7814,120.029,55.2049,37.0216,85.9888,17.4483
750,138.531,83.7784,116.63,54.1238,38.3119,87.5838,17.4381
780,143.345,80.8986,120.462,52.3143,37.5249,88.9287,16.3255
810,139.796,83.9493,114.005,52.118,36.177,84.8623,16.8426
840,136.642,125.137,152.62,54.852,36.8218,81.9969,15.6794
870,135.366,126.037,149.245,55.7003,37.9732,79.3508,15.1307
900,135.727,121.815,146.425,76.0313,37.0508,80.1117,15.3209
930,139.394,126.548,143.621,78.38,38.1479,75.7576,15.9714
960,139.448,119.188,151.846,77.4989,35.9389,75.8349,15.2859
990,135.88,118.792,149.112,75.8364,38.1591,74.2312,15.9068
1020,140.132,124.304,149.183,74.8635,36.0637,70.5623,15.837
1050,142.254,124.314,148.566,77.0602,38.2953,70.0407,15.7567
1080,136.757,116.235,152.895,78.1756,37.273,65.8361,15.8117
1110,138.315,120.322,151.123,77.0921,37.6246,65.8433,16.3897
1140,139.976,127.521,146.009,79.0143,37.8946,60.5934,16.0085
1170,139.059,125.626,153.404,76.873,36.9255,61.2455,15.97
1200,140.449,118.146,149.498,75.2164,36.5319,60.1791,16.132
1230,96.3367,170.898,154.378,99.308,37.4755,59.1804,15.2678
1260,94.9496,145.786,137.298,84.5938,36.4642,55.8563,15.5942
1290,83.3079,148.205,81.1305,83.8092,37.6977,53.4553,15.9095
1320,82.4653,147.105,85.9118,82.7532,37.344,87.292,15.7779
1350,81.4466,145.828,83.9518,86.2102,37.8768,86.0593,15.0529
1380,83.2078,151.71,82.6168,85.9698,37.683,87.2051,15.9898
1410,80.8335,139.841,84.6104,83.0631,37.3349,85.8421,15.5058
1440,83.838,148.081,84.8549,83.9135,36.3607,86.5181,15.3779
1470,82.524,137.873,82.7918,83.8314,38.2596,87.1461,15.2921
1500,84.1235,145.083,85.9322,82.3957,37.1895,94.0639,16.2002
1530,86.4536,141.072,119.8,84.3924,37.8243,93.7022,15.776
1560,86.4741,137.173,121.71,84.7268,37.6686,94.4687,15.7496
1590,89.9447,139.646,121.468,83.1723,38.2883,92.9195,15.659
1620,84.9091,119.703,109.065,73.1623,36.3942,92.5889,15.7109
1650,89.9886,132.395,117.12,70.0872,38.4231,93.4242,17.6558
1680,90.5821,128.562,114.687,69.9037,37.1502,93.1594,17.1682
1710,90.5897,127.644,115.3,72.7982,35.9671,91.0282,17.4312
1740,90.1749,127.002,114.423,70.511,37.9105,93.7208,16.8734
1770,109.927,156.202,136.788,73.3541,37.5203,94.1796,20.5418
1800,93.2923,133.44,114.124,73.3694,38.0441,91.6222,20.8427
1830,92.6413,138.034,113.977,70.774,37.7671,95.041,21.0666
1860,94.4164,134.496,117.958,74.0768,37.0327,90.805,20.5901
1890,92.7297,132.966,118.469,71.8861,38.6169,93.5813,20.641
1920,96.1815,137.863,113.45,72.6425,36.9246,91.2185,21.0129
1950,92.437,133.663,117.948,70.1239,37.9228,99.0724,20.4843
1980,92.9366,137.178,113.35,72.0751,36.0327,98.5943,20.7832
2010,93.1589,137.136,117.89,70.8317,37.1713,97.5649,20.8016
2040,93.3627,135.882,113.55,73.649,37.2528,97.7284,21.2142
2070,109.396,158.348,140.842,74.3103,37.3158,95.6292,22.5564
2100,109.56,155.921,140.793,73.3089,36.9909,96.1609,22.552
2130,109.083,155.621,139.305,73.6354,36.7952,96.5989,22.9539
2160,110.52,157.852,139.668,72.3209,36.9124,97.4042,22.1732
2190,110.435,158.448,135.804,74.2279,35.9891,97.315,22.814
2220,108.487,158.225,138.437,71.8265,36.8411,99.5256,22.5868
2250,110.837,159.723,137.47,71.671,37.9408,96.7439,22.6217
2280,107.486,155.58,136.131,72.3927,37.0089,98.1174,22.229
2310,107.46,160.101,136.039,70.8839,37.667,99.9246,22.1657
2340,111.337,159.096,138.179,69.9681,36.4461,97.7694,22.2078
2370,111.563,162.005,138.246,73.3573,37.7295,96.7511,22.6267
2400,111.178,158.288,136.246,71.0431,38.3967,97.0031,23.0287
2430,109.029,158.576,136.861,70.5031,37.4514,96.1053,22.9712
2460,110.565,160.262,140.782,69.8218,36.2539,95.616,22.1924
2490,109.09,159.539,140.137,73.9979,36.2382,97.4462,22.4097
2520,109.914,159.63,138.708,72.4208,37.5428,97.9214,22.776
2550,115.795,170.85,150.314,71.6096,35.3313,96.7712,23.4751
2580,117.083,166.792,149.955,73.3766,38.2186,99.2459,22.95
2610,116.001,169.996,146.404,73.712,37.7522,96.0025,23.1878
2640,114.893,170.38,145.963,72.1644,37.4058,96.3203,22.8779
2670,115.859,165.238,148.507,71.9153,36.7612,96.4521,23.5663
2700,114.722,164.922,149.337,74.1719,37.5509,96.0369,23.1429
2730,115.048,166.898,147.215,70.2872,37.2701,97.9768,22.8746
2760,114.909,169.506,149.255,73.9203,36.8372,95.3939,23.3933
2790,118.155,168.96,146.821,70.4649,36.297,95.4194,23.2952
2820,116.128,170.244,149.007,71.8302,36.5406,99.3508,23.2539
2850,114.255,165.708,149.451,74.1751,36.1944,95.6425,23.5715
2880,118.456,170.324,150.189,70.3697,37.25,99.0513,23.4154
2910,117.297,172.254,150.456,73.4983,36.9151,96.9636,23.7205
2940,119.001,171.834,148.453,73.74,36.309,96.7269,23.5698
2970,119.337,171.927,150.233,70.266,36.3201,99.2456,23.8544
3000,120.681,169.117,147.26,70.8738,36.973,98.7857,23.6059
3030,123.163,168.569,149.468,71.7573,36.8058,96.3065,23.7495
3060,128.942,172.787,154.802,72.515,36.1538,96.0313,23.5799
3090,130.48,174.812,152.626,70.9592,35.9689,95.6382,23.4819
3120,130.432,169.697,152.65,71.0125,34.8233,99.0264,23.7797
3150,130.662,170.713,152.843,74.7562,35.8672,98.8562,25.0614
3180,129.877,172.131,153.398,70.6998,36.4923,96.4117,24.9934
3210,132.015,172.907,153.887,71.0755,36.865,96.287,25.3901
3240,132.46,172.898,153.692,74.8306,36.0452,97.708,25.057
3270,130.574,170.866,151.177,74.1184,37.3837,94.9179,25.7181
3300,128.13,170.267,156.187,73.8912,36.2099,90.2508,24.9583
3330,129.203,174.393,152.623,72.5274,35.849,91.5905,24.7398
3360,125.244,171.644,156.25,73.2999,37.0953,89.2479,24.7421
3390,124.635,175.192,155.937,74.8036,36.4505,88.1755,25.1653
3420,126.316,175.999,153.357,72.9704,35.4123,85.6012,25.1002
3450,122.909,177.423,151.877,72.6182,37.0234,82.6899,24.8067
3480,122.037,173.066,151.551,74.175,36.3881,82.9362,24.2231
3510,122.109,176.119,152.868,74.9672,35.5244,79.8658,23.5088
3540,123.124,170.195,154.825,75.1235,36.2488,80.2678,23.5372
3570,119.501,176.426,152.259,74.5574,37.1163,78.7102,23.213
3600,118.459,173.098,155.181,72.6095,36.0181,81.1459,22.9208
3630,119.994,170.969,154.375,74.8555,35.5238,77.7897,22.6095
3660,119.367,176.009,152.708,74.9827,34.764,80.8812,22.8201
3690,121.545,177.161,153.295,73.6233,36.9691,80.5603,22.9882
3720,118.799,172.788,152.004,72.5072,34.5386,77.9819,22.8185
3750,118.708,175.008,153.636,73.0558,37.1978,81.781,22.5643
3780,119.544,170.712,152.274,73.2623,36.4189,78.4967,22.3246
3810,121.674,173.824,154.59,73.048,35.461,79.2893,22.7567
3840,120.809,173.011,155.847,74.1004,36.9538,79.6217,22.8653
3870,120.569,175.795,151.798,73.24,36.8341,82.2513,22.974
3900,118.407,169.986,152.687,71.811,36.9957,79.6235,23.1146
3930,121.87,176.79,153.271,71.7203,35.9636,81.9383,23.0987
3960,118.34,174.366,154.414,73.039,37.1047,79.2768,22.4723
3990,120.848,171.596,155.017,70.8811,35.8284,82.4671,22.6043
4020,120.488,170.097,154.122,73.4031,36.7698,83.0751,22.6894
4050,119.844,177.266,156.383,74.7382,36.0416,86.3579,22.4615
4080,96.8369,137.743,122.483,72.8886,35.427,87.8345,22.7784
4110,95.0689,137.81,121.83,73.9882,37.5936,86.9119,22.3849
4140,96.459,139.577,122.456,72.1456,36.303,92.1514,22.0032
4170,95.0122,137.692,121.756,70.8808,37.1253,93.839,22.481
4200,93.5029,141.272,122.422,72.6193,35.9962,94.5594,22.4286
4230,93.6198,138.186,123.403,71.1529,35.4584,97.6653,21.9547
4260,96.9095,141.029,123.759,72.3625,35.3487,98.8465,22.7057
4290,94.9196,138.717,126.736,71.542,36.0026,102.445,22.2488
4320,94.695,142.517,126.064,72.9689,36.1962,98.9173,22.7195
4350,95.6197,138.043,121.799,74.6041,37.0337,102.864,22.546
4380,89.6735,132.262,116.178,74.521,36.2386,102,18.1362
4410,88.1204,135.259,116.145,72.1629,36.6422,101.867,17.9731
4440,91.521,134.031,116.853,73.6021,36.3526,101.114,17.685
4470,90.8094,134.367,117.063,72.8789,35.1597,99.4432,17.9352
4500,89.8617,132.138,118.453,74.8138,36.4771,102.29,18.1691
4530,91.7395,136.884,117.07,71.7537,37.685,102.976,17.954
4560,89.9138,131.113,117.484,71.8227,36.9172,101.527,17.4995
4590,89.751,136.972,119.271,73.834,36.1567,100.207,17.8381
4620,88.5213,136.826,118.22,70.83,35.1632,103.046,17.4007
4650,88.5132,131.556,117.361,75.0873,35.2309,101.614,17.9506
4680,89.5941,137.748,120.711,74.7548,37.108,98.8686,17.6405
4710,89.8249,135.796,115.893,73.218,36.2893,99.0513,18.0366
4740,88.9998,134.532,120.055,72.5842,37.4422,100.822,17.3569
4770,91.9742,136.229,121.02,71.5449,35.7343,102.639,17.7677
4800,90.5433,136.314,117.732,73.1279,35.9872,102.655,18.1164
4830,88.7228,137.122,117.998,74.4824,36.0035,101.419,17.8659
4860,88.4327,133.279,115.763,70.7373,35.7297,98.6624,17.5201
4890,89.1267,130.08,117.825,72.3896,36.1864,102.555,17.6395
4920,88.2163,131.719,120.396,72.9015,37.1024,100.19,18.1519
4950,90.6433,136.117,119.696,75.2004,35.711,101.267,17.765
4980,81.1086,120.593,105.941,70.7667,35.5764,99.5543,14.9705
