Time,FC,PAS,PAM,PAD,temp,SpO2,FR
-1,70,105,65,54,35.8052,99,12
0,77,115.5,71.5,54,35.304,99,13.2
30,75.5254,118.226,69.8868,54,34.8027,99,12.9959
60,76.5063,117.263,69.8557,54,34.3014,99,13.4822
90,76.0774,116.069,71.8545,54,33.8001,99,12.9629
120,75.1251,115.104,72.0101,54,33.2989,99,13.0949
150,76.2899,117.841,71.7166,54,32.7976,99,12.9032
180,77.9535,117.155,69.7961,54,32.2963,99,13.3386
210,78.8681,113.716,71.558,54,31.795,99,13.0815
240,78.7432,117.151,72.9945,54,31.2938,99,13.4633
270,77.7419,115.06,70.8969,54,30.7925,99,13.2621
300,77.6781,113.952,71.5017,54,30.2912,99,12.9835
330,76.1802,113.7,73.1355,54,29.79,99,13.3827
360,82.7717,118.208,80.483,54,29.2887,99,13.1963
390,85.9853,118.087,78.0317,54,28.7874,99,13.3268
420,77.6704,113.743,77.444,54,29.198,99,12.8919
450,77.3833,113.815,77.9704,54,29.6087,99,13.3339
480,76.1222,116.834,72.8947,54,30.0193,100,12.8973
510,77.8049,112.661,69.9301,54,30.4299,99.1124,13.0051
540,96.4877,94.1249,56.3135,50.22,30.8405,94.9219,0
570,93.4964,93.0926,56.2831,50.22,31.2512,92.2224,0
600,94.1411,96.6407,54.7623,50.4492,31.6618,86.9932,12.575
630,94.644,94.9115,57.0899,50.3662,32.0724,85.5892,12.4331
660,88.4278,84.92,47.7127,42.2236,32.4831,78.5242,12.2414
690,77.8142,77.7014,30.5651,41.4321,32.8937,77.4853,12.0145
720,80.229,78.9706,32.4224,41.6306,33.3043,94.3668,11.8918
750,79.0058,80.4826,31.1568,42.8693,33.715,91.5486,11.7331
780,75.5186,81.8722,32.3807,43.1502,34.1256,87.7652,11.0888
810,77.2326,82.2739,32.4016,43.1136,34.5362,83.7268,10.6814
840,77.679,81.9404,31.01,43.628,34.9468,83.4096,10.5396
870,75.9815,79.8943,30.4745,43.3034,35.3575,76.8176,10.4631
900,76.0096,82.4867,32.2832,43.4692,35.7681,78.663,10.57
930,81.6989,80.6437,43.4196,42.6258,36.1787,74.3263,10.481
960,81.962,81.8528,44.4244,42.8377,36.5894,72.2991,10.5829
990,81.4754,79.4477,44.8368,43.7144,37,67.4566,10.4598
1020,76.3928,74.9883,36.4486,35.4802,37,65.1766,10.3209
1050,81.3413,76.9787,40.9644,35.166,37.4426,63.3689,11.4036
1080,81.5613,74.1316,41.9542,37.2334,37.1442,57.4988,11.557
1110,81.451,75.8382,41.2836,37.2754,36.9771,58.1998,11.3331
1140,80.4238,76.8855,41.7905,36.6065,36.2323,50.9109,11.55
1170,81.9196,75.7728,41.5287,36.6947,36.9821,47.9579,11.8553
1200,81.8642,77.1801,42.2332,36.5961,36.4896,47.8355,11.8115
1230,75.6209,65.6672,38.4228,35.4417,37.3773,43.8609,10.4045
1260,73.5366,68.6761,38.6922,35.6668,37.1719,41.9957,10.3179
1290,75.1958,66.2318,39.4218,34.8826,37.4257,40.9172,10.6711
1320,73.6355,65.5155,38.9942,35.9849,37.7953,41.2213,10.3779
1350,94.6757,87.4608,50.8786,37.2507,37.5448,40.6771,13.3697
1380,95.8554,88.0999,49.7839,36.5875,37.1743,41.2093,13.2842
1410,94.789,88.0181,48.8197,37.0221,36.1523,41.1441,13.705
1440,96.7855,86.6272,50.4167,37.3418,37.1462,40.7075,13.4935
1470,76.7108,107.476,65.0984,39.8879,36.3055,40.985,13.6016
1500,77.9879,106.988,65.3897,40.2694,37.1169,41.1537,13.3637
1530,76.5505,106.271,65.9929,38.9424,36.2322,41.2103,13.3964
1560,97.4073,89.1812,49.985,36.1083,37.4079,41.287,0.260896
1590,95.1237,87.9075,51.5855,37.9675,37.6116,40.6994,0.0695255
1620,97.3703,88.6978,49.8437,37.8852,36.4122,41.0479,13.5296
1650,96.652,87.4059,51.4026,36.5382,37.3373,40.9663,13.4065
1680,96.7267,87.2737,50.9552,37.6592,36.7642,41.0086,13.6384
1710,94.4238,87.9032,50.9734,36.9294,36.4687,40.7562,13.4079
1740,94.2538,87.4882,51.3062,38.227,36.6408,41.0746,13.6861
1770,95.7704,86.9878,50.5773,36.5896,37.6651,40.574,13.4919
1800,95.9612,87.9366,51.4279,36.7555,36.1933,40.7008,13.2974
1830,95.5935,88.8304,51.6133,37.2229,36.8919,40.7649,13.7265
1860,96.34,87.8345,50.1745,37.5832,36.2448,41.1786,13.617
1890,95.4605,87.6788,51.0098,37.9814,37.7902,41.2121,13.3332
1920,96.8,89.2356,51.0652,36.8013,37.0931,40.7355,13.5902
1950,105.468,96.8745,56.2029,36.1982,36.6549,40.891,14.844
1980,105.951,98.0353,55.7517,36.9661,36.7306,41.0582,14.6132
2010,104.893,97.0802,56.4881,37.8916,36.2211,40.7909,14.9162
2040,103.392,95.8444,56.5838,37.7909,36.3684,40.8385,14.623
2070,105.793,97.6019,56.4042,36.7814,36.3263,40.8792,14.7429
2100,104.903,98.6397,56.8439,36.5272,37.3347,40.8756,14.8605
2130,103.492,95.4784,56.2833,37.1202,37.2931,40.9309,14.719
2160,105.89,98.3838,54.662,37.6812,36.2125,41.2127,14.8245
2190,104.162,96.0988,56.1537,38.1014,37.8169,40.8637,14.6895
2220,103.636,98.4954,56.0792,37.2172,37.5457,40.9786,14.918
2250,105.001,95.0578,55.3709,37.188,36.3656,40.5795,15.0471
2280,106.158,97.2664,55.3099,37.2731,36.8647,40.812,14.7059
2310,105.081,95.9589,56.5641,37.6567,37.0633,40.914,14.8899
2340,105.001,98.6795,56.807,37.2781,37.564,40.967,14.6008
2370,105.426,95.541,56.5067,36.2602,36.3943,40.6498,14.8502
2400,104.493,95.7806,55.9591,36.4002,37.5171,41.22,14.9017
2430,104.078,95.9973,56.9466,37.6042,37.0168,41.1634,14.7761
2460,101.227,52.0786,27.8566,34.5728,36.5286,40.5691,-4.13651
2490,82.1121,73.2411,42.1335,37.5786,37.4695,41.2705,0
2520,85.1071,71.2457,42.5316,36.7313,36.6642,41.2234,14.6141
2550,82.2764,74.0108,41.9851,36.8391,36.1855,40.6005,14.4253
2580,83.8823,74.4451,42.8499,37.4936,36.495,40.9634,14.4838
2610,83.5514,73.222,42.2579,37.3012,36.4681,40.8114,14.5039
2640,85.2439,72.0997,43.942,38.0941,36.8846,40.7047,14.4914
2670,84.5239,71.2871,43.0785,38.0116,37.78,41.0228,14.4972
2700,85.2956,73.7016,42.1726,37.361,37.2403,41.0099,14.4981
2730,84.8692,71.5258,42.4665,36.8878,37.5277,40.9161,14.8348
2760,85.3516,74.2525,41.8112,38.2468,36.4173,41.2397,14.8384
2790,90.7291,76.6238,44.4347,36.994,36.5703,40.9543,16.0227
2820,89.2518,76.7965,45.3713,36.553,37.7569,40.9639,16.2619
2850,90.4495,76.7791,46.56,37.035,36.7509,40.6686,16.2639
2880,89.1191,78.7487,45.8154,36.5051,37.0585,40.9899,15.9646
2910,91.0512,78.1316,46.7729,36.9095,37.3012,41.2772,16.2595
2940,91.7838,78.1414,46.719,36.4441,37.3849,40.7932,16.052
2970,90.7174,79.6598,44.4546,36.5261,36.227,41.2165,16.1811
3000,90.1294,76.3107,45.1037,37.4636,37.4406,41.1865,16.2744
3030,89.5273,77.8504,46.5056,38.2948,37.8637,41.1669,16.0682
3060,90.7602,79.2656,44.5227,37.3867,36.671,41.288,16.2429
3090,88.7068,77.347,46.7817,37.5734,36.4875,44.1764,16.3911
3120,91.3629,77.2657,46.5509,36.9619,37.4619,48.2467,16.2237
3150,89.7914,78.7908,45.627,36.3875,37.8362,51.5104,16.412
3180,91.8589,79.8245,46.6363,37.8542,36.5638,52.7951,16.7417
3210,89.6412,76.4658,46.6117,36.8078,37.529,57.9695,17.0295
3240,91.199,78.3844,46.4524,37.7764,36.7949,57.3291,17.2936
3270,91.1721,79.6286,45.7948,37.0287,36.5168,61.1161,17.7901
3300,89.7378,76.8509,46.4471,36.7948,36.3355,66.8336,17.3148
3330,89.2359,77.2143,45.9886,37.6989,36.808,66.9327,18.0558
3360,110.041,63.4478,36.0352,35.5608,36.1919,67.5274,0
3390,78.1255,73.445,42.7634,36.6138,36.9635,70.6908,-2.96768
3420,81.8966,81.2997,50.6041,44.1431,36.1699,69.0576,14.9998
3450,84.2285,87.1247,51.2522,43.3678,36.8138,72.8155,14.9114
3480,82.5361,87.9246,51.8119,44.3397,37.1292,74.256,14.8231
3510,82.2594,88.9608,50.6332,44.4121,37.1205,73.6086,14.4768
3540,83.8706,88.6561,51.7091,44.6219,36.7888,73.8678,14.1305
3570,82.4845,88.9344,51.2697,43.5847,36.4322,76.8441,13.7842
3600,81.4801,86.6837,51.3465,44.3903,36.5351,74.3707,13.4379
3630,83.5241,88.1952,50.9698,44.9352,37.6178,75.9901,13.0916
3660,82.017,88.5482,51.5838,44.5147,37.2389,78.2148,12.7453
3690,82.309,88.7258,51.9109,43.6832,37.3352,78.5713,12.7453
3720,84.8043,86.272,50.507,43.4912,36.6039,81.1394,12.9121
3750,84.1726,88.2263,50.6207,43.9355,36.6566,81.5396,12.6058
3780,83.3743,88.1289,51.0154,44.3809,36.7966,85.231,12.6147
3810,83.5274,87.3298,51.6856,43.9704,36.456,83.9715,12.8314
3840,87.3898,88.601,50.4793,44.6527,37.6544,83.2189,13.0051
3870,85.2451,88.3638,51.6115,44.4908,36.7489,84.2649,12.4484
