Time,FC,PAS,PAM,PAD,temp,SpO2,FR
-1,118,90,55,44,38.9361,93,29
0,129.8,99,60.5,44,38.391,93,31.9
30,128.634,101.301,60.4626,44,37.8459,93,31.3143
60,132.38,99.0245,61.1006,44,37.3007,93,32.2766
90,128.723,99.3531,59.0496,44,36.7556,93,31.4592
120,132.121,97.6663,61.7939,44,36.2105,93,31.46
150,132.134,99.711,61.4107,44,35.6654,93,31.4768
180,131.124,100.062,59.5944,44,35.1203,93,31.8893
210,128.66,99.4599,62.0042,44,34.5752,93,31.3574
240,131.481,96.5846,61.1961,44,34.0301,93,31.4557
270,126.576,99.5114,60.3518,44,33.485,93,31.3361
300,127.561,100.283,61.3744,44,32.9399,93,31.398
330,127.793,98.9971,61.7067,44,32.3948,93,32.0502
360,145.063,96.6059,65.7272,44,31.8497,93,32.4807
390,139.606,100.472,67.8054,44,31.3046,93,32.0928
420,132.989,99.3911,65.8392,44,31.5894,93,31.3012
450,130.983,100.12,67.8713,44.2181,32.4482,91.4413,31.6171
480,130.558,99.4031,61.9153,45.4566,31.4372,90.6128,32.6151
510,130.856,101.256,63.1922,43.0151,32.2348,104.59,32.0464
540,129.727,99.9572,61.1554,44.6718,32.1885,99.4445,31.1861
570,129.16,79.3426,49.755,33.665,32.8866,94.7535,29.9176
600,124.142,79.8805,48.8118,35.7209,33.6324,90.672,29.325
630,124.71,78.7224,49.4773,34.2984,32.5187,85.4264,28.173
660,127.081,77.0452,50.1077,35.2021,33.0673,83.8234,27.8772
690,123.497,81.0921,51.1782,33.5179,34.495,81.0494,27.5554
720,170.204,38.2166,46.4581,20.7345,34.216,75.3784,27.5187
750,169.149,36.0638,47.9375,22.3591,35.2289,83.4674,26.1409
780,164.027,36.9387,45.8525,22.0392,35.207,82.867,25.0014
810,166.202,42.5855,47.8241,21.1336,35.4382,75.3949,24.4536
840,166.372,58.2944,46.7601,22.1588,35.0834,75.589,24.0974
870,164.028,59.3978,45.0704,22.6298,36.4346,69.9037,24.1286
900,166.218,56.9477,44.6543,31.9525,37.0573,66.2068,23.3418
930,165.499,56.6328,50.3085,30.6939,36.7516,62.7425,23.8794
960,169.489,55.8719,59.0935,31.6395,36.2636,56.3925,23.4182
990,164.284,58.2575,62.566,29.5662,36.8838,56.4225,24.246
1020,168.351,54.819,59.3663,29.6966,36.4837,48.1222,23.2747
1050,164.806,62.4487,63.14,29.2421,36.5413,45.4348,24.4733
1080,164.988,54.9766,57.1666,28.8956,38.2077,42.2097,23.8823
1110,165.516,58.7493,59.6621,29.5838,36.4668,40.8389,23.9315
1140,168.795,54.5969,59.4522,30.7309,38.7635,35.3866,23.727
1170,166.711,59.305,59.2248,31.8037,36.3582,30.016,24.3636
1200,170.583,56.9515,60.3693,32.0335,38.2124,25.2613,23.0277
1230,113.981,77.702,58.9902,39.0534,38.199,24.1837,23.7361
1260,112.552,72.4316,50.6411,37.8494,36.8153,19.4036,23.7717
1290,100.464,72.4448,35.8901,34.8894,38.6,17.467,24.278
1320,98.2634,69.3454,35.6711,34.7355,37.1616,70.0977,23.5374
1350,99.8701,66.322,35.6174,34.663,38.4232,73.0078,23.5059
1380,100.991,74.7464,38.188,33.7231,38.1264,69.656,23.874
1410,101.463,67.2519,35.8244,35.9555,37.0902,74.2945,24.2519
1440,101.06,70.2742,38.7326,34.8179,37.3851,71.9959,23.6018
1470,101.309,74.3963,38.5861,35.2926,36.9735,72.4729,23.3015
1500,101.153,70.1501,38.6806,34.7215,37.9586,77.402,24.2146
1530,105.077,67.1092,51.8259,35.673,37.2528,74.5715,23.6304
1560,107.844,65.2612,49.2427,35.4797,36.265,77.1016,23.4932
1590,106.05,64.9999,51.3277,35.0422,37.2253,78.3808,23.5817
1620,101.826,62.1768,45.0202,30.1926,37.5782,75.8011,23.8862
1650,106.928,60.1061,47.9906,30.3528,37.911,74.2638,26.1646
1680,105.98,60.8597,47.2424,28.5023,36.4576,75.6818,26.4479
1710,107.12,59.0953,48.4214,29.9496,37.6285,78.3545,25.8553
1740,106.467,64.4297,46.3723,29.5233,37.6093,74.9507,26.4537
1770,130.93,76.6255,58.7746,28.6775,37.854,78.1017,31.9567
1800,112.298,56.2719,56.0452,29.5732,36.3225,76.3523,32.0687
1830,112.532,55.5689,54.028,30.2437,37.2301,78.3033,32.2297
1860,112.323,55.3531,54.4561,29.9567,37.874,76.9286,31.9225
1890,113.046,57.4301,56.0697,30.1288,37.1153,75.2231,31.9217
1920,114.843,55.5642,52.5941,27.8132,36.997,77.5322,32.0045
1950,114.058,55.8643,54.0263,28.431,36.7282,78.4781,32.0786
1980,112.856,58.9672,54.0996,30.6942,35.9573,79.6734,32.1204
2010,113.066,56.3544,54.5964,29.5231,38.4161,78.0218,32.1746
2040,114.77,55.8295,56.472,27.8317,37.8312,81.0196,31.8775
2070,134.211,69.0138,62.5031,28.1047,37.4645,81.8825,34.2773
2100,132.966,70.2525,62.3388,29.9052,35.8533,79.844,34.2641
2130,132.238,74.6261,60.6608,27.8007,37.2028,82.0762,34.189
2160,133.046,73.7384,62.5768,27.9187,36.7539,80.3204,33.9359
2190,132.871,70.0318,61.3624,29.9348,35.8436,79.8036,34.13
2220,133.289,69.1261,60.3413,30.0687,36.6245,79.9065,34.035
2250,133.458,73.3642,61.569,28.2928,36.0302,81.7649,34.1722
2280,131.922,72.0384,62.5901,29.4009,37.2599,81.6857,34.0021
2310,132.936,70.2802,59.5803,28.9577,37.0516,82.3182,33.8206
2340,133.341,69.7243,63.3153,29.577,37.2038,82.574,34.0601
2370,131.425,71.7336,62.397,27.6682,37.6045,80.7783,33.7767
2400,131.354,70.7545,62.1308,30.4257,36.902,78.7146,34.5075
2430,133.76,70.3199,61.4158,28.0007,37.1841,78.9717,33.9785
2460,133.358,69.358,63.6352,28.5699,37.5254,81.3209,34.0893
2490,132.769,71.2075,61.729,28.1501,36.9535,78.8982,34.4323
2520,133.025,74.0353,62.9448,27.3616,37.3132,82.5153,34.4482
2550,139.459,78.7299,62.3299,30.6268,37.19,78.8444,35.0755
2580,140.269,76.9079,65.2832,30.2917,35.9843,79.0108,35.1364
2610,141.763,80.9191,65.0927,29.9424,38.3869,80.6594,35.0765
2640,141.4,78.3629,63.6432,30.9323,36.2841,82.0748,35.2617
2670,141.522,82.2549,64.3269,29.6325,36.9459,82.416,35.4479
2700,141.899,80.3394,64.7266,30.8692,36.8091,79.629,35.6497
2730,140.967,76.4024,65.2042,29.5419,37.3171,82.1372,35.4955
2760,141.123,77.7383,65.2758,27.7338,37.2186,80.5509,35.2938
2790,140.816,76.5761,61.9302,30.8202,38.242,81.012,35.5614
2820,141.028,77.7288,64.981,30.3808,35.222,81.457,35.6344
2850,139.028,78.9663,63.32,27.9731,36.6835,81.6737,35.4311
2880,140.406,79.35,64.0386,28.0442,35.177,80.2274,35.6443
2910,139.089,79.2729,64.8886,30.9671,36.3091,80.9846,35.197
2940,140.777,78.1713,66.178,30.1305,36.7521,80.0392,35.4513
2970,139.154,81.1814,64.491,30.8079,37.2882,79.4347,35.4422
3000,141.906,81.4945,64.5808,27.7536,36.465,81.3598,35.8144
3030,140.789,78.9373,66.2546,27.9011,37.1111,78.6751,35.2997
3060,145.199,79.2435,67.9536,28.5585,37.0225,81.2433,36.1251
3090,142.867,80.4674,67.2735,28.3493,36.2216,80.8905,35.8266
3120,145.79,80.0565,65.9825,30.4208,35.7573,85.1964,36.0834
3150,144.81,82.9,67.8423,28.8584,35.3325,88.3388,35.5275
3180,143.315,82.4397,65.3043,31.0571,34.9278,93.5511,35.6222
3210,144.029,83.274,65.6627,31.0771,36.4844,95.4758,36.0698
3240,142.727,78.9381,66.6488,29.6103,35.9897,95.4473,35.4412
3270,140.742,80.8732,65.151,28.5486,37.2151,95.5735,34.4845
3300,142.318,83.4109,66.672,29.4387,37.1565,97.8105,33.4083
3330,141.252,79.9038,64.4757,28.0314,36.3534,99.0994,32.9657
3360,142.841,82.3876,64.2245,31.106,37.3373,99.5539,32.567
3390,143.346,80.3878,64.8009,28.6982,35.9891,99.8609,31.6002
3420,141.276,82.372,64.4756,28.1659,36.3944,97.191,31.2669
3450,140.305,81.7531,65.6647,28.8907,35.4084,100.386,31.5621
3480,143.266,78.7472,67.5166,30.6779,36.8621,100.518,31.1518
3510,139.827,79.2147,66.8601,28.3163,36.8131,100.824,31.5312
3540,140.298,85.0711,64.3257,28.5855,36.8974,99.941,31.4502
3570,142.899,85.0324,65.3099,27.8145,35.4412,101.659,30.822
3600,141.486,82.9418,64.3124,30.2763,36.961,98.5197,31.5998
3630,141.878,83.8003,66.6438,30.1247,35.97,101.653,32.344
3660,143.356,83.9917,67.6573,28.8604,35.633,100.245,32.6819
3690,143.173,82.9821,64.708,30.1933,36.156,103.791,33.2905
3720,144.361,79.4228,67.8593,28.1486,34.5433,102.174,33.9249
3750,144.659,79.9726,67.6117,28.3602,36.5514,103.512,34.543
3780,142.988,82.626,65.7465,29.7665,35.8254,103.903,34.7843
3810,143.27,85.0202,64.3839,28.7718,34.6952,102.668,35.0431
3840,142.56,80.803,67.9108,28.7306,35.8537,102.941,34.569
3870,144.137,80.3336,65.2278,28.7183,35.9842,103.149,34.5625
3900,144.294,83.9637,67.1032,30.1461,36.3662,98.4227,35.2207
3930,143.476,80.4288,65.1818,29.4652,36.4957,95.6851,34.9356
3960,141.991,79.7896,68.0296,29.0657,36.1758,93.4043,34.687
3990,143.885,84.1234,66.4555,28.9174,37.9061,89.6606,34.948
4020,144.619,79.9597,65.345,28.9227,36.5235,89.0837,34.596
4050,145.955,83.3781,66.5389,28.0907,36.9117,90.9107,34.5597
4080,114.475,66.6042,54.2229,30.2285,36.9711,87.4686,34.6226
4110,114.993,66.3056,54.4148,28.3222,36.1824,91.3162,34.4597
4140,116.239,63.4836,53.4012,28.6283,35.6704,89.4708,34.4637
4170,116.741,63.1696,52.2931,28.1645,34.8809,90.404,34.3222
4200,117.205,65.7516,54.3185,30.564,37.8129,89.3434,34.3272
4230,116.001,64.6134,51.753,28.0077,36.0733,89.5366,34.4382
4260,115.285,63.488,52.8659,30.9848,34.8626,88.9076,34.9056
4290,114.572,67.5364,50.4722,28.3603,37.5556,89.1432,34.8314
4320,114.892,64.218,53.2762,28.1983,34.9318,88.948,34.7379
4350,115.633,66.8542,53.8983,28.2379,36.4706,89.7217,34.3388
4380,110.089,61.0659,48.712,29.9072,35.4643,90.2502,27.413
4410,109.481,64.8911,50.1083,28.5659,36.6243,87.885,27.6885
4440,108.842,65.5881,51.6142,28.6621,36.1949,87.4155,27.4552
4470,111.402,65.8157,50.206,29.8815,36.3225,91.3894,27.6083
4500,108.658,66.7896,48.7487,28.1938,36.6035,89.3069,27.75
4530,110.125,65.9431,52.5004,30.5308,35.7245,89.5335,27.7805
4560,111.677,61.9054,48.1316,30.2144,35.0232,87.58,27.288
4590,111.704,63.7973,51.3971,30.9561,36.2673,89.6125,27.5968
4620,110.484,64.4949,51.033,31.0376,35.1578,90.6438,27.8251
4650,111.812,64.5772,50.9572,29.5689,35.8127,88.7758,27.6338
4680,109.591,62.5505,49.327,29.7309,35.6347,90.6591,27.3805
4710,111.604,63.0952,48.7499,28.7011,37.296,91.2083,27.5841
4740,109.41,63.324,50.1374,29.7816,35.5163,89.3637,27.5
4770,111.337,60.7867,52.2997,29.2507,34.9782,87.3799,27.5239
4800,110.443,62.3363,52.6702,30.6694,36.7512,87.7362,27.5512
4830,108.793,62.0206,51.4387,27.7629,36.9323,89.8077,27.2919
4860,112.068,66.6435,51.2854,29.1907,34.7505,91.2707,27.8566
4890,109.073,65.1313,49.4102,28.5792,36.6503,90.5655,27.5542
4920,110.672,64.7053,49.4483,28.319,35.6962,90.3766,27.5204
4950,110.791,62.7789,49.9672,29.2822,37.7063,90.0536,27.8467
4980,99.7125,55.0512,43.4839,30.9867,35.1925,91.2611,23.521
