Time,FC,PAS,PAM,PAD,temp,SpO2,FR
-1,115,85,60,45,39.2826,91,29
0,126.5,93.5,66,45,38.7326,91,31.9
30,126.446,92.6059,66.4701,45,38.1827,91,32.0277
60,126.675,93.7989,66.5892,45,37.6327,91,31.1525
90,125.427,94.9157,67.2382,45,37.0828,91,31.2365
120,126.543,94.7641,66.6589,45,36.5328,91,32.2657
150,127.113,94.096,65.8856,45,35.9828,91,31.4853
180,123.663,92.5096,66.1576,45,35.4329,91,31.2155
210,125.071,92.5458,66.4415,45,34.8829,91,32.4935
240,129.548,95.2084,66.5807,45,34.333,91,32.244
270,129.291,93.751,65.9574,45,33.783,91,31.806
300,125.691,95.6347,64.5796,45,33.2331,91,32.481
330,123.827,93.4443,64.8563,45,32.6831,91,32.5694
360,140.11,93.2901,71.5503,45,32.1331,91,32.3015
390,136.998,92.9885,72.8755,45,31.5832,91,32.1631
420,127.092,92.0599,71.5605,45,31.7637,91,32.0266
450,126.638,92.1251,72.6076,45,31.9443,91,32.6553
480,126.22,91.7227,65.8767,45,32.1249,100,32.2877
510,126.357,93.6347,65.7958,45,32.3054,99.3406,31.6785
540,124.437,76.9562,54.1479,36,32.1629,94.2522,30.8419
570,121.111,74.4907,52.3055,36,32.3435,96.7176,29.6784
600,120.215,72.6374,52.4333,35.3108,32.7361,91.8703,28.3489
630,118.643,75.0224,53.4891,35.6071,32.2218,88.9598,28.7035
660,108.819,69.0801,45.8152,33.2714,32.8113,89.3779,27.841
690,99.5322,65.1337,30.2945,31.088,32.5604,85.753,26.6797
720,98.4804,65.5865,30.1307,31.0731,32.543,86.5827,27.1086
750,97.4285,61.8877,29.3988,30.9949,33.7519,85.7043,26.5169
780,96.3767,65.5978,31.1449,30.1156,34.2713,81.0982,24.3306
810,95.3249,64.1129,31.1782,39.6589,34.5329,82.8157,24.5535
840,94.273,64.291,31.2552,39.9524,34.646,76.7676,24.0527
870,94.273,64.987,43.8113,39.9559,33.607,79.102,24.3863
900,92.4772,63.7553,44.7253,39.8388,34.2524,80.5475,23.5265
930,101.102,80.3578,57.4018,39.8849,34.8333,75.1916,22.8151
960,99.4055,78.8742,58.3456,39.5764,35.0138,75.9263,23.45
990,98.2137,80.7511,57.9226,40.0772,35.1944,74.7775,23.3256
1020,91.7583,72.7421,48.7311,36.3819,35.375,71.3904,22.8536
1050,103.115,75.1326,54.6172,33.3793,35.5555,73.1954,24.9809
1080,103.686,77.0818,54.1337,33.8306,35.7361,70.8834,25.7003
1110,103.683,77.9177,54.4538,34.2023,35.9166,66.8434,25.3732
1140,100.973,76.5974,52.9172,33.1987,36.0972,64.5529,25.9526
1170,104.142,78.1657,55.7046,33.217,36.2778,61.6608,25.5967
1200,102.66,79.0883,54.6494,33.0609,36.4583,60.7289,25.5749
1230,91.0914,69.1182,50.4548,33.9812,36.6389,61.7579,23.7051
1260,92.2071,71.0039,50.0643,32.9813,36.8194,59.0851,22.9557
1290,92.6083,68.9695,50.0031,33.5755,37,57.9118,23.438
1320,95.4461,69.1758,49.0154,34.0271,37,57.1591,23.3672
1350,122.986,88.7127,64.4472,34.2169,36.8105,58.9527,29.9203
1380,120.833,88.0529,63.8704,33.3593,37.4685,57.8665,30.8732
1410,118.724,88.8699,64.1513,33.1729,36.1545,58.6078,30.4491
1440,119.636,88.8408,62.9443,34.0046,36.492,57.9698,30.7952
1470,123.538,89.7677,63.4457,34.1836,37.5754,57.1568,30.5745
1500,119.189,90.8266,64.8678,33.9616,37.8069,58.1728,29.6992
1530,121.92,90.5736,65.0117,34.1272,36.2879,58.7163,29.6824
1560,118.891,88.8299,64.1947,33.563,37.1056,59.0575,29.8993
1590,122.437,88.294,62.9689,34.0374,37.3325,58.3098,30.429
1620,120.792,89.3627,63.5416,33.9506,36.7206,58.0683,30.1786
1650,119.624,90.164,63.7247,34.367,37.0388,58.5018,30.6505
1680,121.606,88.0363,64.5678,34.0878,36.6388,58.5974,29.9667
1710,122.888,88.4162,63.7026,33.8642,36.5483,58.8634,30.17
1740,123.307,90.8316,62.7922,33.5374,36.7235,58.4839,29.8347
1770,121.966,89.9736,63.9756,34.3793,36.6907,60.0193,30.8549
1800,122.842,89.1668,64.4715,33.6303,36.8343,58.9747,30.0212
1830,122.055,91.0816,63.9286,33.7624,36.3194,59.9417,29.947
1860,120.196,89.3559,64.1678,33.3787,36.7196,59.1875,30.5955
1890,121.963,91.1228,64.748,33.4922,37.247,58.62,30.1456
1920,123.481,89.1489,63.5361,34.1301,37.4798,57.8154,30.0556
1950,130.183,98.012,69.9016,34.2284,37.2515,57.8316,32.9177
1980,133.57,96.0572,70.1101,33.1252,36.9624,58.3347,32.9367
2010,133.911,98.9258,69.0781,33.6868,37.8057,57.827,33.4841
2040,132.45,97.5835,69.2588,33.7022,37.7279,59.2174,32.7892
2070,132.926,98.315,70.0733,34.137,36.813,58.2095,33.2215
2100,129.417,97.077,68.9514,34.1043,36.8068,59.7324,33.5249
2130,134.179,96.424,69.5489,33.9536,36.246,59.2442,32.6336
2160,129.377,98.3628,68.9116,33.7955,36.5921,58.7312,32.5179
2190,130.201,96.276,69.6786,34.1418,37.652,57.959,33.1513
2220,130.646,97.2361,69.3842,33.3254,37.4908,58.9167,32.4627
2250,130.132,97.1506,68.6707,32.9468,37.0622,58.7865,33.2581
2280,132.763,96.3785,70.7617,33.8788,37.7392,57.8707,32.6611
2310,130.236,97.777,69.4413,33.425,37.3399,59.798,32.574
2340,132.264,96.0369,70.4532,34.0839,36.8873,58.0551,32.4462
2370,130.379,98.2388,68.9408,33.4449,36.2689,58.1033,32.8457
2400,132.834,98.1363,68.886,33.2895,37.6078,57.8419,33.4753
2430,133.354,96.667,68.9464,34.2651,37.5667,58.9753,32.6739
2460,95.9447,71.3127,51.049,32.9348,36.9276,58.2624,24.5992
2490,98.2616,71.4292,52.0726,33.05,36.4265,57.7133,24.1745
2520,94.8245,70.8038,52.0258,34.2985,37.8505,57.5991,23.8363
2550,97.6386,70.335,50.297,33.6766,36.7259,58.2736,24.1231
2580,94.0598,72.5919,51.6121,33.8731,36.5596,57.9014,24.4283
2610,97.2556,71.2374,51.1693,33.8316,37.6876,58.554,24.488
2640,93.5115,71.3664,50.493,33.4286,37.3996,57.7415,23.949
2670,96.9993,70.2097,51.1363,33.5973,36.4565,59.0709,24.8061
2700,96.3196,72.7112,50.987,33.973,37.3711,57.8319,24.0455
2730,97.0475,73.0078,50.5842,32.9569,37.341,59.204,24.257
2760,97.0522,71.586,52.1471,32.9423,37.1428,58.5143,23.8802
2790,107.569,74.8792,54.2607,33.2226,37.4914,58.5399,25.9634
2820,104.832,76.4678,54.2395,33.2234,36.3454,57.971,25.8834
2850,109.286,77.3339,55.2574,33.2338,37.5963,60.0525,25.4365
2880,108.423,76.5663,55.4115,34.1221,36.3259,59.4326,26.1449
2910,110.583,74.9315,53.7571,33.866,36.4361,58.526,26.1645
2940,112.981,77.014,54.8579,33.1847,36.7198,59.7391,25.6128
2970,111.503,74.6359,53.6875,33.428,37.6889,59.5676,25.8185
3000,113.651,77.0202,55.5093,33.1999,36.7806,59.2386,25.1293
3030,113.728,75.8356,55.5449,33.237,36.991,59.969,26.1762
3060,115.72,75.6157,55.2521,33.8745,36.2255,58.3277,26.1408
3090,114.307,75.0811,54.1643,34.2854,36.3818,58.3395,25.4466
3120,112.192,74.8819,55.528,34.0013,37.6496,59.3695,26.2558
3150,113.246,75.7569,55.7503,34.0235,37.47,59.6593,26.3039
3180,113.337,77.0304,55.5104,34.311,36.235,59.0609,25.8294
3210,111.94,77.4166,54.5656,33.7907,36.1489,58.215,25.224
3240,111.201,77.7626,55.3837,33.2584,36.234,57.0062,25.27
3270,114.226,75.7443,55.6566,33.1489,37.417,56.4515,24.8154
3300,113.185,76.1244,55.153,34.2461,37.4248,54.2874,25.2976
3330,110.889,76.3257,54.3387,33.2839,37.3873,52.5707,25.3502
3360,107.968,75.4214,54.4533,34.1337,36.9328,51.8655,25.3697
3390,100.584,69.2998,49.2082,33.9235,36.8187,51.3934,23.2598
3420,110.162,75.1724,56.8784,36.541,36.9832,50.8081,22.9178
3450,108.275,80.7818,57.5256,38.6429,36.5131,50.7201,23.0493
3480,107.693,80.5382,58.1483,39.5853,36.4258,48.2208,24.2713
3510,107.22,82.2652,57.0148,40.0349,37.2151,48.699,23.6622
3540,107.677,81.583,58.0173,39.2924,36.8124,50.8016,24.4245
3570,107.593,81.8632,57.7458,38.4637,36.5751,51.0094,24.7582
3600,105.516,80.5953,57.9979,39.8975,36.0915,53.7701,25.4638
3630,104.587,81.7959,57.2542,39.7242,37.6696,55.6886,25.623
3660,105.853,78.9735,56.351,39.0354,37.6268,56.6554,25.7777
3690,104.771,80.0495,57.8561,38.5932,36.5115,55.0025,25.0454
3720,105.97,81.3736,57.9257,39.9605,36.5418,56.41,25.68
3750,104.869,79.7978,56.8455,39.1909,36.3396,58.4341,25.1366
3780,103.727,81.4884,58.3387,39.2377,37.5758,55.5062,25.7462
