Time,FC,PAS,PAM,PAD,temp,SpO2,FR
-1,99,182,130,113,36.6261,95,18
0,108.9,200.2,143,113,36.1134,95,19.8
30,108.321,204.545,145.359,113,35.6006,95,20.0262
60,108.017,197.107,140.549,113,35.0878,95,19.5434
90,109.579,204.999,143.584,113,34.5751,95,19.7258
120,109.275,201.334,144.091,113,34.0623,95,20.0404
150,109.302,201.247,140.179,113,33.5495,95,19.3175
180,111.029,203.401,146.187,113,33.0368,95,19.9741
210,108.636,197.284,145.616,113,32.524,95,19.5976
240,110.792,199.93,141.399,113,32.0112,95,19.5973
270,110.828,195.514,145.914,113,31.4985,95,20.1181
300,107.547,199.842,142.478,113,30.9857,95,20.1496
330,108.179,197.88,144.244,113,30.4729,95,19.8444
360,122.381,199.616,159.23,113,29.9602,95,19.8999
390,117.826,204.173,154.385,113,29.4474,95,19.8356
420,110.108,197.029,157.902,113,29.6992,95,19.7576
450,109.744,206.58,162.009,114.13,30.2479,95.95,20.3725
480,108.899,200.144,146.244,115.067,30.597,95.5076,20.4703
510,110.301,206.691,147.923,116.959,31.0591,102,19.5493
540,108.031,206.936,147.747,113.451,30.8602,96.821,20.0183
570,106.135,160.62,116.867,89.4164,31.6061,93.9328,18.6065
600,109.105,159.457,112.452,93.1888,30.5529,93.7621,18.3395
630,103.538,157.294,118.269,89.9865,32.0945,91.5892,18.0209
660,103.43,157.969,115.132,89.4727,31.8537,87.3884,17.6172
690,106.738,156.004,111.857,93.4566,31.7745,83.4678,17.6526
720,97.8778,152.656,95.4395,84.8638,32.6061,81.8667,17.1461
750,87.8037,138.174,60.9607,76.9424,32.6403,79.7215,16.7606
780,83.1787,134.07,63.0173,75.9141,33.3391,91.4788,15.988
810,84.6869,135.848,64.2383,75.027,33.5102,87.0378,15.8283
840,81.1953,138.924,66.5718,74.0301,33.1041,85.34,15.8108
870,83.246,132.834,61.8753,78.305,34.148,79.9987,14.5294
900,81.5448,136.774,66.0817,74.415,34.2252,78.1383,15.2936
930,80.3203,136.228,63.211,76.0114,35.3264,74.99,15.1315
960,80.5528,181.431,93.8499,98.7616,34.3423,77.0014,15.0283
990,83.7312,182.677,121.835,98.6137,35.0107,74.5802,14.7
1020,86.6394,185.464,123.517,97.215,35.8112,74.8594,14.8023
1050,83.8503,184.673,124.149,100.68,35.4155,69.8386,14.3989
1080,82.0742,168.211,105.345,93.0455,35.8455,67.817,14.3947
1110,88.4983,172.847,114.552,85.1739,36.1044,63.4658,15.6889
1140,90.0695,169.585,114.384,84.0759,36.2846,61.8096,16.2481
1170,86.2896,167.45,111.713,83.0294,36.0953,58.0149,15.6753
1200,87.8034,169.747,111.869,86.4174,36.2997,55.4314,16.253
1230,106.995,205.103,140.131,82.8911,37.1675,54.1314,20.1985
1260,90.0336,175.578,129.22,86.8746,36.753,52.623,19.7072
1290,92.897,179.665,129.763,85.9341,37.2857,48.7753,19.3598
1320,92.3524,174.465,130.366,86.9287,36.8349,49.2964,20.1261
1350,78.3912,153.382,106.32,85.5818,36.2853,49.0054,14.7854
1380,81.8003,155.274,102.093,85.7563,36.4248,47.6867,15.5124
1410,103.324,199.265,131.778,86.6819,37.0464,49.2118,19.7022
1440,114.932,217.236,148.812,83.5057,36.136,47.9563,20.9966
1470,115.257,222.633,150.744,82.924,35.9597,51.5457,21.1772
1500,115.892,219.276,149.197,81.3795,37.5202,48.1366,21.9334
1530,92.7377,176.094,123.408,84.6922,37.3554,51.6788,17.6667
1560,94.1907,176.406,121.351,83.5662,37.4697,48.8229,17.9103
1590,91.8775,177.541,120.249,82.4552,37.3345,50.0749,17.6143
1620,96.5704,177.384,123.147,82.2282,36.6679,50.9522,17.3046
1650,80.2663,155.679,109.19,84.6982,37.4483,50.7198,14.6637
1680,80.5661,150.175,105.881,82.4752,36.8732,48.3959,14.8098
1710,79.2608,149.095,103.148,84.4567,36.8701,50.9408,14.962
1740,78.925,146.771,101.999,83.2331,36.3957,52.0574,14.7083
1770,81.1246,150.639,105.455,82.6348,36.0755,51.4955,15.0356
1800,85.2365,163.418,110.406,86.117,36.9575,51.9916,15.8008
1830,69.1915,136.74,93.3631,85.806,36.0137,48.5902,16.0928
1860,71.9745,134.829,88.9557,82.6224,37.0596,50.0352,16.318
1890,68.2227,130.078,88.7284,86.7246,36.882,51.9775,15.9349
1920,72.3556,132.941,88.2819,86.7723,37.0698,48.5682,16.5521
1950,70.1016,136.829,94.974,85.4877,37.0498,50.8375,16.2731
1980,72.8338,134.481,95.0787,85.4527,36.2448,48.2488,16.7061
2010,68.0883,132.109,92.3808,82.4273,36.7534,51.2768,15.8986
2040,69.1628,132.488,90.8236,82.0764,37.3427,50.0713,15.8456
2070,71.5786,132.847,95.3325,82.2425,36.2729,52.0224,16.6458
2100,68.3827,131.67,91.5399,81.7665,35.6042,49.8036,16.5565
2130,84.0813,160.518,113.585,83.8226,36.9886,49.8329,16.6912
2160,84.3013,156.929,113.735,85.1512,36.3783,48.9864,16.8621
2190,84.3183,162.603,114.677,81.9528,35.6405,52.2661,16.3319
2220,84.5142,163.522,108.877,84.5691,35.5792,51.2826,16.7061
2250,82.3999,166.81,111.154,83.6304,36.1698,49.5169,16.9015
2280,82.8664,163.209,111.361,84.3349,36.6659,49.7318,16.2612
2310,82.6031,161.899,107.61,84.0823,35.6178,52.83,16.6536
2340,82.8643,165.197,114.467,84.5513,36.3885,48.6777,16.1973
2370,85.0763,164.476,113.811,84.6515,36.8524,49.6528,16.0507
2400,82.7762,162.836,114.2,82.7698,35.8647,50.0118,16.8406
2430,86.9278,164.026,107.438,86.7604,35.8292,48.4747,16.4984
2460,83.7505,157.334,107.839,83.7676,37.031,52.8412,16.0572
2490,84.2098,157.778,108.624,86.509,36.9662,52.9185,16.554
2520,85.4892,159.961,111.423,85.4615,37.0539,50.0492,16.0418
2550,82.8637,164.684,113.643,81.3327,36.2939,52.1044,17.0134
2580,86.102,165.759,110.715,81.3952,37.0824,50.584,16.5011
2610,86.6147,161.731,111.052,82.3928,36.4029,51.2587,16.1591
2640,84.4573,163.291,112.289,81.4917,37.0855,48.8992,16.8141
2670,86.8521,162.377,113.431,86.9501,35.9342,50.9222,16.0508
2700,86.7366,160.905,115.096,84.4597,35.847,50.1619,16.6221
2730,78.3722,155.861,100.81,81.5362,36.0517,50.648,14.6363
2760,87.1108,160.039,120.122,90.6439,36.7445,52.9164,14.8456
2790,90.4062,171.551,119.073,98.8373,36.4945,48.1844,15.0113
2820,86.3691,176.023,122.254,100.36,36.9775,51.1,14.8265
2850,87.734,170.724,117.385,98.4004,36.8844,48.4538,14.9528
2880,88.244,176.334,123.807,97.6307,36.4541,48.966,15.1881
2910,89.3026,172.332,119.4,97.5331,35.6001,50.3832,15.381
2940,86.2542,175.547,122.263,96.046,35.0918,49.1442,15.3746
2970,86.4083,179.185,120.733,97.6942,36.5379,49.9938,15.3075
3000,90.8109,175.62,121.203,97.0213,34.9805,49.177,15.0426
3030,90.7217,175.148,120.815,97.9966,35.9037,50.9043,15.1834
3060,91.2658,171.901,123.331,101.102,35.838,49.177,15.4537
3090,89.7417,175.839,125.289,99.6766,35.3407,49.2582,15.48
3120,87.2454,177.77,124.665,101.415,35.0068,49.0779,14.6735
3150,87.3111,175.702,123.764,101.173,36.3511,48.2142,14.8047
3180,88.7783,177.493,125.64,97.3244,36.0505,50.8081,14.6591
3210,87.7833,179.209,118.53,100.216,35.2257,52.4473,14.8999
3240,89.4651,172.766,120.515,99.1627,36.2329,48.5178,15.0196
3270,91.595,174.091,122.837,101.198,36.0948,49.411,15.3332
3300,89.6711,174.071,126.242,100.62,36.4242,52.6282,15.555
3330,89.0102,176.031,118.894,99.579,35.2613,47.4515,14.5717
3360,88.0654,182.68,123.783,100.76,34.5247,50.094,14.0779
