Time,FC,PAS,PAM,PAD,temp,SpO2,FR
-1,107,103,71,58,36.808,93,25
0,117.7,113.3,78.1,58,36.2927,93,27.5
30,115.891,115.65,77.6838,58,35.7774,93,27.5733
60,117.737,110.711,76.8154,58,35.2621,93,27.5734
90,118.788,112.327,76.7382,58,34.7468,93,27.1955
120,116.683,111.831,76.9943,58,34.2315,93,27.9657
150,115.509,111.612,78.743,58,33.7162,93,27.9126
180,116.125,112.732,78.9432,58,33.2008,93,28.1571
210,115.811,113.985,76.2327,58,32.6855,93,27.245
240,120.063,112.682,78.6539,58,32.1702,93,27.7761
270,116.707,115.341,79.8203,58,31.6549,93,26.9224
300,117.034,114.129,77.2444,58,31.1396,93,27.4835
330,119.769,112.26,79.6101,58,30.6243,93,26.8173
360,129.955,111.149,86.5432,58,30.109,93,27.2657
390,131.923,112.569,86.918,58,29.5937,93,27.1625
420,116.089,114.739,84.5608,58,30.5195,93,27.6848
450,117.371,115.512,86.0543,58.58,31.7504,93.93,27.8135
480,120.269,113.688,77.0542,58.8491,32.9558,95.815,27.3112
510,119.583,116.735,79.7565,59.2889,33.6457,97.0666,27.3802
540,119.965,112.518,79.2638,58.8066,34.8099,92.8915,27.6842
570,149.262,92.267,64.3161,53.2251,34.779,92.6873,0
600,147.08,92.7564,63.8565,54.344,35.9961,91.0616,0
630,146.776,92.1188,61.41,54.3822,37.6375,88.5152,27.4026
660,141.357,88.9759,62.281,52.902,37.2331,81.4292,27.3477
690,139.345,88.0163,62.1213,55.5055,37.8825,80.0937,26.0039
720,137.026,86.528,57.0342,50.2777,37.9607,76.2689,25.565
750,120.839,74.7246,32.5727,47.0511,37.995,74.4009,25.5581
780,122.43,76.4259,34.9979,46.2666,37.6193,89.74,25.3612
810,118.463,76.0497,33.275,44.4006,37.2781,89.5746,23.8292
840,118.893,75.6116,32.0068,44.6035,37.0534,84.8111,24.2909
870,117.212,77.932,35.4788,44.8181,38.0537,80.2331,22.953
900,120.27,77.275,34.7038,44.7158,36.5786,79.1857,23.9089
930,120.145,78.6213,34.4999,46.0921,36.9255,74.2044,23.679
960,120.053,73.8778,34.9906,46.759,37.1098,78.7959,22.7151
990,127.71,70.5971,50.0373,46.2983,36.8468,75.1316,23.1391
1020,129.936,73.4916,47.2241,46.0151,37.5563,72.9217,22.9551
1050,127.51,70.971,49.6307,44.7408,37.1912,67.7065,23.0038
1080,122.033,66.1317,45.3433,41.3103,37.6428,64.6739,21.8911
1110,131.03,65.4914,45.0599,38.8428,38.0691,64.222,24.2017
1140,131.548,67.6936,45.3242,40.2133,37.8501,58.468,24.7208
1170,127.252,65.149,46.3474,39.778,38.0791,54.6023,23.9047
1200,126.82,67.0089,48.2653,39.5337,36.9811,53.1858,25.1476
1230,156.944,82.3206,58.9004,39.517,37.1657,48.3755,29.8491
1260,133.69,67.7372,50.9012,37.8196,38.0881,47.8443,29.6931
1290,135.964,72.9891,52.01,39.7325,37.0919,42.5975,30.3983
1320,133.578,68.9702,51.6714,38.3251,38.2346,44.3345,29.6099
1350,115.734,62.5743,44.5516,40.318,38.198,46.2987,23.4552
1380,116.249,62.6461,44.4416,38.6193,36.5939,43.573,23.2294
1410,153.171,80.3726,55.8851,38.7213,38.1175,43.51,29.1267
1440,163.851,84.4955,61.2922,38.4096,37.7189,44.0502,32.0603
1470,170.572,88.9541,62.8024,39.7261,38.0255,44.8593,33.4181
1500,141.527,110.242,78.3551,41.6495,37.2803,43.8395,32.9558
1530,102.788,99.6534,71.6694,42.7872,37.498,44.9328,27.3145
1560,102.547,100.925,67.8905,43.5467,36.9421,46.3765,26.133
1590,131.1,76.3775,56.2778,40.2556,36.76,43.6204,0.512508
1620,125.734,79.758,54.1447,40.9709,37.0711,45.0626,1.20243
1650,114.568,66.2067,44.5833,39.5776,37.5941,43.5157,20.7425
1680,110.038,64.292,45.0616,40.675,37.807,45.6246,22.1876
1710,109.042,62.8922,44.1602,38.711,38.1273,42.5948,22.5295
1740,109.57,61.5366,42.5082,39.2174,36.9132,43.119,21.7174
1770,112.65,63.9626,46.3967,40.1141,37.8399,43.473,22.8756
1800,122.557,68.6628,50.1209,40.7497,37.1771,43.8444,24.8084
1830,96.7107,52.2075,41.0689,39.5847,37.6928,43.9221,24.7101
1860,99.4507,54.3482,37.5513,41.2176,37.9292,42.9237,24.336
1890,96.4429,53.7631,38.1897,41.2537,36.6564,43.2154,24.7812
1920,95.4366,54.5597,38.8256,40.1683,36.4266,42.7084,24.5665
1950,98.5493,54.3924,40.6965,41.0563,37.3358,45.8352,24.4343
1980,97.3049,52.5633,39.9924,38.8804,37.421,45.8793,24.1751
2010,98.4144,57.1686,38.0581,40.8551,36.844,44.4541,25.1349
2040,98.4937,55.7701,38.0878,40.392,36.6375,45.1861,24.3958
2070,97.2019,56.0478,39.4363,41.3017,36.6585,44.0397,25.2539
2100,100.24,52.7084,37.3916,39.2749,36.8403,45.7037,24.6431
2130,117.356,66.2974,47.2193,40.2972,37.1229,45.341,25.0319
2160,122.364,64.0916,45.9968,39.9159,37.8041,44.0292,24.6288
2190,118.108,63.3764,46.77,40.0675,37.6501,46.3626,25.1354
2220,117.777,64.8408,46.6764,41.4201,37.0372,44.011,24.8135
2250,122.352,63.9923,48.0895,41.2507,37.4248,42.6426,25.2207
2280,118.716,67.6393,49.4408,39.013,37.8706,42.7843,25.3659
2310,122.378,66.1959,48.6532,38.7166,37.1671,42.7685,25.2967
2340,119.752,63.2724,45.7275,40.162,36.687,44.135,25.237
2370,122.229,67.8397,48.8237,40.7624,36.0137,44.4072,25.4427
2400,121.415,66.4873,46.4339,38.5387,36.7321,43.265,24.7085
2430,119.344,65.253,48.8966,39.3337,37.7091,45.1074,24.9465
2460,120.301,67.5064,49.4123,41.4228,37.4809,42.4567,25.2383
2490,148.222,51.7339,35.6544,35.7616,36.5727,46.6415,0.363695
2520,123.515,72.6619,51.4148,38.8676,36.036,45.9261,0
2550,124.181,70.3701,50.2762,41.0888,36.7422,42.6952,25.2827
2580,123.755,74.4397,51.1388,41.3542,36.9004,44.211,26.4066
2610,123.624,73.0396,51.201,40.2124,35.9333,45.0589,25.9387
2640,123.623,73.466,50.8828,40.6763,35.9645,46.6218,26.1877
2670,122.111,74.5116,52.7472,40.254,37.3986,42.7329,25.651
2700,123.133,71.5103,51.2438,40.5518,35.879,46.7153,25.9198
2730,117.026,69.1202,48.8817,41.2994,37.5835,46.7747,23.3951
2760,125.375,76.9332,51.5372,43.751,36.1817,44.2212,22.7997
2790,127.155,82.4045,59.4,48.0124,36.0763,45.108,24.0404
2820,125.964,84.5757,57.3691,47.8038,35.7469,45.8197,24.0829
2850,126.361,84.6765,58.4004,48.6907,36.0343,42.1695,23.4678
2880,127.226,80.3387,60.2894,47.2882,36.7889,46.642,23.3769
2910,131.54,82.7985,58.2732,47.2499,37.1198,43.1726,23.4056
2940,126.919,85.4872,57.9691,47.0203,36.7314,45.1149,23.1964
2970,130.964,83.0711,57.5407,48.991,35.8985,45.6011,23.1651
3000,129.456,85.0424,59.9085,48.5455,36.8956,45.4186,23.6783
3030,128.298,84.6449,57.0168,47.6138,35.614,43.1724,22.7417
3060,130.278,85.0525,59.9519,49.6317,36.5731,39.9314,23.1218
3090,125.267,85.1269,57.6587,49.5642,35.796,40.1779,22.1614
3120,125.047,81.9247,60.3377,49.2398,37.2199,39.5939,21.3203
3150,125.899,82.6557,60.783,47.2416,37.2969,35.4559,20.8435
3180,121.114,83.9152,59.3587,49.9298,35.9829,38.6628,21.1787
3210,124.761,83.6432,60.1744,47.4921,35.9198,38.5833,19.4669
3240,122.016,83.6192,59.1673,49.6028,36.736,41.9674,20.3513
3270,123.182,81.0611,60.52,48.3566,36.1527,45.4902,20.2296
3300,121.495,85.8549,59.9123,48.7149,36.2391,44.8007,20.2779
3330,123.373,85.1477,58.0419,49.2212,35.9264,45.1861,20.7405
3360,122.1,81.7119,59.7089,50.2193,36.6681,47.4572,20.8609
3390,122.079,85.8959,58.9102,50.3859,36.3481,48.6808,20.345
