Time,FC,PAS,PAM,PAD,temp,SpO2,FR
-1,100,146,103,77,36.6616,97,17
0,110,160.6,113.3,77,36.1484,97,18.7
30,107.282,161.449,113.366,77,35.6351,97,19.0483
60,111.808,156.758,114.741,77,35.1219,97,19.1012
90,108.614,158.705,112.251,77,34.6086,97,18.6636
120,109.561,163.393,112.196,77,34.0953,97,19.0415
150,109.808,156.653,114.933,77,33.5821,97,18.2999
180,108.795,159.371,114.302,77,33.0688,97,18.5101
210,110.908,160.98,112.266,77,32.5555,97,19.0686
240,109.178,161.654,111.369,77,32.0423,97,18.3602
270,107.946,163.107,116.038,77,31.529,97,18.278
300,108.883,159.681,110.786,77,31.0157,97,18.604
330,108.115,159.465,114.678,77,30.5025,97,18.6642
360,118.782,163.131,121.992,77,29.9892,97,18.6003
390,119.946,161.291,122.08,77,29.476,97,18.623
420,110.75,159.611,123.243,77,29.7895,97,18.3739
450,110.927,157.423,124.97,77,30.103,97,18.8061
480,107.921,159.361,115.969,77,30.4165,100,18.4006
510,107.029,159.21,112.222,77,30.73,96.0302,18.5714
540,106.414,125.543,92.3291,61.6,30.7362,94.9016,17.8712
570,104.621,126.644,90.2234,61.6,31.0497,89.9301,17.7436
600,104.73,128.967,89.7184,60.3316,30.984,87.1491,17.2299
630,104.797,130.146,89.3644,60.1006,32.1258,84.3103,16.5077
660,101.436,115.616,79.7618,52.9754,31.4997,81.6289,16.1946
690,89.126,110.686,53.7391,51.0871,31.6495,79.8273,16.2835
720,88.2266,109.267,53.044,52.7792,32.7556,93.6543,15.7067
750,87.3273,107.571,51.3489,53.7652,33.6374,89.2148,15.5719
780,86.428,111.774,52.2447,52.5716,33.5707,86.2097,14.745
810,85.5286,109.017,51.6001,53.269,33.865,82.7639,14.8895
840,84.6293,107.328,54.9599,51.743,34.1785,78.9662,13.8995
870,84.6293,141.302,54.1874,52.0352,34.492,75.9642,14.4726
900,85.1791,141.769,53.8633,52.4189,34.8055,78.0845,14.1349
930,88.9541,142.451,97.2925,67.9849,35.119,76.6334,14.1818
960,92.5073,139.913,96.6099,67.9046,35.4325,70.8197,13.5291
990,91.1588,138.967,96.5961,69.2072,35.746,70.5531,13.878
1020,84.3462,133.578,81.9402,57.959,36.0595,68.0308,13.9136
1050,92.227,132.126,92.6941,56.3437,36.373,66.25,15.4172
1080,90.4725,132.505,92.3883,58.1503,36.6865,59.2224,15.5403
1110,91.6382,130.826,92.6783,56.36,37,58.2758,15.2295
1140,88.5479,131.853,94.1307,57.2745,37,53.6894,15.2028
1170,93.5499,132.01,96.0896,56.8022,36.105,49.7201,15.6702
1200,94.1416,132.319,98.4768,58.4566,36.7172,49.7975,15.4197
1230,84.4631,121.754,85.3711,58.5039,37.6657,46.272,14.2923
1260,81.1355,120.686,87.3386,57.8087,37.4786,43.6542,13.744
1290,81.4588,117.178,87.8143,56.4395,36.8988,40.333,13.7876
1320,83.06,117.88,85.3988,57.0667,37.2262,40.7794,13.7143
1350,109.337,154.943,111.235,58.1628,37.3026,42.1918,17.9711
1380,107.18,151.285,111.669,57.8276,37.5683,41.9246,17.6891
1410,107.387,155.401,110.949,58.1062,37.7716,42.8344,18.0883
1440,106.398,151.181,113.354,58.4285,36.5948,42.8959,17.6504
1470,109.015,156.074,110.578,58.5532,37.4363,42.6613,17.9846
1500,106.578,151.03,110.303,58.6864,36.3723,42.7633,17.9293
1530,109.329,154.759,112.261,57.6925,37.1498,42.2186,17.7335
1560,107.057,156.207,113.366,58.527,36.2225,43.1198,18.0502
1590,106.38,155.784,112.708,56.9984,37.7177,42.3646,17.6659
1620,107.668,154.478,112.435,56.3936,37.4404,43.2021,18.2346
1650,108.993,153.913,111.434,58.5375,36.6521,42.5902,17.8516
1680,108.965,151.589,112.08,57.3279,36.359,43.072,17.7489
1710,105.761,153.732,113.242,57.8362,36.9343,43.2562,18.1674
1740,106.35,154.984,113.428,58.8226,36.9163,43.2996,17.5741
1770,105.574,154.06,113.294,56.5629,36.4184,43.0928,18.2402
1800,107.045,153.799,111.042,57.3215,37.4,43.6138,18.1167
1830,108.852,154.012,109.813,56.5872,36.3416,43.598,18.0549
1860,107.584,154.649,111.751,58.7787,36.9733,43.2004,18.227
1890,109.195,152.095,113.253,56.6692,37.6567,43.5266,17.7287
1920,104.835,152.434,110.374,57.6986,37.6826,43.207,18.2182
1950,116.19,167.484,122.353,57.4912,36.3186,43.3881,19.762
1980,114.678,168.494,120.617,58.5779,36.8692,43.4361,19.9615
2010,117.782,166.359,122.635,58.5085,37.1474,43.3718,20.0629
2040,115.459,167.959,120.479,57.543,37.7957,43.0751,19.3826
2070,117.229,169.715,123.233,57.3158,36.9481,43.302,19.9614
2100,116.27,166.687,121.187,58.5651,36.2726,43.304,19.903
2130,115.942,166.992,121.954,57.476,37.5072,43.0643,19.5859
2160,115.067,165.136,120.782,58.3432,37.4214,43.1746,19.559
2190,116.543,169.518,120.731,57.5015,37.6282,42.9153,19.9642
2220,114.861,169.32,122.286,58.6615,36.5489,42.798,19.9259
2250,115.102,168.616,121.761,58.6155,36.4155,42.8557,19.6152
2280,117.992,167.504,122.14,57.1262,37.2693,43.5707,19.4449
2310,115.161,167.024,121.069,56.414,36.728,43.3032,19.7173
2340,114.283,169.327,120.96,57.6166,37.432,42.7438,19.6663
2370,118.145,165.195,120.475,57.2249,37.6609,43.4069,19.5465
2400,113.549,169.596,121.926,58.8771,36.9148,42.9397,19.5911
2430,113.832,165.589,121.243,57.5369,37.2603,43.4254,19.727
2460,87.6134,122.508,87.6461,56.8048,36.63,43.0244,14.5413
2490,82.9601,122.163,88.0684,56.3884,36.9792,43.0094,14.3201
2520,84.4777,120.6,90.0063,57.3184,36.082,42.9138,14.3291
2550,85.0106,122.684,90.2977,57.7473,37.2851,42.8204,14.0796
2580,84.2293,125.08,89.6813,57.0661,36.686,43.2025,14.3906
2610,85.8485,124.964,88.2795,58.0195,36.5321,42.9689,14.5376
2640,86.3613,123.446,87.8763,56.5382,37.3478,43.3349,14.3867
2670,86.1472,125.097,90.8962,56.7059,36.7506,43.2207,14.55
2700,82.8912,123.829,90.4284,57.1316,37.1281,42.9621,14.48
2730,86.1202,125.087,90.7089,56.5317,37.0532,43.3364,14.2307
2760,85.5451,125.266,89.6365,58.5676,37.3082,42.832,14.7138
2790,94.8356,133.119,95.8078,56.8872,37.0122,43.1902,15.0821
2820,95.2826,133.521,95.8501,57.2429,37.7527,42.9927,15.0933
2850,94.1153,133.443,94.8268,58.4355,37.5052,42.8722,15.6607
2880,95.3973,133.346,94.0258,57.5892,37.5322,43.3294,15.2886
2910,97.0275,133.058,94.6284,56.8494,37.2214,43.561,15.3239
2940,96.3543,131.139,95.3414,58.3198,36.7143,42.8371,15.1259
2970,97.8587,131.033,94.3271,57.5411,36.6529,43.2551,15.2392
3000,97.9574,132.85,94.2344,57.3184,37.2279,43.042,15.6444
3030,100.417,128.82,94.414,58.539,37.6301,43.2285,15.0782
3060,101.553,131.373,95.3205,57.8273,37.8423,43.6148,15.2859
3090,100.789,129.312,95.3734,57.7426,37.1174,43.3855,15.0496
3120,103.536,130.464,94.705,58.7795,36.2641,43.204,15.2725
3150,102.815,133.575,94.3264,56.6773,37.8029,43.1565,15.0311
3180,103.06,128.904,93.7302,56.9341,37.0945,43.2305,15.6044
3210,100.915,131.714,94.182,58.3912,37.3452,41.9894,14.9702
3240,98.8273,131.049,94.9388,56.6507,37.5081,40.649,14.4655
3270,100.964,130.07,95.1035,57.8625,36.3745,39.2365,14.8094
3300,99.4423,129.147,94.0332,58.2191,37.6872,37.4574,15.1434
3330,95.5758,132.797,94.9028,58.7111,36.5655,36.7636,14.5933
3360,94.5451,132.104,96.5907,57.4427,37.7055,34.7917,15.2678
3390,85.7192,117.021,87.2819,56.5726,37.7779,33.9257,13.9078
3420,89.4474,126.916,102.648,64.7072,36.5584,31.8927,13.8415
3450,90.8372,139.177,100.933,66.5204,36.181,30.7507,13.7693
3480,94.093,137.027,99.2361,64.4678,37.2874,29.8051,14.4505
3510,89.4954,137.484,99.5264,66.8275,37.31,27.9771,14.112
3540,91.4289,134.673,99.8434,64.9869,37.3796,26.6259,14.1835
3570,92.2741,135.645,102.119,66.9632,36.6208,25.3881,14.7953
3600,89.7127,137.882,102.684,65.1231,36.6481,23.777,15.1398
3630,92.2684,138.967,100.308,64.2888,37.1308,22.8592,15.4473
3660,89.2453,138.817,100.509,64.1261,36.2037,21.612,15.0435
3690,91.4745,133.735,101.886,66.2943,36.7625,20.1524,15.2872
3720,91.0237,133.903,100.668,64.1698,37.5157,18.6471,15.0797
3750,88.6209,137.231,101.993,64.2778,37.0517,20.4502,15.0015
3780,88.7148,134.178,102.124,64.3875,36.7001,21.4606,15.1916
3810,89.6653,138.343,99.8609,65.9899,37.1471,21.1825,15.1218
