Time,FC,PAS,PAM,PAD,temp,SpO2,FR
-1,120,71,60,41,35.5812,92,24
0,132,78.1,66,41,35.0831,92,26.4
30,131.638,77.0354,65.209,41,34.5849,92,26.434
60,133.776,77.438,66.4329,41,34.0868,92,26.8344
90,133.712,79.6574,66.2396,41,33.5887,92,26.3493
120,134.723,76.2342,67.0485,41,33.0905,92,26.0809
150,132.443,77.4051,66.1069,41,32.5924,92,25.9303
180,130.095,76.3379,65.5728,41,32.0943,92,25.857
210,135.27,76.9739,65.7297,41,31.5961,92,26.3956
240,131.721,78.6734,65.6584,41,31.098,92,26.1748
270,131.947,78.3263,65.507,41,30.5998,92,26.8935
300,132.448,78.118,64.9997,41,30.1017,92,26.794
330,130.314,79.8745,67.1426,41,29.6036,92,26.1211
360,146.362,77.7972,72.7122,41,29.1054,92,26.2507
390,145.8,78.1302,71.1789,41,28.6073,92,26.6352
420,143.991,76.2684,65.1325,41,30.7055,92,25.9706
450,147.061,80.3721,64.0529,41.2175,32.3442,91.406,26.5368
480,134.774,76.7332,65.8134,40.2206,35.0572,91.0502,26.857
510,130.116,78.2668,65.6545,40.4864,37.3588,101.96,27.0239
540,130.872,80.3761,66.7191,39.9064,37.2872,99.496,26.4034
570,127.603,77.7725,65.4485,41.7517,35.7405,98.0162,25.5106
600,160.966,62.5809,51.8201,39.4325,36.2277,93.9777,0
630,160.978,58.7833,53.646,38.7706,37.2926,90.7687,0
660,157.154,65.7211,54.2913,39.9645,36.0671,87.5225,24.9416
690,157.164,63.4807,49.5559,36.9396,36.533,86.7317,24.3468
720,157.857,61.889,52.9027,39.0299,36.4186,81.6537,23.6199
750,221.447,33.2017,51.3049,19.8776,37.8355,81.0011,22.8511
780,216.923,39.0556,51.8591,23.8202,37.42,85.9825,22.0111
810,212.295,29.0666,51.505,19.2045,37.3499,82.8445,22.3082
840,219.145,33.076,51.5477,20.2204,37.2498,79.9293,22.3377
870,211.392,31.887,50.5608,23.8322,37.2763,80.7376,20.5381
900,212.164,31.9568,53.194,25.0091,36.5219,78.3349,20.8467
930,211.221,32.9809,49.2707,20.2638,36.6414,73.6252,20.7414
960,215.813,36.3463,51.0609,20.7769,36.904,71.484,20.3642
990,212.065,32.4061,50.4813,21.5908,36.8638,67.2708,21.0223
1020,214.658,37.2439,47.7132,22.5086,36.8821,66.6552,20.2669
1050,212.587,34.1357,54.0665,23.2237,37.3068,65.0124,21.3064
1080,210.186,33.2121,50.8324,21.051,36.1823,59.5571,21.0566
1110,213.762,31.9426,52.1455,22.1107,36.4166,57.3365,20.1641
1140,213.355,34.0808,48.6043,22.6255,36.3603,53.0169,21.4412
1170,212.821,27.8741,48.7361,24.3809,37.1173,53.9416,21.5686
1200,215.068,32.1315,46.4913,23.2355,37.1638,49.7333,20.5864
1230,213.148,35.8913,50.9717,22.4891,37.2152,48.3032,21.2352
1260,151.154,45.5538,48.8351,29.0602,36.3456,46.4078,20.5632
1290,139.985,47.4763,39.0402,25.5924,38.3662,41.2826,19.9631
1320,129.179,36.2239,28.6853,23.5596,37.1579,41.0102,21.1842
1350,131.007,39.3558,30.5209,22.4145,37.0565,82.9952,21.2274
1380,132.918,47.7362,25.9783,23.3191,36.7437,83.9843,20.3034
1410,134.531,40.7414,29.2016,26.1052,36.9708,85.3649,21.451
1440,130.514,37.022,27.2153,23.2969,36.9454,81.2962,21.3593
1470,133.898,42.7243,28.8035,24.9499,38.0949,83.7886,21.0473
1500,130.888,39.3686,26.4443,25.7403,38.2704,81.5593,21.0598
1530,97.7839,50.3902,41.6789,28.9166,36.4392,86.0913,21.7562
1560,106.508,53.4103,54.73,28.3858,36.4348,85.2349,21.4479
1590,104.252,49.7446,55.4899,27.07,38.5473,87.5436,21.3701
1620,104.486,46.914,52.5221,25.3494,37.5772,89.3045,21.0326
1650,97.6888,52.6382,46.7157,23.3551,38.4686,87.4257,21.0458
1680,104.651,46.8056,53.7241,23.8881,39.0127,85.9095,23.1171
1710,132.591,42.5985,42.4915,23.2339,36.9521,87.6005,0.030117
1740,130.561,44.2362,37.3932,21.8966,37.2609,88.3895,0.276705
1770,132.008,44.7199,38.8813,22.839,37.4007,88.512,23.1924
1800,130.232,39.7935,42.5857,22.1448,36.4252,84.7511,23.2412
1830,162.721,47.4476,46.9811,21.2457,37.4594,88.2065,28.0238
1860,145.695,42.9177,40.5839,21.5364,38.3244,87.9224,28.4021
1890,145.021,46.985,46.4174,20.0837,36.2703,89.4748,28.5236
1920,144.455,39.4034,46.664,21.2021,37.2633,88.6574,28.2421
1950,146.307,46.0232,41.4006,22.2083,37.0073,86.5036,28.4796
1980,146.102,49.4672,47.6061,22.1219,37.5558,86.7668,28.2428
2010,144.987,43.8609,43.5921,19.7164,37.5545,92.4819,28.3891
2040,141.117,46.1378,42.5034,23.6008,37.1007,91.9026,28.1497
2070,144.051,43.2063,43.4617,21.5496,37.5646,89.942,28.566
2100,143.935,48.3884,43.1316,20.6993,37.8015,89.8603,28.4435
2130,170.586,52.0734,45.9529,22.0617,37.1002,89.4471,30.1753
2160,171.076,50.8065,47.2617,21.0514,36.1377,89.3537,30.3643
2190,170.813,52.8511,47.8837,20.8754,38.1037,89.432,30.1729
2220,169.408,47.0897,48.0232,21.2913,38.6112,93.1436,30.7214
2250,168.983,52.2509,47.2982,20.5683,36.9641,92.8998,30.6385
2280,166.196,51.222,48.6115,24.1667,36.4008,92.6677,30.1216
2310,168.226,50.5811,49.6378,22.0373,37.6704,91.1673,30.6925
2340,169.65,46.3093,51.5165,24.6708,35.6157,92.0239,30.6226
2370,170.242,53.198,47.9688,19.743,36.8887,92.2453,30.2404
2400,169.928,53.5796,48.5737,23.705,36.6483,89.0505,30.6927
2430,172.026,53.8007,45.6993,22.4601,37.0385,91.3764,30.5959
2460,168.745,48.324,47.452,21.7103,37.8917,92.1542,30.4422
2490,166.5,49.0428,49.5727,20.3683,37.6244,89.6694,30.4279
2520,169.476,47.0962,49.1826,21.6699,35.6398,90.581,30.2401
2550,169.639,51.1341,47.2602,22.1145,36.9008,93.448,30.7218
2580,171.046,52.4153,49.596,20.0753,36.5142,90.2971,30.6767
2610,178.399,52.6829,48.4127,21.4299,37.2366,93.297,31.6147
2640,199.465,51.1716,54.1581,20.0048,37.3846,89.0719,0
2670,197.294,50.8377,54.779,19.8385,35.3302,90.3375,0.0210519
2700,198.934,51.9402,53.6583,22.5143,36.5456,93.6322,31.7073
2730,198.502,52.7301,53.9833,24.6626,36.2076,89.8505,31.3818
2760,197.702,48.0309,51.5849,23.6647,36.5284,93.5629,31.3267
2790,196.929,56.0191,52.2543,20.6767,37.3035,91.015,31.6939
2820,197.268,50.1686,53.1084,23.5971,36.3636,89.5269,31.6739
2850,199.591,48.9726,50.1042,22.3958,36.2086,91.3662,31.7367
2880,196.25,55.4842,49.7062,22.5175,37.5162,93.1966,31.3365
2910,199.686,54.6701,48.457,19.9876,37.3317,91.768,31.527
2940,198.121,56.0601,51.2335,21.8947,36.0382,90.9279,31.8266
2970,201.106,50.8434,52.7339,23.0393,37.0775,89.5085,31.7004
3000,200.188,53.8422,52.2223,22.4373,37.2838,93.4484,32.3211
3030,199.407,50.6819,52.6513,23.3552,37.3065,90.9816,32.6988
3060,200.82,54.0462,51.7156,20.3725,37.0992,89.1176,33.6035
3090,201.32,49.3379,51.834,20.3423,36.3419,93.4747,34.117
3120,202.07,52.4889,49.7173,22.3852,37.033,91.7286,34.0114
3150,215.405,50.5167,51.9594,22.1087,36.5343,89.548,36.1176
3180,212.515,54.0307,53.4219,24.1017,37.484,89.3752,36.5065
3210,215.918,47.445,55.4784,22.0949,36.4334,90.0543,37.5437
3240,211.581,51.237,50.684,23.7434,37.0692,90.7871,37.9787
3270,213.476,52.8586,53.4461,24.1401,35.7743,91.576,38.2465
3300,211.919,50.1463,50.2927,20.8802,37.8223,91.9671,38.5987
3330,212.646,51.2219,55.9508,21.9658,35.4502,91.8453,39.7478
3360,214.857,50.6116,55.6961,24.5494,37.0138,91.1184,39.5811
3390,213.5,52.2321,52.8913,20.489,37.6444,91.0546,39.6643
3420,215.22,55.0804,52.7431,24.9272,36.2713,89.6575,39.474
3450,215.549,53.5946,54.611,24.0855,36.3128,89.6069,39.4004
3480,215.186,53.0702,53.3491,20.9113,35.2267,91.4828,38.5508
3510,213.96,52.5469,49.7668,22.0604,36.2066,85.3531,38.0496
3540,268.391,43.4087,39.9491,23.3645,35.5389,83.9951,0
3570,222.011,54.1506,53.6014,19.6897,35.5261,84.6259,0
3600,220.464,54.9308,49.1521,20.6349,35.7646,80.2415,37.4547
3630,220.72,55.0419,55.0202,21.4649,35.6718,80.256,36.5091
3660,217.791,54.7607,51.5092,23.5039,36.4301,78.4489,35.5256
3690,218.889,53.3275,55.2255,23.9433,35.0359,79.7265,34.609
3720,218.499,51.5641,49.6326,22.3713,36.3144,79.6691,34.2652
3750,217.865,50.593,48.9856,21.6812,35.694,78.1599,33.6808
3780,216.684,54.4544,49.7598,21.737,37.3442,80.5755,32.8052
3810,213.562,52.7506,51.2567,22.4988,36.2377,82.1788,31.6979
3840,214.23,56.1377,56.2505,23.7785,37.181,78.4982,32.0826
3870,212.91,55.8723,53.9455,24.2704,35.5082,80.5554,31.4691
3900,213.389,54.7635,52.8464,23.4902,35.9103,79.6211,31.4798
3930,212.682,52.9625,53.4008,23.5691,36.2143,80.7966,31.6017
3960,213.576,51.4712,54.8573,22.7775,36.0466,83.7624,31.9189
3990,214.359,54.8744,51.0243,22.0513,35.0024,84.1566,32.0917
4020,214.032,51.0239,52.1233,21.0408,37.1923,84.044,32.028
4050,212.796,50.9301,48.5817,21.8934,36.7024,85.0297,31.7917
4080,213.312,55.5327,53.1913,22.3733,35.4138,82.5927,31.5423
4110,214.065,49.8062,49.9486,22.0157,36.232,82.5393,31.9627
4140,218.295,48.6972,52.5076,23.5339,36.9151,82.1101,30.7504
4170,175.52,41.5434,41.616,23.836,35.5901,86.0991,31.2642
4200,171.577,44.2843,42.7237,24.0052,36.9632,82.7527,30.8872
4230,174.797,44.4048,44.1885,22.7352,36.4255,85.9127,31.2469
4260,173.131,42.7523,41.2439,24.0951,35.6468,88.1066,31.1142
4290,172.442,42.4484,40.4805,20.163,37.1141,92.1765,30.7923
4320,177.081,40.6544,38.5432,21.999,37.0801,90.8309,30.6397
4350,174.949,44.2232,39.4675,21.5374,37.277,97.602,31.1584
4380,172.885,41.6977,45.3399,22.908,37.0947,96.6843,31.284
4410,176.351,39.1329,42.0778,23.4906,35.0915,100.981,30.8452
4440,216.897,33.1534,34.0803,22.2858,37.4034,100.303,0.193319
4470,169.203,40.0689,41.3321,22.0135,36.7201,100.635,-12.3313
4500,167.655,43.434,42.6838,20.8114,36.4873,101.288,18.1425
4530,166.103,44.4028,40.245,22.4267,36.1774,98.3488,18.2737
4560,167.183,44.209,40.7531,21.6489,35.9991,101.318,18.0187
4590,165.721,41.9647,39.58,24.3887,35.9176,100.191,18.3023
4620,166.678,35.6433,40.7621,22.7488,37.0191,98.6395,18.1469
4650,169.992,38.2601,38.9467,22.6675,36.2335,98.6206,17.9412
4680,165.434,42.0424,40.8015,23.2611,35.2104,98.425,18.4965
4710,167.945,37.69,39.8731,23.1195,35.1548,101.291,18.3605
4740,164.348,36.1895,39.7443,22.9683,36.8935,100.866,18.1295
4770,169.779,36.4751,39.1723,24.926,35.2018,98.3363,18.32
4800,168.094,39.5093,43.9412,21.7345,37.547,99.4873,18.0437
4830,165.318,39.7192,41.3013,20.3138,36.3791,99.5893,18.4625
4860,167.045,38.215,41.3632,21.7238,36.7882,102.115,18.1854
4890,166.299,41.3116,37.2511,22.8092,37.0732,98.2383,18.4265
4920,166.156,37.2306,40.6276,21.3074,37.2931,100.204,17.9796
4950,165.467,35.5275,40.9553,22.6071,35.5148,98.0656,18.2568
4980,166.425,43.9811,43.5983,22.3899,35.7234,102.145,18.3115
5010,163.293,38.7559,42.7463,23.9578,35.8198,100.512,18.3118
5040,167.184,38.8563,38.1443,20.8991,36.2739,98.4698,18.3054
5070,138.579,32.7662,38.4362,22.6715,35.9814,102.828,19.6685
5100,150.303,60.4324,45.2923,34.3334,35.9207,101.601,19.7959
5130,153.047,64.3618,47.833,37.1748,36.2018,98.5535,20.0238
5160,151.524,63.6621,47.1684,37.4657,35.9868,98.4795,20.1152
5190,148.7,61.6732,44.5532,34.45,35.349,95.1802,19.9207
5220,151.998,57.7205,45.0477,34.1736,35.8205,97.5324,19.7029
5250,147.967,60.5226,47.6151,36.3696,35.9663,94.4127,20.2287
5280,151.455,57.9214,45.2827,35.6671,34.99,96.2965,20.1719
5310,148.27,65.7784,45.4068,34.0363,36.3449,96.371,20.0528
5340,146.007,61.0177,44.4197,33.9249,35.5583,96.669,20.1621
5370,142.882,53.0888,44.5425,37.4115,37.1488,98.1253,0
5400,142.885,58.3722,45.854,34.152,35.667,96.7639,0.349882
5430,145.187,62.1832,44.6708,34.8133,37.2793,97.0349,20.1168
5460,141.899,52.3736,45.5989,34.4785,36.234,93.9274,20.527
5490,143.898,61.162,42.5537,33.3762,36.0184,98.5474,20.5962
5520,140.686,58.0213,45.7871,37.1138,35.3879,98.3221,20.5753
5550,142.885,58.5924,44.1333,32.734,35.5113,98.5243,20.4361
5580,142.511,60.0164,43.4787,34.0948,36.4709,94.3276,20.3839
5610,141.85,55.0883,41.6285,31.8962,36.336,98.2266,20.621
5640,137.422,60.7356,46.6828,31.6685,35.9035,94.3583,20.6352
