Time,FC,PAS,PAM,PAD,temp,SpO2,FR
-1,65,133,91,77,36.5652,98,16
0,71.5,146.3,100.1,77,36.0533,98,17.6
30,70.8258,144.712,102.03,77,35.5414,98,17.8619
60,70.6466,147.221,102.079,77,35.0295,98,18.0337
90,70.2384,145.801,101.005,77,34.5176,98,17.4606
120,70.3711,147.956,102.023,77,34.0057,98,17.3745
150,73.0414,146.795,97.8322,77,33.4938,98,17.7096
180,70.1751,143.176,102.134,77,32.9818,98,17.809
210,72.6176,143.961,99.4211,77,32.4699,98,17.5562
240,72.2254,148.61,102.007,77,31.958,98,17.3255
270,72.3056,143.772,102.169,77,31.4461,98,17.4595
300,72.7632,147.277,102.137,77,30.9342,98,17.7483
330,71.5885,149.005,101.303,77,30.4223,98,17.7403
360,77.4815,147.751,111.926,77,29.9104,98,17.6083
390,80.3866,143.464,109.361,77,29.3985,98,17.4208
420,77.0656,144.27,109.979,77,30.3486,98,17.2939
450,78.7434,149.106,112.755,77.77,31.6023,98.98,17.5231
480,72.5804,147.941,103.12,76.2628,32.3959,99.5991,17.8113
510,71.4968,146.174,102.267,79.6399,32.9283,98.1353,17.6764
540,72.1527,145.787,101.208,79.5546,33.8381,98.3053,17.205
570,69.8357,120.085,79.0561,60.1215,35.6106,91.8871,17.1038
600,70.8742,117.114,79.1747,61.888,35.9549,88.9377,16.2134
630,71.3713,117.727,81.668,62.9965,37.1307,87.1527,15.8998
660,67.8567,119.616,78.8423,60.7518,37.4101,80.8877,15.7026
690,69.8024,118.102,82.8932,63.397,38.3141,78.8302,15.496
720,64.9538,110.81,66.0652,51.9553,37.2083,73.0151,14.9986
750,55.5666,97.2693,41.0371,51.0865,36.8041,69.1967,14.6324
780,55.3067,100.705,43.9604,52.6009,36.7278,98.083,14.3933
810,54.2508,100.646,41.6465,51.7462,37.3404,93.3269,13.554
840,54.6394,127.015,66.1834,53.2898,37.7042,87.8851,13.1892
870,53.4569,126.149,64.2126,52.4483,37.4546,82.5375,13.5994
900,53.829,129.048,61.4712,52.6986,38.0272,82.1563,13.724
930,52.5733,125.606,64.1086,52.5606,38.5862,78.254,13.0372
960,53.8114,125.554,62.5373,67.4733,37.8998,77.062,13.5569
990,55.883,123.267,84.4028,69.1445,37.6978,74.9146,13.0956
1020,55.9441,122.577,82.3295,68.7226,38.3836,68.211,13.4773
1050,58.7595,123.885,84.7027,66.8773,37.2264,67.289,13.7093
1080,54.169,118.647,72.6396,56.7226,37.428,62.4752,13.4988
1110,58.4321,114.059,80.1564,55.8635,37.6809,59.4187,15.0298
1140,58.8756,114.373,77.1192,58.3847,37.5854,56.2286,14.6297
1170,60.1173,117.606,77.0024,58.5577,38.7385,54.6639,14.2541
1200,60.1085,117.201,81.6323,56.4574,37.8186,50.8473,14.6263
1230,71.8072,138.174,95.243,56.2545,37.4688,47.5136,17.5386
1260,61.9213,109.949,86.5208,56.4938,37.8189,40.9809,18.1586
1290,62.4861,113.372,87.9194,58.2988,37.6489,38.5895,17.7312
1320,60.6993,110.743,88.3558,56.5047,38.7107,38.2304,17.7281
1350,52.7357,103.301,75.28,59.2035,37.8949,36.3654,13.3394
1380,54.1967,108.085,71.7853,56.5787,37.5339,37.9633,13.6752
1410,69.8409,138.086,92.1995,57.1785,37.841,39.7525,17.041
1440,76.4455,147.034,101.082,55.7398,38.2307,40.8457,18.5329
1470,78.3151,151.501,105.541,59.1766,38.1933,38.8715,19.636
1500,76.5787,152.928,106.784,58.9013,37.9103,36.9303,18.9847
1530,63.9039,124.001,85.7013,57.6416,37.1708,40.6244,16.0918
1560,63.0525,124.609,88.1933,57.1376,38.3826,38.6102,15.6555
1590,62.5959,123.06,86.344,55.9097,38.2009,37.8352,16.1516
1620,62.1935,126.091,87.1768,57.6535,37.4725,39.7502,15.6099
1650,54.9119,107.883,72.4931,58.1714,37.2225,41.1449,13.2073
1680,52.1603,106.09,69.0225,59.1799,37.37,41.647,13.0803
1710,51.1942,103.671,72.511,57.7583,38.1949,38.234,13.3569
1740,52.6058,104.584,71.8819,58.7667,37.3361,38.4811,13.1034
1770,53.2095,107.574,72.3674,57.3023,38.0226,37.0918,12.8908
1800,59.3366,118.212,77.1803,56.2562,37.9933,38.0981,14.1398
1830,47.7762,89.4222,62.4108,59.4784,37.9045,41.8006,14.5442
1860,45.4992,89.752,61.1986,58.6136,38.2061,40.1598,14.5765
1890,44.3856,94.8748,65.3346,58.1042,38.406,39.3389,14.1332
1920,46.3086,91.621,61.1636,57.1204,37.5434,38.4126,14.5489
1950,44.4906,91.7389,63.7533,59.4914,38.0988,41.3143,14.9335
1980,45.5306,94.1901,63.2281,58.2553,36.9448,39.766,14.4616
2010,47.6799,89.4953,65.9756,59.2903,37.0396,40.9607,14.5797
2040,44.4741,90.0455,63.9069,58.0085,38.1855,40.3397,14.9424
2070,45.1286,95.0389,63.3145,56.846,37.6232,37.1804,14.3422
2100,45.1724,94.6596,61.9436,57.9288,38.1354,40.4298,14.3078
2130,58.0247,110.952,77.6184,58.7858,37.5653,40.0095,15.0161
2160,57.0832,112.092,75.5282,58.5227,37.9806,41.2427,14.6692
2190,56.5418,112.994,75.6287,58.6358,37.6173,40.8044,14.4335
2220,54.6529,114.969,75.8559,56.7922,38.0086,39.7852,15.1342
2250,56.612,110.981,74.5506,57.4591,37.618,40.6926,14.6049
2280,54.6494,111.698,79.4291,58.4382,38.0756,38.238,14.7657
2310,56.5442,109.9,78.2454,55.9098,37.8341,37.2728,15.0948
2340,55.3301,115.105,78.8394,56.6901,37.797,38.0046,14.856
2370,56.1336,114.681,76.2344,59.4504,36.663,39.4593,14.7541
2400,56.8688,110.888,77.7629,58.2239,37.7142,40.2293,14.6986
2430,56.2173,115.679,78.4324,59.4662,36.6141,39.7711,14.4097
2460,57.3372,113.583,78.6883,59.3721,37.3898,40.5285,14.5639
2490,55.0654,115.776,78.15,57.9051,37.8251,37.7275,14.8543
2520,57.5381,113.794,79.3491,57.2295,38.191,40.158,14.4271
2550,56.6935,111.234,76.2792,55.7347,36.8975,38.0191,15.242
2580,55.6005,114.682,74.0816,55.7616,37.227,41.2279,15.2269
2610,57.9838,113.25,74.9658,55.873,37.4061,41.5362,14.9224
2640,55.4507,109.58,74.8765,55.8126,37.8034,37.586,14.7571
2670,57.1147,114.614,76.6515,56.6314,36.5716,41.3713,14.6053
2700,55.7446,109.767,75.3254,58.051,38.0486,38.2313,14.9302
2730,52.2592,101.913,72.4393,56.5263,37.6968,40.7748,13.2442
2760,54.9209,114.969,86.4611,67.081,37.8171,37.171,13.4654
2790,59.0349,119.977,86.8165,66.0093,38.104,39.0693,13.4086
2820,57.1055,121.073,85.4897,66.5932,37.1375,41.6444,13.88
2850,58.2378,120.241,84.8747,67.6992,36.9382,37.9128,13.8073
2880,57.1368,125.763,82.2579,66.2945,37.5601,36.9959,13.7479
2910,58.7274,119.108,83.1509,69.0302,36.7391,38.1083,13.2714
2940,57.633,123.74,85.1663,66.0089,38.1428,38.7218,13.617
2970,58.5819,121.364,84.5467,68.0884,37.2773,37.6218,13.4822
3000,60.2551,121.722,83.0874,68.7353,36.8377,38.8114,13.3165
3030,60.7137,122.324,87.0587,66.9771,37.0605,38.0893,13.5406
3060,59.5299,123.098,85.3132,68.6568,36.4499,38.2124,13.2223
3090,57.3893,124.383,85.4828,67.5412,37.8816,37.694,13.422
3120,58.7717,122,85.891,66.6724,37.2812,41.4617,13.3384
3150,60.7342,122.027,84.3014,69.0502,37.3543,38.4101,13.4438
3180,58.3346,123.743,86.2608,68.7142,37.9002,38.4832,13.7118
3210,58.5745,124.032,85.9415,66.6643,36.367,36.8468,13.5645
3240,59.0198,124.326,83.5367,67.8656,36.7761,37.5994,13.2114
