Time,FC,PAS,PAM,PAD,temp,SpO2,FR
-1,80,128,91,77,36.5913,97,16
0,88,140.8,100.1,77,36.0791,97,17.6
30,87.1702,139.272,102.03,77,35.5668,97,17.8619
60,86.9497,141.686,102.079,77,35.0545,97,18.0337
90,86.4473,140.32,101.005,77,34.5422,97,17.4606
120,86.6105,142.393,102.023,77,34.0299,97,17.3745
150,89.8971,141.276,97.8322,77,33.5177,97,17.7096
180,86.3693,137.793,102.134,77,33.0054,97,17.809
210,89.3755,138.549,99.4211,77,32.4931,97,17.5562
240,88.8928,143.023,102.007,77,31.9808,97,17.3255
270,88.9915,138.367,102.169,77,31.4685,97,17.4595
300,89.5547,141.74,102.137,77,30.9563,97,17.7483
330,88.1089,143.403,101.303,77,30.444,97,17.7403
360,95.3618,142.196,111.926,77,29.9317,97,17.6083
390,98.9373,138.071,109.361,77,29.4194,97,17.4208
420,94.85,138.846,109.979,77,30.367,97,17.2939
450,96.9149,143.501,112.755,77.77,31.6182,97.97,17.5231
480,89.3297,142.379,103.12,76.2628,32.4091,98.5827,17.8113
510,87.996,140.679,102.267,79.6399,32.9387,98.1543,17.6764
540,88.8034,140.306,101.208,79.5546,33.8458,98.2859,17.205
570,85.9517,115.571,79.0561,60.1215,35.6163,91.8957,17.1038
600,87.2297,112.711,79.1747,61.888,35.9575,88.9386,16.2134
630,87.8416,113.301,81.668,62.9965,37.1309,87.134,15.8998
660,83.5159,115.119,78.8423,60.7518,37.4104,80.8951,15.7026
690,85.9106,113.662,82.8932,63.397,38.3145,78.8207,15.496
720,79.9431,106.644,66.0652,51.9553,37.2087,73.0272,14.9986
750,68.3896,93.6125,41.0371,51.0865,36.8044,69.2099,14.6324
780,68.0697,96.9194,43.9604,52.6009,36.7281,97.0293,14.3933
810,66.7701,96.8628,41.6465,51.7462,37.3407,92.2838,13.554
840,67.2484,122.24,66.1834,53.2898,37.7045,86.8598,13.1892
870,65.7931,121.407,64.2126,52.4483,37.455,81.5288,13.5994
900,66.251,124.196,61.4712,52.6986,38.0276,81.1137,13.724
930,64.7056,120.884,64.1086,52.5606,38.5867,77.2134,13.0372
960,66.2294,120.834,62.5373,67.4733,37.9002,75.9837,13.5569
990,68.779,118.633,84.4028,69.1445,37.6983,73.8203,13.0956
1020,68.8542,117.969,82.3295,68.7226,38.384,67.148,13.4773
1050,72.3193,119.228,84.7027,66.8773,37.2268,66.1982,13.7093
1080,66.6695,114.187,72.6396,56.7226,37.4285,61.3964,13.4988
1110,71.9164,109.771,80.1564,55.8635,37.6814,58.3339,15.0298
1140,72.4622,110.073,77.1192,58.3847,37.5859,55.1392,14.6297
1170,73.9905,113.185,77.0024,58.5577,38.7389,53.5532,14.2541
1200,73.9796,112.795,81.6323,56.4574,37.8191,49.7384,14.6263
1230,88.3781,132.979,95.243,56.2545,37.4692,46.4015,17.5386
1260,76.2109,105.816,86.5208,56.4938,37.8193,39.8988,18.1586
1290,76.906,109.11,87.9194,58.2988,37.6494,37.4951,17.7312
1320,74.7068,106.579,88.3558,56.5047,38.7112,37.1403,17.7281
1350,64.9055,99.4172,75.28,59.2035,37.8953,35.295,13.3394
1380,66.7036,104.022,71.7853,56.5787,37.5344,36.8772,13.6752
1410,85.958,132.895,92.1995,57.1785,37.8415,38.6487,17.041
1440,94.0867,141.507,101.082,55.7398,38.2311,39.7315,18.5329
1470,96.3877,145.806,105.541,59.1766,38.1938,37.7781,19.636
1500,94.2506,147.178,106.784,58.9013,37.9107,35.8573,18.9847
1530,78.6508,119.339,85.7013,57.6416,37.1712,39.5144,16.0918
1560,77.6031,119.924,88.1933,57.1376,38.383,37.5214,15.6555
1590,77.041,118.434,86.344,55.9097,38.2013,36.755,16.1516
1620,76.5458,121.351,87.1768,57.6535,37.473,38.6511,15.6099
1650,67.5838,103.827,72.4931,58.1714,37.2229,40.0323,13.2073
1680,64.1973,102.102,69.0225,59.1799,37.3704,40.5298,13.0803
1710,63.0082,99.7734,72.511,57.7583,38.1953,37.1523,13.3569
1740,64.7456,100.652,71.8819,58.7667,37.3366,37.3976,13.1034
1770,65.4885,103.529,72.3674,57.3023,38.0231,36.0224,12.8908
1800,73.0296,113.767,77.1803,56.2562,37.9937,37.0185,14.1398
1830,58.8014,86.0604,62.4108,59.4784,37.9049,40.6832,14.5442
1860,55.9989,86.3778,61.1986,58.6136,38.2066,39.0591,14.5765
1890,54.6284,91.308,65.3346,58.1042,38.4064,38.2466,14.1332
1920,56.9951,88.1765,61.1636,57.1204,37.5439,37.3298,14.5489
1950,54.7577,88.29,63.7533,59.4914,38.0992,40.2018,14.9335
1980,56.0376,90.649,63.2281,58.2553,36.9452,38.6693,14.4616
2010,58.6829,86.1307,65.9756,59.2903,37.04,39.8518,14.5797
2040,54.7373,86.6603,63.9069,58.0085,38.186,39.2372,14.9424
2070,55.5428,91.4659,63.3145,56.846,37.6236,36.1102,14.3422
2100,55.5968,91.1009,61.9436,57.9288,38.1359,39.3264,14.3078
2130,71.4149,106.781,77.6184,58.7858,37.5658,38.9104,15.0161
2160,70.2562,107.878,75.5282,58.5227,37.9811,40.131,14.6692
2190,69.5899,108.746,75.6287,58.6358,37.6177,39.6971,14.4335
2220,67.2651,110.646,75.8559,56.7922,38.009,38.6883,15.1342
2250,69.6763,106.808,74.5506,57.4591,37.6184,39.5865,14.6049
2280,67.2607,107.498,79.4291,58.4382,38.076,37.157,14.7657
2310,69.5928,105.768,78.2454,55.9098,37.8345,36.2016,15.0948
2340,68.0985,110.777,78.8394,56.6901,37.7974,36.9259,14.856
2370,69.0875,110.37,76.2344,59.4504,36.6635,38.3658,14.7541
2400,69.9923,106.719,77.7629,58.2239,37.7147,39.1279,14.6986
2430,69.1905,111.33,78.4324,59.4662,36.6145,38.6744,14.4097
2460,70.5689,109.313,78.6883,59.3721,37.3902,39.4241,14.5639
2490,67.7728,111.423,78.15,57.9051,37.8255,36.6517,14.8543
2520,70.816,109.516,79.3491,57.2295,38.1914,39.0574,14.4271
2550,69.7766,107.052,76.2792,55.7347,36.8979,36.9402,15.242
2580,68.4313,110.371,74.0816,55.7616,37.2274,40.1164,15.2269
2610,71.3647,108.992,74.9658,55.873,37.4065,40.4215,14.9224
2640,68.247,105.46,74.8765,55.8126,37.8039,36.5116,14.7571
2670,70.295,110.305,76.6515,56.6314,36.572,40.2583,14.6053
2700,68.6087,105.64,75.3254,58.051,38.049,37.1503,14.9302
2730,64.319,98.0813,72.4393,56.5263,37.6972,39.6678,13.2442
2760,67.5949,110.646,86.4611,67.081,37.8175,36.1008,13.4654
2790,72.6583,115.466,86.8165,66.0093,38.1044,37.9797,13.4086
2820,70.2836,116.521,85.4897,66.5932,37.138,40.5286,13.88
2850,71.6772,115.721,84.8747,67.6992,36.9386,36.8351,13.8073
2880,70.3222,121.035,82.2579,66.2945,37.5606,35.9276,13.7479
2910,72.2798,114.63,83.1509,69.0302,36.7395,37.0285,13.2714
2940,70.9328,119.088,85.1663,66.0089,38.1432,37.6359,13.617
2970,72.1008,116.801,84.5467,68.0884,37.2777,36.547,13.4822
3000,74.1601,117.146,83.0874,68.7353,36.8382,37.7245,13.3165
3030,74.7245,117.725,87.0587,66.9771,37.0609,37.0098,13.5406
3060,73.2676,118.47,85.3132,68.6568,36.4503,37.1316,13.2223
3090,70.6329,119.707,85.4828,67.5412,37.882,36.6185,13.422
3120,72.3344,117.414,85.891,66.6724,37.2816,40.3478,13.3384
3150,74.7498,117.44,84.3014,69.0502,37.3547,37.3273,13.4438
3180,71.7964,119.091,86.2608,68.7142,37.9006,37.3997,13.7118
3210,72.0917,119.369,85.9415,66.6643,36.3674,35.8048,13.5645
3240,72.2915,118.279,82.475,67.8656,37.2856,36.5751,13.348
3270,73.9451,120.854,88.5687,66.6471,37.0806,33.6072,12.2875
