Time,FC,PAS,PAM,PAD,temp,SpO2,FR
-1,107,136,100,84,37.4288,97,19
0,117.7,149.6,110,84,36.9048,97,20.9
30,120.396,150.684,108.762,84,36.3808,97,20.4677
60,120.603,152.687,111.807,84,35.8568,97,21.42
90,115.817,152.283,112.637,84,35.3328,97,21.305
120,116.208,152.304,112.278,84,34.8088,97,21.0861
150,117.447,153.313,107.53,84,34.2848,97,21.3956
180,119.866,147.888,110.661,84,33.7608,97,20.7968
210,116.107,148.283,108.982,84,33.2368,97,20.7434
240,115.096,148.055,108.404,84,32.7128,97,21.3082
270,120.199,151.028,111.392,84,32.1888,97,21.0781
300,117.811,152.701,110.923,84,31.6648,97,21.4004
330,117.959,149.483,108.631,84,31.1408,97,20.9832
360,129.88,152.26,123.077,84,30.6168,97,20.3962
390,127.909,153.116,119.82,84,30.0928,97,21.1662
420,128.501,152.836,120.569,84,31.8196,97,21.3224
450,130.994,148.052,122.622,84,33.5464,97,20.8333
480,117.13,148.895,112.307,84,35.2732,100,20.973
510,117.005,147.609,107.999,84,37,95.3052,19.9753
540,114.683,118.178,87.2455,67.2,36.63,93.9909,20.0538
570,113.584,116.458,86.9244,67.2,36.9349,89.2288,18.9256
600,114.208,118.568,87.7995,66.4537,36.0008,89.9129,19.2105
630,113.2,118.838,86.3958,66.5121,36.7539,84.192,18.8107
660,108.229,107.566,83.8814,62.3165,36.2746,81.4982,17.8871
690,94.9888,102.546,49.4654,58.3509,36.0844,78.6007,18.12
720,94.0127,99.8978,49.0691,56.1004,36.5599,92.225,17.1341
750,93.0366,99.583,52.1907,58.0236,36.5861,91.7189,16.4387
780,92.0605,100.522,51.6289,58.0516,36.7299,87.5624,16.6144
810,91.0844,98.9536,72.2253,58.6483,36.633,84.1894,16.049
840,90.1083,102.249,72.8439,58.4383,36.7062,80.1673,15.1942
870,90.1083,103.063,72.258,58.1558,37.1853,78.2407,16.0137
900,89.2617,103.291,71.7585,56.1195,37.7519,76.5333,16.3023
930,95.5843,129.541,97.4819,74.0232,37.041,75.7502,16.3619
960,95.5099,131.295,96.4607,75.1842,36.7785,70.5033,16.0965
990,94.4325,129.127,94.4322,73.4288,37.7341,70.3428,16.2698
1020,92.6986,118.509,88.9101,67.9994,37.1324,67.8242,16.3952
1050,99.7116,124.795,93.9497,61.7385,37.3063,63.7535,18.004
1080,95.7337,125.416,93.7903,63.3905,37.4047,61.2131,17.7186
1110,95.2661,123.413,91.2526,62.562,37.7229,57.173,17.7855
1140,98.8956,124.973,92.359,62.9099,36.1062,57.7177,17.9055
1170,99.0744,124.615,94.1797,63.0988,36.4529,53.5285,18.0483
1200,100.594,126.911,93.6258,61.761,37.5478,49.2627,18.1654
1230,88.9775,113.562,83.2457,63.3335,36.405,47.3538,16.113
1260,91.2962,110.363,84.2647,63.2558,37.6618,42.9132,15.8344
1290,87.9649,111.612,85.648,61.895,37.7468,43.2216,16.4916
1320,88.5594,112.81,83.9934,61.6489,36.8603,43.1215,16.2229
1350,114.164,143.284,109.578,62.0918,37.3357,43.3685,20.8237
1380,113.19,145.943,109.466,62.3135,37.4854,43.1612,21.1628
1410,114.897,145.474,109.745,64.2635,37.7709,43.7924,20.5335
1440,115.952,142.972,109.873,62.3273,37.2933,43.3347,20.7136
1470,112.066,146.005,109.465,63.1928,37.6863,43.7198,21.0825
1500,114.54,142.999,107.169,63.9973,37.5595,44.2126,20.5765
1530,114.605,143.637,110.065,62.1267,37.6214,44.1087,20.5988
1560,115.595,145.248,107.268,63.2235,37.2951,43.2611,21.1575
1590,113.305,144.52,107.008,62.7322,36.2929,44.3478,21.2631
1620,116.829,144.896,109.194,63.1282,37.1757,44.3737,20.8061
1650,113.723,146.473,108.422,64.3181,36.1408,43.9109,20.6142
1680,116.211,143.678,107.64,63.3622,37.5538,43.9406,20.654
1710,114.047,145.169,106.733,63.7947,37.833,43.5418,20.6374
1740,111.987,142.643,107.143,61.7591,37.0456,44.4282,20.9705
1770,112.259,146.062,110.237,63.0596,37.029,43.9696,20.8772
1800,114.523,147.135,108.923,62.7874,36.3987,44.5056,20.531
1830,116.753,144.373,107.511,62.823,37.7793,43.7137,20.663
1860,116.222,144.618,108.043,64.2544,36.9438,44.035,21.288
1890,116.858,144.442,108.792,61.9202,36.285,44.0963,20.9966
1920,114.934,142.842,107.02,62.1026,36.0922,44.2939,20.9712
1950,123.139,157.809,118.184,62.0411,36.1628,44.4785,22.8632
1980,127.274,155.363,118.758,63.9735,37.2027,43.6046,23.0163
2010,122.596,158.178,118.678,61.806,36.323,43.8335,22.5425
2040,123.472,159.347,118.817,64.0653,36.1651,44.5272,22.4355
2070,122.473,157.896,118.207,62.2719,36.7159,43.7344,22.7079
2100,124.244,155.446,119.429,62.6177,36.7689,44.3475,22.5548
2130,127.358,159.437,119.429,61.7788,37.4154,44.3203,22.5026
2160,126.693,155.208,117.005,61.8927,36.2947,43.54,23.1717
2190,123.05,154.859,115.93,62.2243,37.4817,44.2162,22.7595
2220,122.741,159.43,118.951,63.0081,36.4125,44.4134,23.078
2250,125.106,157.654,116.049,63.1252,37.2234,43.4222,22.8745
2280,123.998,158.592,118.535,62.1747,37.8647,43.4436,22.6386
2310,122.633,155.535,116.866,62.3097,36.6171,43.7582,22.7702
2340,122.46,154.485,119.238,62.0512,37.9069,44.3483,22.9183
2370,123.088,157.657,117.723,63.6566,36.5714,44.0912,22.6085
2400,126.854,157.67,119.023,62.2609,36.92,44.1328,22.7425
2430,124.414,157.923,118.553,63.041,37.7392,43.4025,23.0005
2460,89.6612,114.904,85.7307,62.2937,36.7416,43.574,16.6284
2490,90.4937,117.972,85.1064,63.0772,37.1805,44.0949,16.5066
2520,93.1995,113.994,86.7825,63.7269,37.5743,43.8598,17.0916
2550,90.0543,113.214,86.4305,63.5526,37.3815,43.5791,16.467
2580,91.839,114.183,88.406,63.8552,37.1233,43.6153,16.3417
2610,93.5215,115.019,86.5218,62.3829,36.7069,44.01,16.9428
2640,93.5853,113.667,85.0657,63.8682,36.6006,44.0852,16.7494
2670,89.1444,118.063,86.8699,62.6209,36.079,44.5811,16.3486
2700,92.3691,113.89,85.8103,62.4864,36.7516,43.6425,16.396
2730,93.5501,115.295,85.4509,64.022,37.5726,44.1277,16.4138
2760,89.4423,113.799,88.303,61.8532,36.5293,44.6044,17.0165
2790,96.8743,122.989,92.3292,63.3572,37.1075,43.3616,18.1921
2820,97.0355,125.021,90.816,62.352,36.3231,43.7344,17.8708
2850,96.7174,122.742,93.2182,62.8147,37.8494,44.432,17.6388
2880,98.1446,122.466,92.2319,64.1982,37.2003,43.8178,17.4175
2910,98.5829,121.912,93.9886,62.6767,37.8116,43.8101,17.4125
2940,96.7115,121.916,94.299,61.7595,36.711,43.3994,17.6659
2970,96.6016,121.763,93.9859,64.3511,37.6665,44.1128,17.7316
3000,98.4119,122.406,93.2201,63.2663,37.8009,43.5145,17.8158
3030,97.6993,122.816,92.4679,63.0788,36.8077,44.4281,17.7513
3060,100.113,124.087,93.5703,63.8095,36.6164,43.5541,18.0247
3090,98.8728,122.603,93.627,63.4987,37.8804,43.5355,17.8691
3120,102.967,120.096,91.3348,62.6127,37.5976,44.1639,17.4531
3150,101.164,122.994,91.3306,64.2155,36.298,44.2012,17.7679
3180,102.661,122.747,93.9055,62.4269,36.6731,44.2056,17.4696
3210,103.296,124.285,93.7908,64.3193,36.6927,42.912,17.5661
3240,101.841,124.13,91.4639,62.3404,37.5641,41.3122,17.2044
3270,103.609,120.307,93.1548,61.7227,37.2252,40.6144,17.1327
3300,104.312,122.778,92.2202,62.3246,36.1934,38.6493,16.4488
3330,102.594,125.051,92.9689,61.6018,37.5896,37.592,16.4291
3360,101.509,120.803,92.878,62.9054,37.8232,36.7439,15.8893
3390,96.0095,110.526,83.5712,62.672,36.57,37.9489,13.1704
3420,99.6404,121.57,91.6108,67.3382,37.2417,39.9143,13.4514
3450,105.595,128.281,95.0468,72.4605,37.6891,40.0093,13.2662
3480,101.203,130.402,98.2714,72.8042,37.6281,41.4811,13.5044
3510,101.969,128.63,97.086,71.9201,36.5887,44.571,13.3964
3540,101.898,129.834,97.555,73.1306,36.4376,47.4269,13.5149
3570,101.75,127.123,98.4059,72.3773,36.3799,48.1066,13.9328
3600,101.801,127.413,97.162,73.1842,36.4519,50.3847,14.1679
3630,99.3851,129.336,98.1911,72.6098,36.5027,51.8014,14.9396
3660,101.388,130.779,95.4976,71.5094,37.3952,55.5871,15.3825
3690,103.119,129.133,95.8614,72.6531,37.7727,53.7819,15.885
3720,99.5545,129.756,96.3565,73.2291,36.2342,54.4737,15.9362
3750,100.442,129.482,96.8508,72.1248,36.7899,57.9448,16.661
3780,101.858,125.875,96.8217,71.4802,37.9068,61.1212,16.7093
3810,102.239,130.064,94.719,73.006,36.9176,60.6023,16.6146
3840,100.81,129.347,94.6489,72.5134,36.8862,62.7298,16.6324
3870,101.456,128.904,96.5347,73.6206,36.6444,62.3498,16.633
