Time,FC,PAS,PAM,PAD,temp,SpO2,FR
-1,67,103,61,53,36.1679,96,20
0,73.7,113.3,67.1,53,35.6616,96,22
30,73.6565,112.227,68.1768,53,35.1552,96,22.1705
60,75.285,114.985,66.2866,53,34.6489,96,22.5468
90,73.1493,111.633,66.759,53,34.1425,96,22.0599
120,72.8873,114.609,68.0424,53,33.6362,96,22.2897
150,74.413,112.272,66.3677,53,33.1298,96,22.2208
180,73.5311,115.79,65.4639,53,32.6235,96,22.4476
210,75.2849,112.706,67.7886,53,32.1171,96,22.0934
240,72.5458,113.871,68.0719,53,31.6108,96,21.7612
270,72.3719,110.993,65.4728,53,31.1044,96,21.7443
300,74.3776,110.908,67.3858,53,30.5981,96,21.4924
330,74.313,112.488,68.701,53,30.0917,96,21.9364
360,81.4466,113.656,75.0982,53,29.5854,96,21.5473
390,82.5157,115.772,74.6018,53,29.079,96,22.0017
420,75.352,114.207,67.4128,53,29.4091,96,22.523
450,72.7082,111.971,65.6041,53,29.7391,96,22.5001
480,74.9994,115.545,66.4701,53,30.0691,100,22.0826
510,74.7076,112.02,65.9647,53,30.3992,95.0878,21.506
540,71.56,89.928,52.8865,42.4,30.4252,95.93,21.4456
570,72.6219,93.4101,53.4954,42.4,30.7553,93.372,20.9078
600,72.8835,88.8506,52.9786,41.3662,31.7669,87.7027,20.5309
630,71.7048,89.6453,54.3714,43.3004,30.9989,86.9614,19.1227
660,64.6997,84.3922,47.3841,35.3143,32.2974,80.2901,18.7043
690,59.3157,79.7082,31.7967,36.5561,31.7399,78.7298,18.9301
720,58.6907,77.0868,32.7391,35.8142,32.3263,91.8361,18.5896
750,58.0657,76.964,32.11,35.3986,33.0253,87.5888,17.4656
780,57.4407,75.56,31.2089,36.2123,32.5978,87.3096,17.5144
810,56.8157,100.866,45.0003,36.5731,33.6996,82.8244,16.9731
840,56.1907,97.0994,44.6543,36.9458,34.0296,79.6628,16.0083
870,56.1907,102.265,45.9676,36.293,34.3597,76.0546,16.7345
900,56.5064,98.9606,45.8175,35.8646,34.6897,77.9204,15.9808
930,59.5519,97.8469,58.0022,46.5049,35.0197,76.6369,15.4798
960,60.4891,99.7127,59.0371,47.1962,35.3498,70.626,15.5477
990,61.2116,99.3027,58.362,46.2845,35.6798,69.7078,15.7304
1020,54.0456,91.7982,49.3996,39.8934,36.0099,66.3094,15.9625
1050,59.7491,93.0777,55.7311,40.3873,36.3399,63.0491,17.469
1080,59.3364,90.634,56.5473,39.3559,36.6699,58.7263,16.9985
1110,58.3819,91.8109,56.3834,39.6595,37,56.8657,17.1244
1140,60.7278,90.92,56.4813,40.4011,37,55.1621,17.5079
1170,60.7911,93.3544,56.6133,39.5411,37.0921,52.9897,17.4377
1200,59.5821,92.3719,57.6115,40.4207,37.6083,48.1855,17.5269
1230,56.4781,82.0568,51.947,40.4721,36.6045,46.024,16.1689
1260,54.7112,81.574,51.0599,39.9417,36.6475,39.7305,16.2749
1290,53.961,81.2219,51.3751,40.1736,36.8387,41.0144,15.6613
1320,56.356,84.4179,52.3821,38.8109,37.7209,40.9327,16.2302
1350,72.7944,106.399,65.9332,38.9581,36.3342,41.0608,20.9993
1380,70.3589,108.351,66.9869,39.6496,37.6268,41.7183,20.4821
1410,70.4056,105.73,65.8545,39.266,36.1835,41.3781,20.4129
1440,71.4894,109.126,66.2801,39.3263,37.538,41.0102,20.6565
1470,72.2015,107.877,66.2116,39.6351,37.5402,41.3684,20.8644
1500,73.0441,109.077,66.8658,38.7666,37.2241,41.1363,20.7837
1530,71.4574,106.272,67.5255,39.7634,36.436,40.9663,21.0633
1560,70.7549,107.947,65.7987,39.9713,37.0522,41.5259,20.3482
1590,70.9816,108.164,66.8063,38.6467,36.5507,42.0531,20.7224
1620,70.0709,106.894,66.1033,40.4461,36.5171,42.0924,20.3094
1650,72.801,105.828,67.0499,39.233,36.4834,41.8102,21.0482
1680,71.3019,107.697,67.5482,39.8691,36.3581,42.3423,20.5957
1710,72.1975,107.328,66.6388,38.6444,36.2844,41.2521,20.2707
1740,71.1482,109.039,66.7744,39.4123,36.4985,42.1106,20.6038
1770,71.4773,108.022,66.5546,39.2438,37.3334,41.3307,20.8113
1800,72.9391,108.067,66.8544,39.2235,36.4161,41.7249,21.0921
1830,71.0371,107.357,66.3813,38.6747,37.739,42.181,20.2834
1860,69.9478,109.042,65.5656,39.3452,37.5414,41.8451,20.9393
1890,69.9778,106.985,65.983,39.541,37.8955,41.9427,20.9518
1920,72.147,108.509,66.5887,39.6842,36.8107,41.251,21.0078
1950,78.1791,117.152,73.1989,40.3287,37.8302,41.4754,22.9625
1980,79.0842,115.622,73.3983,40.2283,37.9054,42.3099,22.3849
2010,78.8608,117.287,71.3078,40.1228,37.7149,41.4837,22.4261
2040,79.1592,118.657,71.4556,39.6317,37.2737,41.8558,22.2675
2070,76.3754,117.59,73.4794,39.7954,36.2732,42.1744,22.636
2100,76.4102,115.6,72.3082,40.3079,36.4106,41.6945,22.8239
2130,76.7979,116.784,71.2352,40.3975,37.7938,41.2712,22.8167
2160,78.9737,116.415,71.3287,39.91,36.4332,41.3904,22.3705
2190,79.0548,118.055,71.9694,40.2729,36.7115,41.5673,22.6106
2220,77.7375,115.907,71.3392,39.5736,36.5489,41.8165,22.5254
2250,77.6916,118.939,71.6219,39.7599,36.7498,41.4263,22.6512
2280,77.2131,116.223,71.9485,38.8489,37.0977,41.6338,22.851
2310,78.7338,117.314,71.2699,39.7223,36.5774,41.615,22.5773
2340,78.2923,117.842,73.4835,38.7632,37.6373,41.2581,22.6585
2370,76.5612,117.482,73.4725,39.6309,37.0887,41.3923,22.3017
2400,79.2951,116.627,72.8364,39.0241,37.201,41.2395,22.447
2430,76.7663,116.81,71.4806,40.311,37.819,41.3737,22.5946
2460,55.7624,85.4726,53.9521,40.1675,36.4165,42.2953,16.7857
2490,55.1373,83.5558,52.7913,38.8827,37.1574,41.7167,16.5955
2520,55.4884,85.8742,53.591,38.7283,37.8681,41.7975,16.2484
2550,56.9896,85.6337,53.0356,40.0045,37.8398,41.9925,16.5797
2580,58.0656,86.7328,52.0483,38.8519,36.7144,41.3335,16.8261
2610,56.8219,83.8073,53.6483,39.6695,36.2095,41.5504,16.6131
2640,57.2526,86.4018,52.538,40.0957,36.7487,41.397,16.737
2670,56.1645,86.1596,51.9236,40.321,36.5143,41.9581,16.5842
2700,55.6854,84.8817,52.4151,38.8098,36.4275,41.7133,16.207
2730,56.842,85.6663,52.0549,38.7624,37.2343,42.3255,16.5582
2760,57.3927,84.6324,52.4355,39.2975,36.1458,41.9652,16.1591
2790,60.1926,91.965,57.3229,39.9944,37.0416,41.2875,17.8693
2820,61.0251,91.6782,56.7461,39.1992,37.8332,41.3014,18.311
2850,60.8779,88.9486,55.6886,38.7365,36.5293,42.1272,18.8574
2880,60.159,92.1125,55.5992,39.3319,36.9936,42.2692,19.3497
2910,61.5618,89.8922,56.6662,39.5156,36.8819,41.3186,19.4516
2940,60.2513,91.9632,56.9755,39.5449,36.9682,41.8792,19.8096
2970,61.4856,90.8541,55.7651,39.3599,37.1556,41.8675,20.4614
3000,61.6346,90.2746,55.1686,39.0491,36.5642,41.5287,21.053
3030,61.4027,89.6178,55.6466,39.6875,37.0135,42.2917,20.9602
3060,62.0184,88.9911,55.8693,39.3087,37.7148,41.4156,22.1853
3090,60.0873,91.7403,55.231,38.9288,36.6649,41.6415,22.3292
3120,61.882,92.4551,57.3284,39.9886,36.7306,41.2439,23.1656
3150,60.9229,89.9966,56.3204,39.3392,37.0642,42.1209,23.1598
3180,58.9828,91.6701,57.3389,40.4537,37.5725,41.595,22.5797
3210,60.6588,91.4417,56.2703,39.0109,36.2009,40.3149,22.0585
3240,59.8829,91.1497,56.5743,40.0528,37.0429,39.4444,22.0683
3270,60.1248,92.5011,56.8687,39.0262,37.1734,37.6187,21.6204
3300,62.6061,91.2149,56.3475,40.3322,37.3317,36.6279,21.3167
3330,61.7328,89.2737,55.6348,38.6665,37.5988,35.9168,20.1909
3360,62.6079,89.09,56.1808,38.8529,37.3678,33.963,20.3865
3390,55.3332,83.6901,51.6476,39.5215,37.4488,33.0395,18.7417
3420,62.0812,89.727,59.8566,45.9026,36.6483,31.5093,17.7324
3450,60.9368,98.5637,59.3542,45.3049,37.0069,33.6311,17.7777
3480,61.5158,97.2045,59.2339,45.3588,37.4211,34.571,17.1001
3510,61.1668,96.1903,60.8998,45.7435,36.3651,36.324,16.5191
3540,62.9036,97.7401,60.7221,45.443,36.6845,38.2688,16.7404
3570,62.8529,97.2113,60.765,46.5518,37.4549,42.5633,16.0263
3600,63.1683,96.0038,59.8946,45.569,37.4561,44.6895,15.9723
3630,62.0259,99.1093,60.2505,46.3908,36.5265,45.5192,15.6422
3660,61.8151,98.3539,59.0102,45.4057,36.8747,44.4269,15.9378
3690,62.8256,96.1216,58.8776,46.08,37.5107,45.9818,15.8592
3720,62.1597,98.1551,59.5462,45.8338,37.8728,52.2466,16.1794
3750,62.7096,98.1467,58.8523,45.4175,37.3841,53.3069,16.3564
3780,63.3575,96.8,60.885,45.7246,36.4626,51.6864,16.0606
3810,62.4898,95.7357,60.8845,45.8249,36.8638,53.1547,16.3985
