Time,FC,PAS,PAM,PAD,temp,SpO2,FR
-1,105,148,104,76,37.1174,97,18
0,115.5,162.8,114.4,76,36.5978,97,19.8
30,113.35,166.606,116.299,76,36.0781,97,20.2252
60,115.656,159.212,112.612,76,35.5585,97,19.8877
90,114.692,162.029,112.463,76,35.0388,97,19.6989
120,117.956,160.674,112.137,76,34.5192,97,19.5847
150,118.316,166.455,116.754,76,33.9995,97,19.8181
180,117.16,161.596,114.324,76,33.4799,97,19.4058
210,115.793,161.433,112.455,76,32.9603,97,19.8009
240,114.499,164.799,116.718,76,32.4406,97,19.3539
270,117.718,165.584,113.183,76,31.921,97,19.538
300,114.177,162.514,112.601,76,31.4013,97,19.7107
330,116.659,164.093,115.892,76,30.8817,97,19.8652
360,125.949,165.486,128.26,76,30.362,97,19.5867
390,129.754,166.006,123.308,76,29.8424,97,20.2415
420,117.826,160.904,127.642,76,30.2898,97,19.5686
450,115.184,165.408,127.614,74.37,30.5709,95.8312,20.1503
480,115.04,165.074,112.231,77.4915,31.2373,95.9394,20.1744
510,112.125,159.785,113.423,75.0911,32.0663,101.361,19.7778
540,112.31,169.258,112.669,74.8284,31.2884,100.082,19.534
570,113.755,123.185,90.0035,62.1896,32.6673,94.9507,18.191
600,113.606,130.483,89.7446,61.1039,32.5374,92.5049,18.2449
630,110.869,128.426,89.997,61.6887,32.6927,86.2997,18.1733
660,109.462,122.735,89.0704,61.4744,34.0034,86.501,17.9348
690,105.119,131.298,95.4295,59.2486,34.8975,79.4716,17.0092
720,99.8572,106.369,84.9379,56.2385,35.2692,79.1853,17.0952
750,87.5917,109.465,47.1352,50.365,35.3921,72.3657,15.6451
780,89.7804,104.383,47.48,53.1084,36.1058,92.5675,15.7332
810,86.7279,108.489,48.6741,51.8789,36.6066,88.5842,15.3766
840,85.347,143.152,47.0205,52.0645,37.2828,87.161,15.7236
870,87.3482,140.624,46.5659,50.8038,37.7436,83.9374,14.7883
900,87.8445,142.612,69.9478,68.1716,36.7608,81.6297,14.7834
930,85.7221,141.769,69.3081,65.5667,38.0351,78.0232,14.9687
960,87.0751,147.631,71.3121,68.1043,36.1241,77.4678,15.2643
990,92.3179,147.12,93.6838,65.5883,37.4451,72.572,15.2058
1020,91.4436,142.715,94.6025,67.6642,36.3653,71.5892,14.8205
1050,93.638,146.869,94.6407,65.9374,36.3514,65.2497,14.6729
1080,84.2658,122.034,87.3354,62.7273,35.6616,62.8002,14.974
1110,93.4741,133.896,92.9231,57.5055,37.3186,60.4568,16.0908
1140,91.2827,130.018,93.533,56.669,37.7276,58.2734,16.1536
1170,92.4062,131.673,91.7089,58.2869,37.677,51.4008,16.6756
1200,90.3367,133.22,92.6052,55.3582,37.0561,50.6868,16.301
1230,112.91,162.681,109.682,56.8773,38.6832,47.2292,19.662
1260,99.556,150.689,105.251,55.671,37.7741,42.5504,19.6575
1290,99.6459,146.03,102.98,55.7673,37.7858,37.8594,19.5161
1320,99.5632,152.28,102.757,56.6063,37.4122,41.5778,19.5555
1350,97.6282,146.694,104.904,56.052,37.889,39.7705,20.1785
1380,95.805,147.7,102.659,57.2225,38.0978,41.4943,20.1355
1410,98.1141,146.427,102.534,56.4605,36.706,41.6143,19.7925
1440,96.4406,150.002,105.92,56.322,37.7029,41.7384,20.2384
1470,99.6208,146.739,103.484,57.9809,37.7508,43.3764,19.9306
1500,95.9865,152.076,103.2,55.0031,36.4015,43.7606,19.5653
1530,112.172,172.655,115.392,57.1816,37.4836,39.8357,21.1436
1560,114.028,172.472,116.78,55.2496,37.1808,40.0314,21.2998
1590,113.334,168.853,115.482,58.091,36.2828,42.1824,21.0809
1620,112.503,171.26,114.752,57.482,37.2343,43.8748,20.8675
1650,112.189,168.718,116.284,56.34,37.265,44.0763,21.543
1680,114.519,171.064,113.422,56.4133,35.4885,40.3791,21.1934
1710,113.694,170.582,115.011,57.5202,38.6705,40.6111,21.0167
1740,114.405,169.671,113.228,56.8049,38.0488,43.1423,21.5328
1770,112.301,168.74,114.743,56.9084,35.7853,42.8149,21.4689
1800,115.622,170.52,114.469,54.9311,37.221,42.5715,21.0527
1830,111.51,172.664,113.482,55.071,37.0542,41.6187,21.2575
1860,114.542,168.583,113.752,56.518,36.7874,42.1858,21.1402
1890,111.943,171.718,113.211,55.9377,36.1316,40.9315,20.8264
1920,112.275,169.576,113.202,54.9153,37.5749,41.6291,21.5304
1950,113.495,168.993,113.124,56.2249,36.6378,44.8549,21.0697
1980,114.297,167.138,116.604,57.8643,37.0141,41.5609,20.8579
2010,118.878,174.501,120.017,55.3031,37.5329,40.7097,21.4349
2040,118.738,173.324,119.068,58.0698,36.9442,44.4063,21.4655
2070,122.526,178.257,120.9,56.546,36.2009,44.0905,21.9904
2100,121.659,176.561,121.691,56.8803,36.5244,43.1886,22.0421
2130,120.347,178.978,118.748,55.9237,36.1126,42.2015,21.7579
2160,120.184,176.149,120.618,55.0288,35.5128,41.1123,22.0068
2190,119.863,177.515,120.118,56.5694,35.6939,41.8715,22.0816
2220,122.43,173.099,120.969,57.3785,35.4435,43.3752,21.7534
2250,119.594,177.256,122.169,57.469,36.9926,41.649,21.5483
2280,122.567,177.809,119.862,57.9881,36.0911,44.023,21.7007
2310,120.041,173.589,122.684,57.0871,36.0952,43.2132,21.5157
2340,120.734,173.809,122.647,57.0975,36.7287,41.0839,21.8319
2370,120.373,172.767,120.283,56.02,36.7606,43.0812,21.5151
2400,121.185,178.589,119.122,57.5575,37.3578,41.4025,21.9297
2430,119.296,174.004,120.36,56.7826,35.9869,43.9677,21.3906
2460,120.003,177.454,121.574,57.4697,37.1961,42.1335,21.941
2490,118.602,177.949,119.075,56.1586,37.1921,43.064,21.4537
2520,123.489,181.738,123.505,55.504,36.4507,44.8293,22.2301
2550,122.459,179.393,121.319,55.1659,36.0578,40.8199,22.176
2580,120.329,182.489,121.879,56.3393,37.9588,41.2167,22.1775
2610,124.095,179.138,120.229,56.3372,36.303,42.9201,22.194
2640,123.039,180.144,119.496,55.8649,37.7212,40.865,21.7317
2670,122.5,180.614,120.708,57.9403,36.8412,43.503,22.1932
2700,122.352,178.406,120.547,55.3481,35.8046,44.6672,21.6349
2730,125.005,177.428,121.635,58.292,36.2392,44.1273,21.9234
2760,124.069,182.233,122.692,56.125,37.5829,42.8738,21.735
2790,123.789,182.409,119.945,56.0637,36.4551,40.9103,22.0453
2820,121.831,179.473,122.737,56.1052,37.3676,42.1234,22.1856
2850,125.203,182.827,122.8,57.5321,35.5366,41.0848,22.1079
2880,123.49,183.053,123.731,56.0047,37.0524,42.4531,21.9558
2910,123.431,180.644,122.608,57.682,36.8176,41.9184,22.067
2940,122.966,177.578,123.045,56.0546,36.422,40.2017,22.2266
2970,122.292,182.014,121.221,55.9639,36.2871,44.1657,22.3993
3000,125.027,182.199,120.027,56.896,36.2686,44.2278,22.3809
3030,124.332,180.533,121.964,57.5699,37.0564,40.7473,22.3699
3060,124.737,183.296,119.764,58.6961,34.9957,43.1255,22.0642
3090,129.303,177.173,122.11,56.6114,36.432,40.9619,21.9296
3120,127.444,179.195,122.551,57.8778,37.1143,45.9771,21.8715
3150,127.653,178.011,123.104,57.6331,36.2453,48.8632,21.8904
3180,132.134,180.843,120.378,56.0084,36.9163,52.726,22.5379
3210,132.552,178.72,123.512,57.0604,35.5954,56.6735,23.2341
3240,131.402,180.257,122.658,56.4564,36.3679,58.7342,22.9831
3270,131.987,179.388,123.046,56.677,34.9193,62.4858,23.3929
3300,134.638,182.256,121.185,56.3877,36.5835,67.0258,23.8933
3330,136.991,181.957,123.229,57.5051,36.2159,69.0207,24.8561
3360,134.883,178.652,121.426,57.7876,36.1246,71.1504,24.4195
3390,134.519,180.549,124.076,55.7826,36.0709,69.4101,24.0475
3420,129.456,180.337,122.159,57.107,35.0145,73.0604,23.8965
3450,131.766,180.207,123.289,57.029,36.0398,72.82,24.0556
3480,128.354,182.311,120.85,57.467,36.5648,72.3186,23.8119
3510,130.816,186.054,122.5,58.1306,35.9308,77.4546,24.7605
3540,106.307,144.749,100.287,55.5413,36.4025,74.4563,24.2279
3570,105.366,147.652,99.9857,57.595,36.5791,75.2854,23.6771
3600,104.129,143.541,100.232,56.2987,36.152,78.4349,23.1581
3630,103.159,147.868,96.6545,56.4481,36.6969,80.4044,22.5937
3660,99.2397,145.994,97.2852,58.4191,35.048,79.1796,22.7159
3690,96.9718,142.405,99.1417,55.6376,35.9907,80.7666,21.5502
3720,100.474,143.514,97.961,58.3774,36.0946,80.7784,21.5071
3750,99.5662,143.144,97.9023,58.6982,36.3105,81.8966,21.7569
3780,99.0797,144.158,97.5359,57.5992,36.167,85.4547,21.9225
3810,98.6772,143.731,99.2593,57.7318,37.6958,87.2644,21.9925
3840,91.763,135.899,94.8464,56.3089,37.1525,86.0275,16.7344
3870,94.5965,139.305,94.4959,58.2409,36.4249,86.6496,16.4165
3900,94.9344,138.086,95.5747,56.6929,36.4672,88.1763,16.5492
3930,93.5315,139.201,96.5031,56.7381,36.5337,81.5939,16.8132
3960,94.59,139.253,96.2176,57.6095,34.9611,79.7732,17.0461
3990,94.4345,139.246,95.7047,56.4156,36.2511,78.651,17.0433
4020,92.6241,135.734,93.7308,55.965,35.4033,76.6535,16.984
4050,94.7669,137.478,93.4479,56.4696,36.6287,76.8911,16.8764
4080,94.9884,140.387,93.9329,55.5735,36.7826,74.9062,16.7695
4110,91.3219,139.902,96.1015,55.9617,35.7527,68.3423,17.0033
4140,92.2463,137.566,92.5808,57.4319,36.0813,70.1132,16.575
4170,94.4479,139.493,95.0546,57.798,36.8316,69.9771,16.8578
4200,92.2362,140.008,95.5428,55.7769,35.7794,71.2957,16.456
4230,92.637,138.45,93.7305,58.4893,36.1241,71.8818,16.9794
4260,94.1766,140.398,94.2992,56.0968,36.1199,70.5651,16.9796
4290,93.1534,135.711,94.763,56.4488,36.9483,72.9597,16.8972
4320,93.8313,139.692,96.0264,57.874,35.6852,72.4286,16.7808
4350,95.2973,136.088,94.4977,57.2581,35.5134,70.1097,16.3978
4380,95.5101,140.436,93.5676,55.7727,36.692,72.8997,17.0801
4410,94.6248,138.233,93.6329,56.3907,35.2959,73.2921,16.9992
4440,84.7703,125.761,84.4833,55.8759,35.5103,71.7893,13.7357
4470,92.1447,141.019,91.9142,63.0532,36.7446,73.2272,13.8397
4500,93.197,141.536,97.7888,65.3541,36.4733,69.706,14.1303
4530,92.8976,143.509,100.237,67.6506,37.2654,72.4875,14.0436
4560,92.9389,142.712,99.0882,67.4184,36.3536,73.3524,13.8433
4590,91.8562,144.321,97.1059,66.9215,35.7179,69.4142,13.8836
4620,91.4449,142.272,98.9185,65.2,36.9243,68.8321,13.8022
4650,91.4334,145.29,97.0645,64.4854,37.348,67.2355,13.8793
4680,91.5131,141.318,97.213,64.8033,35.5926,66.3851,14.3228
4710,93.5662,143.753,99.1274,65.734,36.7577,67.9899,13.6534
4740,94.166,142.085,97.4037,66.0366,34.7944,67.8938,13.9905
4770,93.8512,145.751,98.4327,66.1201,35.9005,68.5181,13.7679
4800,90.7597,146.836,97.5585,66.6297,35.8835,67.2599,14.3861
4830,90.6986,141.412,97.9882,67.25,35.9953,68.6706,14.206
4860,91.5108,140.656,97.3387,66.0004,36.3425,69.0722,13.6797
4890,93.2241,142.808,98.718,66.2121,35.7682,67.923,14.0946
4920,91.4591,146.561,97.4501,66.1613,36.926,66.9982,14.222
4950,94.3476,145.966,98.965,67.0553,36.8963,67.1103,13.8614
4980,92.2056,145.107,99.6086,66.6971,36.7682,68.0453,13.9197
5010,90.1803,141.848,100.21,65.9816,36.524,64.8351,14.3486
5040,92.2985,142.17,98.3138,64.7945,36.2676,66.772,13.6984
5070,93.3374,143.723,100.477,66.8961,36.1986,62.5546,13.6252
