Time,FC,PAS,PAM,PAD,temp,SpO2,FR
-1,70,99,67,55,35.9802,96,19
0,77,108.9,73.7,55,35.4765,96,20.9
30,77.6075,110.562,72.3319,55,34.9728,96,21.2191
60,78.0977,109.563,73.9512,55,34.4691,96,21.3984
90,77.1351,110.606,74.1911,55,33.9653,96,21.0569
120,78.1054,110.523,73.363,55,33.4616,96,21.0595
150,76.063,110.718,73.7233,55,32.9579,96,21.0693
180,77.0776,111.091,73.5834,55,32.4542,96,21.3864
210,76.8238,110.789,74.025,55,31.9504,96,21.1405
240,75.0802,107.866,73.8639,55,31.4467,96,20.4169
270,76.1714,109.719,74.9338,55,30.943,96,21.1316
300,76.407,108.38,73.9082,55,30.4393,96,21.2146
330,77.0551,107.058,74.453,55,29.9356,96,21.1781
360,86.4309,107.614,81.5653,55,29.4318,96,20.7841
390,83.8142,107.738,81.8757,55,28.9281,96,20.9643
420,86.0478,107.294,80.0873,55,29.3765,96,20.7545
450,83.5264,112.629,79.3355,55.6086,30.0262,96.3138,20.9602
480,75.6828,109.811,73.5588,55.9766,29.7933,95.2789,21.0366
510,74.5132,106.469,73.8172,55.4431,30.2303,98.7164,20.459
540,76.2816,108.018,73.8228,55.7121,30.7987,98.458,20.1986
570,76.0796,87.946,60.201,44.9205,31.4276,95.4365,19.0211
600,76.3942,88.5494,60.7839,42.9762,32.1534,91.1538,20.0872
630,75.9574,90.0346,60.0361,44.8384,32.7756,87.7292,18.8621
660,72.148,87.265,57.3641,44.6185,33.7193,84.2087,18.7149
690,72.714,88.5036,57.8749,43.7463,33.1286,76.813,17.6142
720,69.0137,75.5661,48.4425,39.3804,33.8347,76.1911,17.2673
750,61.4142,71.7201,34.5928,37.9191,35.0331,72.521,17.021
780,60.0886,70.9592,33.3514,37.1154,34.5399,88.0834,16.8277
810,62.1987,71.3392,31.5655,36.3141,35.568,87.0037,17.1748
840,58.9442,75.8622,32.6625,37.8611,35.5829,81.957,16.2057
870,61.0445,72.4558,31.2414,36.3436,36.6349,78.6399,15.3771
900,60.1656,94.1297,34.1438,36.2416,36.0262,75.7889,16.4538
930,58.9544,92.0122,32.9554,37.0974,36.8265,74.086,16.3918
960,59.5907,97.1224,46.6567,47.1033,37.3562,71.8441,16.6219
990,64.3727,96.0591,62.4807,47.0541,37.0974,70.4268,16.1897
1020,63.1847,96.8865,62.2422,47.8636,38.0225,65.3284,15.6243
1050,61.8778,95.564,61.6332,46.8655,36.202,61.3903,15.5635
1080,58.8839,83.7588,51.7704,43.9563,36.0745,56.0577,15.5327
1110,63.6991,91.0945,57.2812,41.9076,36.0575,54.5584,17.5924
1140,64.2408,88.0005,57.1771,40.866,38.1686,50.8812,17.6814
1170,65.4489,91.9535,59.3974,40.1518,36.4739,45.5543,17.8935
1200,62.544,89.216,57.6208,40.5141,37.2351,42.5677,17.8889
1230,76.3059,108.519,72.4667,40.8626,37.5206,37.9,21.1857
1260,67.9922,91.0914,65.44,40.7481,37.7936,34.6112,21.9463
1290,66.6265,94.5177,63.5771,40.9213,36.5793,32.4895,21.3099
1320,68.3025,93.3543,65.342,40.5404,35.6687,31.7547,21.3407
1350,67.4135,90.7036,65.9621,40.0774,38.4065,32.0297,21.334
1380,66.4205,89.8991,65.7698,40.2447,37.6374,31.3214,21.5153
1410,68.5798,91.3118,63.2493,40.1255,37.4572,34.409,21.4052
1440,66.3754,90.4746,65.7051,40.5329,35.6531,35.452,21.604
1470,66.4282,92.4066,65.6966,41.8138,36.3472,33.4127,21.6353
1500,66.0427,89.9099,66.0505,40.64,37.1006,36.6226,21.7884
1530,77.9179,110.902,76.089,41.9945,36.8707,34.2484,23.1311
1560,78.6918,106.968,75.9531,41.3516,36.7161,33.9345,22.9048
1590,77.2847,106.556,73.6838,41.126,36.4076,33.6865,22.7431
1620,78.489,106.74,74.7923,40.7915,36.3434,33.7878,22.9446
1650,78.2479,107.279,74.0865,41.7034,37.7904,34.6966,22.7082
1680,79.7662,107.969,75.7256,39.9408,37.2414,34.787,22.5759
1710,77.5905,109.631,74.9423,40.5777,37.0784,35.329,23.1708
1740,79.9528,106.876,73.0772,39.9266,36.8744,34.9453,22.5358
1770,78.5698,110.384,75.6594,40.1281,36.7164,34.246,22.9923
1800,78.8268,107.094,74.6059,41.0198,37.4944,35.4465,23.0471
1830,78.9267,107.218,75.7338,41.5943,35.9578,34.7258,23.5132
1860,78.5759,108.684,72.9629,40.055,37.5227,33.2863,22.8362
1890,77.9749,110.927,74.3519,41.8771,36.8696,34.4647,23.3105
1920,79.8727,110.634,73.8898,40.3401,38.2481,36.2721,22.9781
1950,77.1418,109.24,73.6086,40.0469,38.1023,33.1732,23.0338
1980,77.3339,106.882,74.9156,41.9171,37.5375,33.8127,23.469
2010,83.5506,116.367,79.242,41.7501,36.2072,35.7009,23.5427
2040,81.7045,117.683,78.328,41.8821,37.1182,34.4079,24.0726
2070,84.3669,115.912,79.6963,41.8805,35.5293,34.6666,23.5388
2100,82.0207,113.147,77.2527,41.6274,37.2386,36.1951,23.5897
2130,81.899,115.893,77.179,41.0944,37.9933,36.9833,24.0478
2160,83.9658,115.392,78.9314,41.1709,36.6051,34.9396,23.8964
2190,83.5898,115.232,78.4143,41.8301,37.7185,33.7776,23.8719
2220,81.4919,115.391,77.9569,41.5128,37.0393,33.3686,23.2833
2250,83.8771,114.852,78.5611,41.0167,36.3174,34.5076,24.2006
2280,81.4652,113.663,78.3996,41.6121,35.411,35.0127,24.0831
2310,83.0117,113.442,78.9748,42.0583,36.8326,35.8094,23.2859
2340,82.8647,113.616,79.1882,40.6864,37.1896,34.9302,23.2589
2370,82.4392,113.569,78.3631,41.0046,37.795,35.201,23.8392
2400,81.6694,113.619,77.8232,40.4515,36.811,33.5188,23.8503
2430,84.5559,117.625,78.5203,39.905,36.9965,33.3456,23.5375
2460,82.6728,117.753,78.8222,41.3658,36.8024,36.2038,23.4062
2490,82.3283,114.622,78.8463,41.8911,35.7354,35.3141,23.5308
2520,84.5654,120.935,80.0244,40.9771,37.7954,33.4983,24.0581
2550,85.6388,120.038,80.9253,41.135,36.7123,37.0418,23.6629
2580,86.4518,119.269,78.3479,41.7231,37.797,32.936,23.3017
2610,83.9479,119.92,81.2894,40.7632,37.5492,36.2505,23.5727
2640,84.9966,117.897,80.96,40.5983,34.9538,33.585,24.0553
2670,85.9693,116.401,79.4336,41.7419,35.3101,34.0645,24.267
2700,86.3541,118.094,81.0155,41.4915,36.7001,36.4309,23.7083
2730,85.3737,119.929,81.0826,41.2942,36.2309,37.1868,24.1162
2760,86.2913,120.099,78.825,39.98,36.7072,36.5056,23.9736
2790,84.484,117.013,80.0232,40.8623,36.8485,34.3493,23.7776
2820,83.7444,116.899,78.7961,40.8286,38.1055,36.0812,24.0083
2850,85.3867,118.675,79.2059,42.1766,35.0393,35.7988,24.3512
2880,86.3972,119.885,81.7391,41.859,36.0618,34.2155,23.7683
2910,86.3228,119.816,80.9783,41.0615,35.5088,36.092,23.9481
2940,84.0648,120.006,81.4568,40.6739,36.7318,36.3843,23.6442
2970,83.6487,120.91,78.9402,40.504,36.0569,32.9582,23.426
3000,85.0636,120.99,81.039,41.4791,35.8191,36.9013,24.0191
3030,85.9163,119.095,81.7935,40.7417,36.7895,36.2397,24.244
3060,84.9091,119.095,78.5922,40.3793,36.1044,34.0707,23.6253
3090,85.9494,118.086,79.6305,42.1396,35.3109,36.6426,24.0615
3120,84.0054,118.911,79.1618,40.3245,35.5894,34.4071,23.7048
3150,84.3838,119.038,80.4974,40.9016,35.4054,30.6399,23.9412
3180,84.5501,116.821,81.01,40.3571,37.8793,29.996,23.8234
3210,82.2639,119.126,80.0637,41.4557,36.5773,28.2872,23.3681
3240,83.638,118.115,79.4707,41.1898,36.7765,29.7834,23.0956
3270,82.5153,118.166,79.6421,41.8844,36.3577,26.6483,23.5202
3300,82.6902,117.082,80.5257,41.2258,36.0881,23.8174,23.3842
3330,82.198,119.089,81.9326,40.9416,36.068,24.8561,23.406
3360,82.4473,120.745,81.8586,42.2914,37.0325,25.402,22.9354
3390,80.978,118.055,81.5302,41.8665,36.0736,20.9072,22.8891
3420,81.7692,120.973,80.644,41.2444,36.7781,26.2946,22.6454
3450,81.0174,121.454,79.6403,42.2824,36.0507,26.4347,23.0901
3480,83.2794,119.105,79.9996,41.0429,35.3037,28.9873,22.7621
3510,84.0595,120.719,82.1109,40.8035,35.8164,30.8875,23.2094
3540,69.0555,94.8973,63.9419,41.6018,36.216,33.9804,23.0706
3570,67.2166,99.2444,65.0044,40.7746,36.0978,36.9875,22.6616
3600,68.4425,95.6055,65.1749,41.889,35.8524,39.9915,22.3494
3630,68.6807,98.7823,63.7594,40.8635,37.5979,39.0211,23.1613
3660,69.2067,97.7681,64.3066,41.3942,36.2739,41.7215,22.3375
3690,66.7061,94.8299,63.6763,42.0676,34.8641,43.4439,22.9847
3720,67.4571,99.4431,64.1309,42.0482,35.4826,48.8958,23.1037
3750,67.2458,95.795,63.0196,40.6151,36.8635,47.3608,23.0344
3780,69.7264,97.5261,63.5685,42.2715,36.7544,53.8329,22.9391
3810,68.6377,96.0957,64.2398,42.0964,36.3178,54.0948,22.8566
3840,65.914,95.3053,61.201,42.2339,35.552,57.2035,18.254
3870,65.4323,94.5726,62.2409,41.3502,36.1586,57.3405,17.8652
3900,64.9406,93.127,59.9743,40.2794,36.5077,62.9767,18.4843
3930,64.7447,91.3277,61.8204,41.7046,36.2027,64.3924,18.2173
3960,64.1777,93.5366,61.1158,41.29,36.2143,71.4499,18.1014
3990,66.8065,93.8167,62.8088,40.5024,35.4699,71.5513,18.499
4020,66.0143,91.8369,62.5776,42.1394,35.8332,76.6542,18.2656
4050,66.0323,91.2322,60.4975,41.5032,35.6839,77.6375,18.0823
4080,64.0277,92.4553,62.6546,42.4375,36.7999,82.5407,18.1244
4110,65.4413,91.4174,61.6336,42.426,36.4322,87.9243,18.7096
4140,64.054,93.0242,62.6501,41.0327,35.1928,92.2092,18.4109
4170,65.6848,90.7819,60.694,42.1908,35.8395,92.562,18.2548
4200,66.0885,90.5674,61.5444,40.6885,37.4704,94.3807,18.0405
4230,63.9535,90.9962,60.7985,41.0694,36.0449,93.219,18.6579
4260,65.5465,91.2526,60.8384,41.5144,35.7783,92.7246,17.8552
4290,64.6426,92.8242,63.2143,41.9465,36.1807,92.8739,18.1779
4320,64.5712,94.2196,62.0905,40.386,35.96,93.3681,18.3331
4350,65.029,93.6541,63.1813,40.837,36.2051,92.5012,17.8918
4380,65.4304,92.7992,62.3389,40.4025,37.3927,92.531,18.6052
4410,65.3169,91.3495,62.01,40.773,36.7697,94.8048,18.311
4440,58.8152,82.0239,55.4491,40.8679,35.5551,95.7283,15.9235
4470,65.0478,97.8601,62.6032,44.3219,35.4751,94.0079,15.642
4500,65.6612,94.8218,64.3966,48.0387,36.519,93.5608,15.6377
4530,63.2387,93.872,64.93,47.9676,37.23,92.0329,15.5978
4560,65.7792,97.3283,64.9344,47.9805,37.2823,93.7169,15.4447
4590,64.8739,96.8785,64.6698,48.689,35.1221,90.1369,15.9099
4620,64.6829,94.6803,63.5026,48.6236,36.3217,89.9836,15.2426
4650,65.8595,95.2954,64.5219,48.8785,37.6901,90.3166,15.8035
4680,64.8195,95.6526,63.0545,47.7416,36.2078,91.9648,15.7905
4710,64.2942,97.0033,64.0577,47.9932,34.6419,89.9746,15.5598
4740,63.902,98.1479,63.1769,47.9177,37.4096,91.3747,15.7203
4770,63.3662,96.1664,64.0993,46.9965,35.4108,92.1281,15.9677
4800,64.6919,94.8236,63.2599,48.5702,34.965,90.5924,15.459
4830,65.8972,94.6667,65.2953,49.0433,35.8249,90.4749,15.6263
4860,64.0043,98.2007,62.3592,47.2062,37.4046,92.1659,15.8811
4890,64.1068,96.3844,65.257,48.5964,37.3858,91.4789,15.2726
4920,63.2854,94.4388,62.1214,47.2136,36.387,90.9528,15.36
4950,65.5744,96.848,63.1178,47.23,36.2604,91.7725,15.4304
4980,65.5232,98.3768,64.0347,48.1643,36.9508,90.1887,15.2056
5010,63.1697,95.9876,61.9322,48.7111,36.5161,88.4463,15.4789
5040,65.8526,94.5275,64.2104,47.6787,36.5398,89.8719,15.6482
5070,66.056,94.5066,65.0304,47.0135,35.1994,88.8433,15.5656
