Time,FC,PAS,PAM,PAD,temp,SpO2,FR
-1,61,99,70,55,35.949,98,13
0,67.1,108.9,77,55,35.4458,98,14.3
30,65.723,109.155,78.6066,55,34.9425,98,13.9466
60,66.2425,110.149,76.8888,55,34.4392,98,14.0466
90,66.6199,108.757,76.8923,55,33.9359,98,14.016
120,66.8658,106.318,76.6727,55,33.4326,98,14.4428
150,66.8752,106.707,77.0918,55,32.9293,98,14.4639
180,67.5394,106.659,76.1421,55,32.426,98,13.9584
210,67.2813,106.265,77.9648,55,31.9227,98,13.9526
240,65.9955,109.814,76.9492,55,31.4195,98,13.9562
270,67.9171,108.035,75.2441,55,30.9162,98,14.3608
300,68.3019,108.6,77.6979,55,30.4129,98,14.4288
330,65.8027,109.05,78.0303,55,29.9096,98,14.328
360,73.3805,109.613,85.0115,55,29.4063,98,14.5611
390,72.5912,110.675,84.9342,55,28.903,98,14.2607
420,74.2818,107.339,85.901,55,29.4091,98,14.5124
450,73.0368,107.436,83.8137,55,29.9151,98,14.0424
480,67.6691,110.128,77.6402,55,30.4212,100,14.0254
510,67.352,111.494,77.0987,55,30.9273,96.4694,14.1531
540,64.4029,88.5685,62.9553,44,31.1241,94.7128,13.6143
570,64.8276,84.9885,61.7312,44,31.6301,87.1213,13.6209
600,66.2202,85.1542,60.2026,43.3469,31.7132,86.3254,12.9233
630,65.5968,83.9283,60.9319,44.2108,33.027,80.346,12.486
660,56.8909,75.6911,51.1264,40.1083,33.4096,75.1327,12.2395
690,51.9337,73.1559,34.0424,37.144,34.2376,74.8347,12.0691
720,51.3698,74.9262,34.0779,38.3215,34.7269,93.9547,12.1146
750,50.8059,72.4484,34.4359,36.6433,34.2393,87.7394,11.8236
780,50.242,72.9993,35.0938,36.4877,34.6437,87.4272,11.1799
810,49.6781,95.5911,49.3209,48.3684,35.9879,81.5664,11.2579
840,49.4594,94.1743,50.5096,48.3628,36.4939,80.5116,10.7795
870,48.4843,96.2199,50.2024,47.8504,37,74.4653,11.0207
900,49.7386,96.6713,48.7923,47.5855,37,76.5887,10.7915
930,52.8099,97.3603,64.7204,48.8106,37.6607,72.7428,10.5347
960,50.5807,95.2267,65.2005,48.1576,37.4072,66.9704,10.3063
990,52.7464,95.8048,64.4251,48.6355,37.1951,65.4092,10.3716
1020,47.1061,80.3355,54.7094,43.9114,37.7868,59.5579,10.4983
1050,50.2221,89.6527,61.2491,41.7424,37.1696,56.9769,11.6405
1080,51.5625,86.8533,59.597,41.194,36.4574,55.8932,11.8316
1110,53.012,87.3538,62,41.5495,37.0168,50.4406,11.5361
1140,50.5446,87.5579,60.8818,41.1884,36.5529,44.5943,11.6603
1170,51.4426,88.3037,63.335,40.4966,37.7036,44.0329,11.584
1200,52.5003,91.6158,62.9173,41.8655,37.8921,40.3889,11.8015
1230,46.6,81.5355,56.0169,40.353,37.3316,35.3977,10.8685
1260,46.5981,82.8043,55.5709,40.7045,36.2492,33.5906,10.8658
1290,47.0919,82.5977,56.1609,41.139,37.626,32.2784,10.6657
1320,48.2363,82.3458,55.2615,41.5931,36.4333,32.2574,10.629
1350,60.4206,103.797,70.9201,41.2657,36.5496,32.4233,13.4995
1380,61.1998,104.482,71.8217,40.5895,36.904,32.4273,13.7478
1410,62.3528,104.906,71.4639,41.2914,37.4238,32.4514,13.5364
1440,60.8735,106.861,72.2455,41.9965,37.2727,32.6505,13.8866
1470,62.6242,106.515,71.1844,41.9289,37.7333,32.6185,13.7746
1500,60.5348,106.607,72.2483,41.1205,36.2903,32.6338,13.8854
1530,61.7818,104.706,71.4085,40.7262,37.37,32.808,13.9726
1560,61.3757,105.916,70.8054,41.438,37.1658,32.8864,13.8426
1590,60.791,104.946,71.8755,40.2822,36.4833,32.9515,13.4956
1620,60.4258,106.844,72.2296,40.6429,37.5155,32.9234,13.9005
1650,62.7885,104.385,72.1507,40.995,37.1,33.1196,13.8885
1680,60.8428,105.03,72.5165,41.4191,36.2163,33.1651,13.6788
1710,62.0911,104.949,70.8659,41.8285,37.5173,33.1835,13.999
1740,60.0702,104.162,70.7357,40.3562,36.2473,33.2012,13.6837
1770,62.7177,106.423,71.1709,41.5725,36.1447,33.2294,13.5967
1800,61.865,105.649,73.2745,41.721,36.0775,33.2203,13.7591
1830,60.2997,105.164,73.0446,41.5254,37.63,33.2761,13.8197
1860,61.9577,105.334,72.3106,41.3014,37.3099,33.2076,13.8705
1890,62.3793,104.452,71.0252,41.32,36.1792,33.1403,13.6889
1920,60.3493,103.771,72.3044,41.4164,37.2709,33.2035,13.7583
1950,66.8809,113.283,77.6636,41.4912,37.5074,33.2745,14.9758
1980,66.7865,115.487,77.7917,40.5808,36.8926,33.2265,15.186
2010,65.2477,113.462,79.0595,41.7666,37.2313,33.2251,14.9957
2040,66.9829,112.267,79.837,41.5847,36.2586,33.1833,14.9715
2070,67.1789,112.64,80.0567,40.871,36.94,33.0852,14.7902
2100,65.6508,112.169,79.0094,41.7451,37.8393,33.2172,14.7799
2130,66.119,113.628,79.9806,41.0845,37.5459,33.1898,14.9289
2160,66.1935,113.128,79.78,40.326,36.6666,33.2355,15.194
2190,66.1841,113.196,78.366,40.4411,36.895,33.1409,15.0243
2220,67.6818,113.405,79.2448,40.4224,36.7594,33.1275,14.735
2250,65.8998,115.467,77.7893,41.4869,36.7393,33.0892,14.8496
2280,65.3837,114.324,79.0699,41.2144,37.7333,33.1747,15.089
2310,65.5725,113.046,78.9371,41.3251,37.1058,33.2569,15.153
2340,64.9156,112.831,78.4234,41.8439,37.1024,33.0811,14.763
2370,67.7259,113.101,77.707,40.6032,36.4659,33.1138,15.2449
2400,66.6451,113.002,78.0209,41.493,37.668,33.2401,14.8881
2430,67.2208,113.126,80.0351,41.9648,37.0697,33.1844,15.0533
2460,47.7856,83.3916,57.6463,40.3145,37.197,33.232,10.7344
2490,47.9895,84.7211,56.7762,40.2992,36.1807,33.1063,10.91
2520,48.3081,83.1041,57.3868,41.7041,37.137,33.1795,11.029
2550,48.8217,83.014,58.8158,40.5011,37.1546,33.2476,10.8216
2580,47.8659,83.2286,58.6106,40.5415,37.505,33.1148,10.8969
2610,48.6521,85.3069,57.417,41.1525,37.4262,33.156,11.0658
2640,49.8886,83.8388,59.0915,40.2368,37.6724,33.1323,11.2046
2670,48.829,84.7,57.7595,41.7752,36.226,33.14,10.7678
2700,49.5162,82.4567,57.2137,41.6094,37.0201,33.0805,10.7323
2730,48.3609,82.6739,57.4067,41.3817,36.3644,33.206,10.841
2760,50.1909,82.0128,58.7559,41.3987,37.1064,33.2408,11.118
2790,52.0947,87.2955,61.9393,41.7485,37.653,33.0906,11.8399
2820,53.6527,88.377,62.4193,41.2587,37.0504,33.0854,11.654
2850,50.9289,87.2518,61.343,40.7404,36.5795,33.2201,11.9742
2880,52.1135,88.2168,60.8431,40.7253,36.7372,33.0827,11.9748
2910,53.5942,89.9917,62.1916,40.7675,37.7577,33.1448,11.5541
2940,53.1348,88.4599,62.7498,41.4454,37.5241,33.227,11.6074
2970,51.7585,89.7992,62.1054,40.7906,37.6352,33.0907,11.8066
3000,51.1663,89.7724,62.0449,41.1561,36.2755,33.2511,11.906
3030,52.2266,90.1702,62.5305,40.8489,37.4023,33.1916,11.8308
3060,52.7222,90.2169,62.7056,40.8712,36.6321,33.2497,11.4975
3090,51.0699,89.0971,61.3453,40.8777,36.746,33.0909,11.8455
3120,51.4402,87.5256,61.4195,40.7407,37.7633,33.092,11.9104
3150,50.8767,90.3323,62.2175,41.0473,37.579,33.1937,11.9956
3180,53.4468,88.9153,60.6926,41.2311,36.3719,33.0831,12.2755
3210,52.4909,88.2114,61.235,41.3413,36.8493,33.2664,12.2448
3240,53.2872,88.0584,60.6063,41.1844,36.995,33.1263,13.1544
3270,53.3049,87.5823,60.478,41.4239,36.4057,33.2775,13.0598
3300,52.8318,89.8569,62.8897,41.1314,36.6816,33.1013,13.1421
3330,51.8536,87.575,61.9295,40.2096,36.9793,32.0521,13.5374
3360,52.6893,90.1866,62.187,41.4882,36.4082,30.8018,13.2876
3390,46.7793,79.8539,55.4741,41.067,36.4782,29.4772,12.4104
3420,50.4171,92.0183,64.0474,44.5829,36.1873,28.211,12.4886
3450,51.2138,92.1029,65.1739,48.1243,37.7452,27.148,12.3151
3480,51.844,91.8286,64.0157,47.9581,36.5494,25.7858,12.3466
3510,51.5077,91.8303,63.6753,47.1998,36.1247,24.5745,12.2119
3540,49.6857,92.1756,65.5043,48.1249,37.6086,23.3335,11.7945
3570,49.7403,94.0257,63.814,48.4962,36.9638,22.216,11.7417
3600,49.1094,92.5536,64.4814,47.7141,36.9453,21.0313,11.6225
3630,49.0149,90.64,65.8663,47.5666,36.139,19.7095,11.2167
3660,49.61,91.7664,65.4591,48.3329,37.6576,18.4755,10.9836
3690,50.8264,90.7084,65.3021,48.4545,37.854,17.4011,11.0709
3720,51.1016,92.7792,64.1892,47.9661,36.2797,16.1469,10.8901
3750,51.9962,92.835,65.7773,48.0625,37.2819,14.944,10.8777
3780,52.8157,91.19,65.1738,48.6852,37.0463,13.6474,11.2133
3810,52.6448,93.4904,64.3925,48.6148,37.6108,12.3562,11.2257
3840,54.2013,90.9397,64.7875,47.1547,37.3927,11.2862,11.2533
3870,54.8356,93.2733,63.2561,47.4983,36.6321,10.0696,10.8612
