Time,FC,PAS,PAM,PAD,temp,SpO2,FR
-1,95,133,92,70,37.0748,100,14
0,104.5,146.3,101.2,70,36.5558,100,15.4
30,104.177,144.788,98.678,70,36.0367,100,15.0673
60,104.403,146.934,101.649,70,35.5177,100,15.6186
90,106.332,147.528,101.705,70,34.9986,100,15.5229
120,103.878,143.626,102.229,70,34.4796,100,15.4966
150,103.413,147.762,103.287,70,33.9605,100,15.3749
180,106.664,148.518,102.514,70,33.4415,100,15.0171
210,107.017,144.103,101.647,70,32.9224,100,15.7638
240,103.75,143.44,101.915,70,32.4034,100,15.0918
270,105.105,146.234,99.8497,70,31.8843,100,15.7339
300,106.823,148.43,101.88,70,31.3653,100,15.0162
330,103.593,143.845,102.737,70,30.8462,100,15.4169
360,112.711,143.102,112.59,70,30.3272,100,15.7673
390,115.642,149.875,109.384,70,29.8082,100,15.1668
420,114.289,146.751,112.42,70,30.1351,100,15.16
450,116.303,150.156,115.019,70.7,30.7633,101,15.3153
480,106.612,145.782,100.774,68.9781,30.9258,103.507,15.2428
510,105.492,147.91,100.74,70.8166,31.0231,99.3218,15.2955
540,103.296,147.862,100.589,70.0114,32.2067,93.187,15.2467
570,102.295,115.922,83.8139,56.8588,31.5611,92.204,14.6895
600,102.083,114.828,82.5457,57.5255,31.4761,92.8164,14.656
630,100.058,116.289,81.3066,58.2004,32.5369,86.5891,13.8547
660,101.976,116.32,79.6449,56.5389,32.743,85.8225,13.9734
690,97.4387,117.974,82.4499,54.9389,33.9125,85.6488,13.4386
720,90.3209,105.326,74.3668,46.6304,32.9234,78.3343,12.9704
750,82.3117,100.654,43.7441,48.9882,34.57,78.861,12.843
780,82.1158,100.157,41.8161,47.1978,33.7998,100.471,12.4016
810,82.8453,102.901,46.5631,47.2874,35.4015,95.9782,12.4415
840,77.0862,96.2614,61.8403,47.9394,34.3876,93.4741,12.26
870,78.3025,98.868,62.0907,49.3765,34.6226,92.6937,11.5898
900,81.4488,100.331,62.3101,61.8001,35.9693,89.5914,11.4606
930,81.2449,98.0275,62.2535,62.1442,36.7077,84.36,11.6529
960,77.5405,130.599,65.3227,60.9012,36.1111,89.7147,11.8142
990,82.3831,132.588,83.1718,60.9017,37.0357,86.7927,11.3289
1020,86.2336,128.779,84.5712,61.3987,37.7119,86.1833,11.751
1050,85.0091,131.039,82.5152,63.2989,37.1065,82.7809,11.9379
1080,78.264,117.119,76.6182,52.3538,38.0817,77.9581,11.7043
1110,85.018,124.02,83.6681,53.2639,38.4523,79.1637,13.1109
1140,83.2335,122.178,79.4567,51.1071,38.8878,74.3155,12.7515
1170,85.9166,121.057,79.9212,52.0005,37.3259,70.5528,12.5924
1200,83.2683,117.43,80.1276,50.6729,37.2454,68.6949,12.7549
1230,104.37,145.392,96.3276,52.0831,38.0896,64.8408,15.2544
1260,88.2043,114.083,91.6536,52.232,38.3431,63.7388,15.5836
1290,90.4131,119.568,91.4293,51.7003,37.5672,61.6516,15.6619
1320,88.9391,117.804,96.4964,52.7034,38.0488,61.3647,15.5917
1350,78.27,109.597,73.68,52.0898,37.3195,61.5657,12.2214
1380,78.6877,107.521,78.6858,53.5875,37.5148,60.9458,11.814
1410,102.788,139.508,99.9303,52.3428,37.208,65.3322,15.3597
1440,109.169,151.566,106.156,52.9717,38.411,62.8406,16.3674
1470,111.336,159.525,110.746,53.5386,37.363,65.3785,16.7604
1500,111.67,155.966,106.284,53.999,37.7837,60.8851,17.1844
1530,92.3768,126.243,85.2024,52.6514,37.8815,65.5807,13.5129
1560,91.8436,131.993,89.5179,53.8565,37.2676,62.4204,13.9101
1590,93.8003,130.912,89.4183,51.291,37.7617,64.2618,13.4773
1620,92.191,129.76,86.1336,54.0377,38.413,62.4735,14.1719
1650,76.7794,109.538,76.1197,53.8809,37.8211,64.9845,11.8264
1680,79.5758,110.514,74.2048,52.6831,38.1393,63.0329,11.5934
1710,78.772,110.225,71.4959,53.3892,37.7786,65.6366,11.9547
1740,79.307,109.17,76.6317,52.7312,37.2086,62.3055,11.6431
1770,73.9195,108.871,73.8053,51.5527,38.4608,62.1305,11.3539
1800,83.2042,123.029,82.0596,52.0159,38.1767,62.301,13.0469
1830,66.7885,95.7179,64.4795,51.6614,37.4105,63.8921,12.3591
1860,69.1517,94.3866,62.0581,53.4365,36.7957,61.2667,12.601
1890,65.5743,92.9503,67.2068,51.4736,38.1898,63.3325,12.6847
1920,68.189,95.725,65.6829,50.8816,37.8501,62.96,12.6568
1950,66.3616,95.4287,64.2962,53.4282,37.0818,65.7273,12.3675
1980,67.4533,94.4285,62.7158,52.0163,38.3271,62.1676,12.4462
2010,69.5389,92.748,65.0931,51.1027,37.53,63.8222,12.5872
2040,65.7603,98.2077,66.7598,53.9177,37.7202,63.9493,12.3046
2070,65.4127,97.8475,64.4575,52.5856,37.5373,65.7077,12.5676
2100,68.3241,97.093,64.2625,51.5094,37.0802,64.1285,12.7929
2130,80.6636,119.198,81.0192,50.8377,36.6053,63.2076,12.7373
2160,82.5742,120.275,79.5192,53.2216,38.218,63.356,13.0992
2190,82.5577,120.679,80.1072,52.9986,38.2099,61.831,12.7624
2220,82.0807,113.625,79.56,50.9617,38.0881,61.1708,12.8522
2250,80.3933,117.735,81.8964,51.507,37.2124,65.2535,12.8249
2280,82.0587,114.979,79.1473,53.6972,36.7741,61.4739,13.0514
2310,80.0816,117.046,77.8452,52.4762,37.372,65.8786,12.7387
2340,82.0403,113.876,78.6943,53.3837,36.6471,66.1471,13.2582
2370,85.2776,120.697,77.5469,50.805,37.5105,62.1648,12.8178
2400,85.358,113.448,79.7441,51.8743,36.8403,61.6739,12.7597
2430,82.0186,114.577,80.9933,52.146,37.6191,61.6269,13.3181
2460,80.6723,113.576,77.1493,52.5211,36.5778,64.0027,12.8318
2490,80.9817,117.457,77.3955,51.1654,37.403,63.201,12.7438
2520,80.5493,117.832,79.143,50.9498,37.5336,61.6701,12.9287
2550,84.6849,114.865,80.0831,51.4375,37.0747,63.6175,13.0932
2580,79.9826,117.654,79.7779,51.2607,37.4684,64.9666,13.1361
2610,83.8862,115.725,76.4904,53.8411,37.9028,62.2613,12.6373
2640,82.2201,117.974,77.8046,52.5559,36.6592,64.9847,13.1008
2670,84.6717,119.724,76.7653,53.0625,36.3028,64.8965,13.3406
2700,82.2925,115.056,79.5819,52.3479,37.6275,62.0905,13.1515
2730,76.7859,112.402,73.4221,51.2621,36.5594,63.0805,11.4717
2760,83.5901,118.732,78.155,61.0955,36.4926,62.9589,11.5422
2790,85.5964,124.002,87.9356,60.2883,37.8826,65.2339,12.2451
2820,83.3956,127.212,88.8978,61.0013,37.5185,63.5554,12.2037
2850,86.727,128.027,87.0069,59.4607,37.1883,65.7876,11.5939
2880,88.4594,125.359,84.7325,62.9355,37.7402,62.4739,11.9068
2910,84.3833,127.714,87.3942,61.459,37.4349,63.0011,12.1557
2940,88.6462,124.43,88.6053,62.0791,37.4163,64.9343,11.6598
2970,88.3315,124.804,84.6213,59.756,37.713,64.7483,11.5666
3000,89.1061,127.807,85.0732,60.6487,37.7967,63.1272,11.7484
3030,91.9684,127.961,88.7419,62.7903,36.5767,63.7182,11.8925
3060,88.0886,129.747,85.99,61.9481,36.1667,62.3477,11.8444
3090,93.3905,130.717,87.6223,60.3978,36.4661,65.2957,11.7696
3120,90.3696,127.52,86.376,61.4731,36.3812,64.6351,12.1958
3150,91.2451,124.248,85.219,62.6855,37.4132,61.8756,12.1581
3180,97.2975,128.539,86.0078,62.9394,37.0116,65.2154,12.0307
3210,95.6444,124.111,84.7064,60.5694,37.9223,65.5558,11.9457
3240,94.539,129.013,89.2712,60.4931,36.4293,63.4393,12.1621
3270,96.2554,124.948,88.454,61.0037,36.3717,61.6548,11.7712
3300,99.2953,125.54,85.3599,62.5063,37.5546,64.6157,12.1516
3330,95.1451,127.255,87.3197,62.4482,36.8409,63.676,11.3827
3360,96.2178,129.657,89.3134,61.6093,35.9616,62.1819,11.5286
