Time,FC,PAS,PAM,PAD,temp,SpO2,FR
-1,124,88,57,40,39.3212,94,25
0,136.4,96.8,62.7,40,38.7707,94,27.5
30,139.791,95.7736,61.6534,40,38.2202,94,27.4425
60,135.978,95.7995,61.1374,40,37.6697,94,26.906
90,136.273,97.2194,62.9782,40,37.1192,94,27.8904
120,138.791,97.6126,63.0127,40,36.5687,94,27.7195
150,135.588,95.0307,63.3376,40,36.0182,94,27.6725
180,134.981,97.767,63.9929,40,35.4677,94,27.4552
210,139.225,98.2677,63.5141,40,34.9172,94,26.8163
240,139.685,95.346,62.9772,40,34.3667,94,28.1496
270,135.421,94.9076,63.1431,40,33.8162,94,26.9496
300,137.19,96.7561,61.8634,40,33.2657,94,28.0963
330,139.432,98.2091,63.1216,40,32.7152,94,26.8147
360,149.159,95.1755,69.9647,40,32.1647,94,27.5303
390,147.539,94.6843,69.7037,40,31.6142,94,28.1559
420,151.364,99.1656,67.7176,40,31.859,94,27.0835
450,149.823,98.4856,68.7878,40.1987,32.7046,96.3682,27.2171
480,133.431,93.7565,62.432,39.9003,32.3845,92.4501,27.3512
510,137.656,95.523,60.7387,41.0489,31.8629,101.556,27.2045
540,134.294,96.2369,61.7344,39.5033,32.964,96.7485,27.2666
570,132.915,75.6142,49.0019,33.7508,32.7886,94.8499,25.8318
600,133.59,77.0463,51.4891,30.5815,33.4581,93.7606,25.4273
630,136.037,74.4934,47.7302,30.7117,32.4344,88.3927,24.6698
660,129.1,81.1024,50.7332,32.3053,34.3196,88.523,23.7486
690,127.448,78.4253,53.8513,31.3779,34.7366,85.0567,23.9189
720,176.641,35.4489,52.0706,18.9837,33.3398,82.2987,23.157
750,174.585,38.9456,49.2832,19.2574,34.4031,88.9052,22.7616
780,175.729,39.8201,49.0215,18.4607,34.0118,86.7839,22.2613
810,173.144,34.3927,49.2675,18.3131,35.062,83.6615,21.3383
840,171.565,42.1401,63.6839,19.5612,34.377,82.1646,20.7369
870,176.27,35.4563,62.2351,19.7007,35.6365,79.4401,21.1182
900,175.471,56.5684,59.3523,28.6146,36.1099,74.7192,20.7331
930,171.581,54.7071,59.8031,26.4856,35.4518,69.7798,20.1794
960,176.825,55.1065,60.5562,26.2181,36.0518,66.8307,20.1609
990,174.126,58.3846,61.6741,26.7187,36.3644,65.4922,20.8492
1020,175.813,57.9014,62.3549,27.6048,37.1261,61.9238,20.3155
1050,173.457,56.4083,65.8459,26.5179,36.6031,60.2155,21.1409
1080,176.569,58.3466,62.935,26.5222,37.2887,59.3919,21.024
1110,171.48,60.4307,62.4241,28.9397,36.5152,54.3866,20.4515
1140,171.912,59.9239,59.8159,27.647,38.1692,51.0781,21.1465
1170,177.898,54.6998,64.9667,28.3639,37.3578,50.3591,20.5894
1200,175.473,59.1292,62.9212,28.8431,36.5887,48.9911,21.2927
1230,123.387,85.0966,63.3326,36.6906,37.128,47.0536,20.695
1260,118.073,79.5696,59.8179,32.1969,36.957,41.2746,20.4334
1290,104.104,66.6749,38.8278,29.4881,36.5467,42.3737,20.8728
1320,104.87,69.9647,36.7497,30.9688,36.8889,78.076,20.451
1350,105.22,65.1035,38.3918,28.8945,36.2419,77.5468,20.7046
1380,103.016,69.2259,37.0506,31.1546,37.8896,76.8616,20.7591
1410,103.834,68.1332,36.7658,31.5545,37.5311,76.9937,20.7408
1440,102.722,70.2411,35.6894,29.4707,37.5741,79.4939,20.1867
1470,104.071,66.1128,39.1374,31.8268,38.2763,79.439,19.8009
1500,105.464,68.4578,37.0248,31.932,37.4117,84.7356,20.4298
1530,110.086,66.7263,53.3596,29.3331,38.4648,81.0945,19.794
1560,110.631,64.2098,52.6239,32.0426,37.8758,85.2852,20.1127
1590,111.575,66.0127,54.939,31.1243,38.3772,81.5926,19.9548
1620,105.843,58.2673,48.9209,24.4786,37.0483,82.6905,19.8619
1650,112.442,64.1325,49.4151,25.4646,37.5488,82.9893,21.8795
1680,112.105,63.4063,48.9827,24.3709,36.6851,83.5883,21.917
1710,112.194,60.9857,52.5398,24.8234,36.3273,83.2598,22.2999
1740,110.671,64.1703,52.2553,27.4225,37.7136,81.5002,22.1521
1770,134.115,73.7977,63.7772,24.1962,37.2478,82.3934,26.6808
1800,116.749,67.9621,54.1563,26.9941,37.4793,81.715,27.317
1830,116.487,65.7189,54.0724,26.0005,36.6723,82.8165,26.7562
1860,117.96,66.7349,54.0978,26.0332,36.5555,81.8883,27.0567
1890,117.756,66.1078,56.2069,24.5049,37.7942,82.2609,27.1011
1920,116.776,67.8637,55.6249,26.4208,36.5284,84.2691,26.7379
1950,118.162,70.3227,56.6522,26.5908,36.0367,89.9651,27.2577
1980,116.74,65.9227,55.3078,26.303,36.8619,86.5956,27.1725
2010,118.259,70.8811,57.3161,24.4248,36.7502,89.1334,27.2911
2040,117.511,66.9871,56.022,25.739,37.1795,88.6221,26.9173
2070,139.549,75.2696,61.4806,25.0486,36.0983,86.122,28.9593
2100,136.474,76.5234,61.9252,25.3854,36.3182,86.0427,29.0573
2130,137.196,79.2245,64.5836,27.5406,36.3812,89.9184,28.8617
2160,138.961,76.0528,65.1301,26.1797,37.5433,85.4984,28.9594
2190,139.47,73.8678,64.8126,25.1866,37.393,89.9104,28.7056
2220,138.092,73.8109,63.7173,26.3425,37.6562,87.2755,29.1586
2250,138.708,74.1409,64.7667,26.7311,37.9486,86.5421,28.8861
2280,136.942,73.9628,61.3185,27.2,36.7111,87.8598,28.9822
2310,136.946,75.2101,65.1328,25.5004,37.3418,88.6867,29.1638
2340,139.584,74.7422,63.218,25.9513,36.7976,87.383,29.0424
2370,136.294,74.5343,62.9944,26.8061,38.2335,86.8107,28.6666
2400,139.114,75.325,61.3329,25.99,37.0586,86.2741,29.0198
2430,139.47,73.6227,61.2338,25.0206,38.168,86.0819,29.1609
2460,139.731,77.0411,62.6849,27.5707,37.4873,88.9398,28.9225
2490,136.172,74.058,62.3654,27.5903,37.742,86.4876,29.0016
2520,139.591,74.9307,61.7696,25.5562,37.3572,85.8999,29.1036
2550,146.571,77.216,63.4087,25.4048,37.0121,86.6144,30.0354
2580,147.864,80.1577,67.1192,25.1966,36.8368,89.6817,29.6931
2610,147.591,77.3093,65.0686,26.0798,37.5894,86.5314,29.9198
2640,148.282,78.7738,63.7611,26.8658,36.8105,88.3322,29.5327
2670,146.287,80.1629,65.7541,24.9965,37.9311,86.0281,29.8247
2700,146.461,82.3855,67.2509,26.9507,37.3565,86.573,29.5787
2730,148.286,80.2226,66.923,26.4872,35.5031,87.4039,29.5042
2760,146.542,79.4639,67.5077,24.8424,37.2675,87.3809,29.4808
2790,145.495,82.2158,64.705,27.4496,37.1312,88.0604,29.5621
2820,146.467,78.8391,67.5795,27.5296,35.5692,86.5029,29.5336
2850,147.932,76.3835,66.5993,24.5085,35.2864,86.5682,29.8831
2880,147.322,77.2832,66.3102,25.5958,36.3183,87.7128,30.1757
2910,145.012,81.1775,66.7424,26.9506,35.864,89.9316,30.0568
2940,147.562,81.6982,65.8858,27.3892,36.4374,90.1111,30.2593
2970,147.958,80.5603,67.431,27.4617,36.6613,87.3205,29.9963
3000,146.341,76.5771,67.0287,24.5024,35.622,89.684,29.7486
3030,145.68,80.2123,67.2682,25.5294,38.0169,90.1109,30.1275
3060,150.464,81.6772,67.8083,26.9395,36.2581,88.3179,30.1647
3090,148.794,81.5334,65.6495,27.8118,36.7595,87.6202,30.7831
3120,150.182,80.077,70.0438,26.5156,37.3507,89.0657,30.5368
3150,150.437,82.2655,69.9085,25.8796,37.1045,85.7139,30.1111
3180,150.231,81.9944,69.2346,27.0418,35.3687,89.8638,30.1754
3210,151.889,84.3124,66.2834,26.3047,36.2431,87.9479,30.6418
3240,152.921,81.6573,67.4525,25.897,35.3724,85.7372,31.196
3270,153.647,78.6398,66.7239,24.9736,36.6454,86.5428,31.3669
3300,155.143,78.7398,66.0414,27.387,36.9026,85.49,31.8637
3330,156.409,79.6151,69.3725,25.0992,36.247,90.226,32.6267
3360,157.207,80.9922,70.1629,24.7842,37.0772,89.8405,32.8933
3390,159.223,79.488,67.2615,27.5259,35.9876,86.371,33.4348
3420,157.324,80.4294,70.4286,27.5591,34.7,83.8775,33.1967
3450,155.725,84.7462,66.7228,27.3346,34.9697,82.7711,33.7519
3480,156.813,80.9525,70.4316,27.6534,36.5626,79.2074,33.1531
3510,158.416,81.4777,66.6299,25.5545,36.6924,78.9292,33.1295
3540,156.769,82.0125,67.2865,26.9753,36.0634,78.029,33.1391
3570,155.716,84.8321,67.8042,26.1645,35.9287,74.2227,32.9662
3600,153.452,81.5968,67.9319,25.719,35.8908,73.2045,32.0861
3630,155.158,84.1311,68.4224,27.2334,34.7054,68.9142,31.7598
3660,152.299,82.3527,67.8326,27.7431,36.4426,68.3415,30.7698
3690,149.428,85.1494,69.355,24.8633,36.0559,66.6414,30.4943
3720,149.913,79.6184,66.612,27.3618,36.9918,61.7015,29.6086
3750,148.707,83.112,67.2923,26.9946,36.5713,61.245,28.6596
3780,146.681,84.5122,66.2643,27.8705,35.5603,58.1916,28.6058
3810,148.656,79.1914,66.6807,25.5459,36.2217,55.2617,29.1042
3840,149.815,80.7509,68.4585,26.218,35.6951,52.6038,29.0384
3870,147.578,81.0996,67.5751,27.7065,37.4215,50.7001,29.2058
3900,148.952,80.0316,69.7455,26.7744,36.0168,51.758,28.8125
3930,146.998,84.7788,68.8348,25.507,37.0989,46.0994,29.0056
3960,146.618,82.8099,66.3516,24.7316,35.0418,47.3031,28.9383
3990,148.124,79.5927,67.9069,25.3961,36.9747,42.2313,28.9577
4020,148.969,85.2617,66.7948,25.9616,36.2508,45.8186,28.7041
4050,150.873,83.7216,67.9364,26.3109,35.6617,43.0854,28.1224
4080,118.076,65.7893,53.2517,25.6372,36.7949,47.0466,28.5597
4110,117.849,66.1506,52.2403,27.6554,36.1588,45.5613,28.3271
4140,118.171,68.477,56.1157,25.1972,36.6559,45.732,28.283
4170,117.918,70.0002,56.3091,25.2606,35.2461,46.173,28.3665
4200,118.699,68.4808,55.9267,26.5876,36.783,48.6444,28.4735
4230,121.203,66.8772,54.697,27.0858,35.4637,50.4448,28.4954
4260,120.14,64.8958,56.1285,25.3225,36.2774,55.1853,28.5778
4290,118.329,67.8846,52.1713,26.4727,36.2837,55.0672,28.6438
4320,117.931,70.1743,54.3217,26.8039,37.0823,58.8699,28.4034
4350,118.624,69.974,53.5206,27.2551,37.0248,62.2825,28.4168
4380,114.192,63.2843,53.3907,25.6175,36.4212,63.0982,22.7988
4410,112.03,61.7831,51.4601,26.5817,36.2622,67.538,22.6374
4440,113.42,67.1174,50.9177,27.8669,37.0082,70.4168,22.2445
4470,113.741,66.3299,53.6704,25.7933,35.7174,75.0911,22.9017
4500,114.622,65.8319,50.9568,25.7239,35.5198,73.8619,22.3498
4530,113.894,64.5356,53.4209,24.6692,35.016,78.8445,22.4976
4560,112.992,66.8081,51.4719,24.7984,37.0432,79.0582,22.9216
4590,114.809,61.2243,51.3093,24.9082,35.6926,81.2341,22.2684
4620,112.264,63.2033,51.7957,25.4503,36.9392,85.9305,22.3801
4650,112.712,62.9673,51.0826,25.2404,37.2954,89.2259,22.8488
4680,115.188,61.1123,54.0961,25.7841,36.3924,90.4854,22.7207
4710,112.621,65.4762,53.4642,26.4058,36.0879,94.6271,22.249
4740,112.923,61.7682,51.3171,27.8939,37.3622,95.1807,22.897
4770,112.595,64.4584,50.4307,27.1489,36.7845,99.826,22.4667
4800,114.958,64.9234,53.0782,27.0761,35.9736,98.8764,22.8746
4830,114.944,62.8233,51.8316,27.2981,34.9995,101.021,22.517
4860,112.933,62.5784,51.6252,24.5119,35.8153,101.301,22.3813
4890,112.79,61.6999,49.8191,26.943,37.3194,97.0087,22.7191
4920,113.101,66.226,51.7725,24.6535,37.7964,101.356,22.7323
4950,112.76,63.7257,52.1455,25.8446,36.2411,100.705,22.7974
4980,102.052,54.9805,47.9169,27.1746,37.5175,96.7773,18.8843
