Time,FC,PAS,PAM,PAD,temp,SpO2,FR
-1,89,184,124,89,36.573,96,22
0,97.9,202.4,136.4,89,36.061,96,24.2
30,97.2768,204.553,134.094,89,35.549,96,23.8642
60,98.0578,205.573,134.332,89,35.037,96,24.3882
90,95.7637,204.624,138.009,89,34.5249,96,23.7872
120,97.0794,205.324,136.562,89,34.0129,96,23.6624
150,96.6,200.144,136.688,89,33.5009,96,23.6695
180,97.4319,199.906,138.264,89,32.9889,96,23.9928
210,99.3038,204.684,133.968,89,32.4768,96,24.0549
240,98.5812,199.803,133.677,89,31.9648,96,23.9664
270,98.0659,205.684,133.651,89,31.4528,96,24.3121
300,96.0076,202.682,138.915,89,30.9408,96,24.502
330,98.9533,200.361,133.019,89,30.4287,96,23.8342
360,109.348,203.924,152.582,89,29.9167,96,23.721
390,107.016,200.117,148.655,89,29.4047,96,24.6098
420,99.1063,199.205,137.52,89,29.676,96,24.7537
450,96.9752,200.572,132.402,87.1143,30.3565,96.8552,23.3817
480,97.0816,195.008,136.918,90.3893,29.8215,95.1997,23.8468
510,100.288,202.249,137.341,88.42,29.9001,98.8394,24.5917
540,95.7827,206.771,132.79,89.5768,30.248,98.964,23.2936
570,95.7386,158.458,114.646,70.2371,30.8453,97.7925,21.9736
600,95.5244,157.844,106.879,71.8162,31.6553,94.9251,22.4291
630,94.6258,167.546,108.872,70.8473,32.238,95.4989,22.2074
660,96.4365,158.86,109.195,71.0861,31.7162,92.1792,21.0605
690,93.5593,164.166,109.759,69.8797,31.2835,91.7565,19.9622
720,82.8405,132.696,101.962,63.5366,32.1035,86.1765,20.639
750,76.8118,130.786,59.9426,59.7327,33.2466,85.3839,19.8738
780,73.2607,137.704,61.5716,61.5948,32.699,94.3503,20.2536
810,73.1299,132.473,57.2721,61.8946,33.1802,90.291,18.7678
840,72.2748,138.945,61.7408,59.1319,32.8771,89.7104,19.0211
870,74.057,133.901,57.7655,58.14,34.1074,87.0317,18.6195
900,71.9818,141.496,60.2485,57.928,34.6402,83.1131,18.2772
930,70.5083,137.657,58.4135,59.213,34.0023,82.1497,17.8244
960,70.5482,180.005,85.2467,77.9828,35.0991,85.0415,17.1954
990,76.4929,180.134,115.267,77.9255,35.1989,82.3277,16.6965
1020,77.3717,183.062,113.544,75.7874,35.6665,80.5653,17.2727
1050,75.4709,175.995,117.707,77.6149,35.2178,78.7789,17.0511
1080,68.8732,151.106,105.632,72.2427,36.05,80.2863,16.764
1110,79.2638,169.623,109.189,65.3482,36.2579,78.1712,19.0414
1140,75.5134,161.577,112.63,66.684,37.2773,73.0989,18.8526
1170,77.6861,164.329,109.272,66.959,36.6429,72.0206,18.3493
1200,78.1379,165.593,110.774,67.2315,37.4964,73.5562,18.5191
1230,94.0569,204.809,133.312,65.1243,37.9384,71.0709,22.8235
1260,81.86,169.316,116.75,65.8206,37.6456,67.0518,22.3037
1290,82.9376,167.888,118.341,64.868,37.0389,67.899,22.5431
1320,81.6251,163.821,119.857,67.5099,37.8766,66.4125,22.8658
1350,80.3853,171.267,117.222,66.2016,36.239,65.2432,22.9488
1380,83.2066,172.121,115.013,64.4884,37.3845,64.4319,22.5512
1410,84.0862,170.802,117.233,67.1931,37.5867,67.1332,22.4113
1440,81.8832,172.136,119.883,68.2815,37.5948,69.9771,22.9558
1470,82.0089,164.321,115.695,66.2824,37.0454,68.1837,22.3465
1500,82.3918,166.139,115.616,64.71,37.2264,69.3557,22.8554
1530,95.072,205.396,134.352,68.2027,36.4804,67.9047,24.6424
1560,95.8219,198.156,136.049,68.2886,36.8902,70.6811,24.0122
1590,95.776,205.127,135.484,67.0391,37.4278,71.2016,24.8976
1620,94.5958,205.825,132.83,67.1179,36.7382,69.0092,24.4319
1650,96.1997,203.014,134.789,66.9513,38.0933,69.1387,24.3125
1680,97.0641,205.813,134.244,65.0205,35.6521,68.7894,24.5126
1710,98.193,204.168,133.727,65.297,36.2304,68.6275,24.5505
1740,98.5332,199.557,134.038,65.1444,37.683,71.0759,24.1503
1770,95.4374,198.29,137.11,64.9872,36.6965,70.3914,24.2506
1800,94.9986,204.75,135.162,65.4397,38.0897,71.9285,24.7294
1830,96.5455,197.916,132.665,64.1192,35.709,70.6194,24.0256
1860,96.4044,204.718,134.085,64.894,37.7541,69.5734,24.6543
1890,94.7709,198.999,137.34,67.0339,36.5557,72.4714,24.4643
1920,95.5265,201.171,136.88,64.4496,36.5965,71.851,24.6417
1950,97.3553,204.779,136.147,67.2064,35.6812,71.5864,24.5212
1980,94.7421,197.864,136.487,66.1253,35.3087,68.5929,24.0921
2010,100.457,210.276,145.245,66.5458,37.2803,68.1557,25.1701
2040,100.162,217.439,145.109,65.4365,37.0755,72.545,24.6559
2070,101.257,215.553,145.848,66.1747,37.9012,68.0094,25.4068
2100,102.444,216.552,143.09,67.2044,37.5796,71.9033,24.5519
2130,101.776,215.574,144.422,68.2438,37.0426,71.0871,25.0477
2160,101.676,213.88,145.713,64.1068,36.6605,68.7366,24.9597
2190,101.401,210.789,146.184,65.4223,38.2363,69.0366,24.9661
2220,102.466,215.653,142.063,66.3242,35.4673,70.7421,25.2392
2250,102.254,212.168,144.91,64.2732,37.4732,70.8052,24.9658
2280,102.896,214.324,143.541,67.6826,36.8258,69.443,25.2991
2310,102.494,212.601,141.588,66.1024,36.1687,72.4794,25.4934
2340,99.4215,211.585,143.824,64.8297,35.623,72.353,25.3882
2370,100.938,215.86,146.08,65.3032,36.0886,71.5754,25.382
2400,99.5658,212.286,144.969,65.6103,36.7551,68.732,25.135
2430,100.885,212.725,141.565,66.6932,36.3192,70.8874,25.1594
2460,100.453,211.486,145.542,66.0227,36.8773,69.6252,25.1418
2490,101.25,212.767,146.058,66.1538,37.7954,69.7435,25.3856
2520,106.033,217.185,146.135,67.7167,36.0511,70.3229,25.554
2550,105.085,221.534,145.617,65.7283,37.636,68.1943,25.9646
2580,105.977,223.965,147.008,65.0213,37.5639,72.1018,25.1347
2610,102.361,223.181,148.102,68.0291,35.844,71.8787,25.4954
2640,102.555,216.844,146.619,65.4073,37.3689,72.033,25.2629
2670,104.03,216.304,148.256,64.8404,37.6313,68.5732,25.7681
2700,104.591,220.916,150.12,65.3155,37.0166,69.9164,25.4271
2730,104.863,216.398,146.648,64.918,35.219,71.1989,25.1775
2760,103.245,216.378,147.372,67.3963,37.0715,68.0915,25.3774
2790,103.768,222.017,147.738,64.8316,36.7691,72.4102,25.0155
2820,103.342,224.111,146.362,66.5131,37.5419,72.6727,25.4758
2850,105.572,219.094,148.379,67.4168,36.39,72.4955,25.8093
2880,104.13,219.918,147.931,65.2175,37.3464,70.9711,25.1714
2910,103.887,217.734,146.593,67.0103,36.8811,71.2586,25.1398
2940,103.559,224.761,148.595,68.3498,37.3354,70.0915,25.4876
2970,102.991,217.154,146.188,66.6773,36.0113,69.704,25.8789
3000,106.519,224.624,145.495,66.249,37.2213,70.8496,25.9329
3030,108.724,224.781,147.961,68.0191,35.6865,72.598,25.513
3060,106.704,222.633,147.263,64.5342,37.0101,70.2323,26.0236
3090,106.396,223.419,145.081,66.6847,37.1324,69.6498,26.754
3120,108.626,221.464,145.717,68.6393,36.4018,71.8855,26.8853
3150,110.822,220.932,145.903,68.6311,35.9927,69.6298,27.149
3180,112.087,224.395,145.506,65.4583,36.6458,70.7949,28.3732
3210,110.724,223.025,146.707,65.7448,35.4587,72.132,28.5408
3240,110.818,226.229,147.332,66.2982,35.9357,70.8944,29.055
3270,113.626,224.054,147.474,65.8554,37.1251,69.1673,29.7712
3300,113.116,220.068,150.091,65.3641,36.5202,70.7841,29.0929
3330,115.266,218.186,147.301,68.9866,35.8335,67.1845,29.6653
3360,110.713,223.303,146.246,68.2991,37.1002,65.3523,29.1766
3390,111.02,222.089,149.044,65.8442,36.244,67.2836,29.3665
3420,108.774,223.155,150.022,68.5541,35.5323,66.4221,29.1523
3450,110.141,219.288,151.318,66.0361,35.6553,60.8698,28.0232
3480,110.565,218.348,147.493,68.0329,36.7678,60.113,27.1686
3510,109.252,225.742,148.954,65.5421,35.9437,62.3356,27.7193
3540,90.3535,179.595,119.562,68.8204,35.5518,61.9147,27.3292
3570,88.1086,182.991,117.433,68.8871,35.2358,58.2648,26.1908
3600,85.4335,181.116,117.031,64.7685,35.1599,55.9962,25.5666
3630,87.0269,180.515,119.138,66.2517,36.6881,58.5862,25.6383
3660,86.9251,179.266,121.561,68.9219,37.7597,56.6342,25.3212
3690,86.8724,183.152,119.903,65.1736,34.6823,53.4216,25.0529
3720,86.717,178.801,118.586,64.7936,36.5894,51.6908,25.1692
3750,84.4543,181.106,121.145,65.635,37.7018,49.8895,25.5003
3780,84.8982,175.099,120.933,66.0499,37.155,52.4631,25.3924
3810,85.9219,179.249,120.978,67.6945,35.7571,47.0791,25.0131
3840,81.063,171.859,113.389,65.9546,37.2617,49.2993,19.0172
3870,79.71,173.357,113.757,66.0958,36.0745,45.0946,19.5443
3900,80.7246,176.191,111.704,66.7173,37.0415,45.8477,18.9129
3930,80.2386,176.596,115.848,64.7704,36.1233,47.1871,19.6178
3960,79.2038,173.914,111.985,65.4562,36.3178,47.8527,19.3984
3990,79.937,174.76,116.45,67.9889,36.701,48.9727,19.6713
4020,82.0535,172.6,113.266,66.4114,36.0045,49.4708,19.7125
4050,79.979,170.433,116.462,66.9716,34.8431,49.2167,19.0913
4080,81.799,171.602,113.933,65.0083,36.1339,52.4686,19.4026
4110,80.4039,172.736,113.434,67.9713,36.7672,54.0669,19.2171
4140,79.5046,176.14,115.861,67.728,35.4665,55.7219,19.5719
4170,80.2929,172.373,113.049,66.933,36.6315,58.3651,19.3158
4200,82.2238,170.024,114.588,65.2262,36.4508,59.6636,19.2822
4230,81.0853,168.448,112.749,65.3855,37.3395,60.6853,18.9211
4260,81.2068,170.999,115.937,64.8745,36.0506,63.5438,18.8408
4290,81.7552,168.593,114.467,66.7408,35.9993,66.1544,19.3494
4320,80.2955,172.62,115.055,66.5325,36.1433,67.49,19.1398
4350,79.6043,168.992,114.108,65.2086,37.7852,65.9938,19.3873
4380,79.4915,176.866,114.808,68.1969,35.6485,70.7156,18.9906
4410,79.8498,171.276,115.041,68.7668,36.5742,70.742,18.9209
4440,69.3497,150.392,101.698,67.712,35.7778,75.0672,16.412
4470,78.8969,178.22,111.525,71.2541,36.9902,76.0688,16.4331
4500,81.0918,178.003,118.251,76.4751,36.4289,75.874,15.8574
4530,79.8592,174.879,115.823,76.409,36.5487,77.1974,16.4121
4560,79.6603,181.789,117.508,79.4638,35.5231,80.4768,16.3867
4590,80.5706,178.434,120.659,76.3472,36.7165,79.4732,16.1412
4620,78.0415,178.538,119.282,79.4621,36.1945,77.1699,16.2087
4650,77.9878,176.065,119.569,78.8394,35.9802,80.8611,16.0782
4680,81.1843,182.282,117.315,76.1112,35.0161,82.4485,15.8601
4710,79.1975,181.461,117.571,79.3191,36.2268,80.1024,16.5824
4740,80.6438,175.031,120.086,78.0755,36.6219,79.0223,16.1768
4770,77.8388,182.209,117.049,79.1253,35.9778,79.5814,15.7337
4800,80.2354,179.657,116.571,75.4608,35.7427,79.1863,15.878
4830,80.8628,179.347,116.026,77.4829,37.0404,80.1463,16.519
4860,79.4819,176.381,117.943,78.6578,35.9255,79.5267,16.1247
4890,79.2735,179.138,117.133,77.5709,36.1892,80.9628,15.8702
4920,77.9123,180.984,116.48,78.8169,36.6657,83.0623,16.4755
4950,81.1097,175.246,116.937,79.0716,36.7212,81.6364,15.8974
4980,80.8671,175.692,120.767,75.7473,36.258,80.7798,16.0225
5010,80.3887,181.541,120.048,75.9981,35.9062,79.8416,16.3399
5040,77.7962,178.808,117.917,75.3124,36.8907,78.7511,16.586
5070,79.4274,174.711,119.601,75.9034,36.5596,76.6435,16.3404
5100,79.6387,177.292,119.892,76.9025,35.3465,78.3725,15.7949
