Time,FC,PAS,PAM,PAD,temp,SpO2,FR
-1,66,97,64,50,36.3492,96,20
0,72.6,106.7,70.4,50,35.8403,96,22
30,73.9644,107.408,71.3248,50,35.3314,96,22.4069
60,71.7942,105.895,70.6199,50,34.8225,96,21.6401
90,73.814,108.454,69.1153,50,34.3136,96,21.5797
120,72.0357,106.097,72.0133,50,33.8048,96,21.746
150,73.4382,109.328,70.003,50,33.2959,96,22.3559
180,73.5026,104.673,70.2495,50,32.787,96,21.6845
210,72.1764,104.076,70.6159,50,32.2781,96,22.1683
240,71.2154,108.274,70.3391,50,31.7692,96,21.4985
270,72.1263,104.827,70.1536,50,31.2603,96,22.4087
300,72.9517,108.226,71.6849,50,30.7514,96,21.5702
330,73.7169,108.265,69.4436,50,30.2425,96,22.502
360,79.8923,107.708,78.9759,50,29.7336,96,22.4666
390,80.6704,108.046,78.1197,50,29.2248,96,22.0271
420,78.9528,106.03,77.9515,50,30.0023,96,22.2503
450,79.3277,106.183,76.774,49.9884,30.0305,95.3111,22.1308
480,73.8246,107.694,72.1059,51.1344,31.6852,96.3191,22.0922
510,74.3495,110.799,69.0102,50.2601,32.9191,98.3478,21.2906
540,72.881,105.074,68.6704,50.3348,33.5463,98.0793,21.2902
570,72.5794,86.7197,55.9427,39.6305,34.3275,94.87,20.6982
600,70.9072,82.9354,56.6338,39.0947,33.7826,87.8654,20.5282
630,66.98,89.5055,55.4326,40.0611,34.4067,85.5687,19.8192
660,70.1714,85.6532,55.662,40.9524,35.8763,84.6035,19.4926
690,66.061,83.049,56.5345,39.1024,36.4056,77.3521,18.4011
720,65.1256,73.4644,52.3784,37.0295,36.379,74.9739,18.5766
750,58.089,73.4166,33.6986,34.4593,35.9927,74.435,18.7615
780,57.4971,71.1999,31.4459,33.8759,36.352,93.3042,17.6157
810,55.0221,70.5929,33.3233,33.0395,37.3212,88.0932,17.0028
840,56.09,73.1022,31.27,44.0095,36.2905,83.2839,16.5649
870,55.0491,71.0096,33.3995,44.3135,36.7284,82.8022,16.9934
900,55.3908,71.0322,45.0011,44.7811,37.6406,77.1932,16.7971
930,54.9648,72.6607,47.285,44.2019,37.5533,75.6106,16.3672
960,52.5289,98.0279,47.0953,43.286,37.6852,72.916,16.4451
990,57.274,96.9751,62.1995,44.3389,37.8335,69.8019,15.6012
1020,56.302,96.2114,62.3247,44.1125,36.4759,68.477,16.2631
1050,55.4088,93.2144,61.7051,43.8496,37.1558,64.6315,15.5527
1080,56.3219,83.2942,56.2645,40.3807,38.2562,59.8544,15.8909
1110,59.3541,86.1112,57.4051,38.3043,37.3149,56.1137,17.7664
1140,60.1007,91.0594,58.4638,36.3903,36.2469,52.8781,17.3032
1170,57.1537,90.1107,59.4469,36.4801,37.2089,50.2781,17.3211
1200,57.0314,89.5548,59.2731,36.0214,37.7201,48.0993,17.5271
1230,71.6659,108.642,71.0105,37.3291,36.7189,44.7831,21.6956
1260,61.8373,93.2831,61.7054,38.0163,36.131,40.2532,21.0958
1290,59.8129,93.3917,62.6217,37.4718,37.3084,40.7765,21.2374
1320,60.9958,92.0077,62.5637,37.4236,38.3566,37.2649,21.4168
1350,61.698,92.0719,61.8685,37.3566,37.3497,39.17,21.6698
1380,62.0036,92.0556,63.8161,37.7177,39.0643,41.1238,20.9121
1410,63.2376,90.4289,63.2375,36.6738,36.7178,41.9898,21.2747
1440,60.8841,88.9311,61.4285,35.9953,35.9606,41.7523,21.3701
1470,59.7458,92.6918,61.7191,36.876,37.7323,40.3746,21.0274
1500,61.4708,89.0355,64.0335,37.0979,37.2609,41.123,21.0022
1530,71.0678,105.662,72.4578,36.961,36.9398,43.0446,22.3271
1560,70.9592,110.007,71.2733,36.7121,37.0414,43.1729,22.4735
1590,71.9734,105.314,73.0583,36.1679,38.5752,40.1365,22.5276
1620,70.3691,105.647,73.5768,36.5863,37.6435,40.8903,22.5336
1650,71.3478,109.158,73.4145,36.2249,38.1273,39.8505,22.4502
1680,71.9736,105.98,72.7418,37.8066,37.6749,39.2487,22.6421
1710,71.6402,108.163,72.7684,36.6218,37.6866,41.8878,22.8188
1740,73.1148,106.722,74.045,38.0317,36.9018,40.0523,23.0626
1770,70.3003,109.645,71.3346,36.0203,36.5548,40.2297,22.3257
1800,71.4111,108.74,73.7341,36.6469,36.9778,42.6104,22.7546
1830,71.5037,106.203,73.8364,38.274,37.8137,42.2123,22.9728
1860,72.6523,107.853,73.4356,36.7557,38.4327,40.6082,23.0351
1890,72.7997,106.854,74.1394,36.6239,36.5497,40.7055,23.0623
1920,73.1065,105.66,71.9081,38.3017,38.7266,41.8903,22.5889
1950,70.6803,107.151,72.2299,36.3964,38.5203,39.3617,22.7478
1980,71.8687,108.908,73.9916,36.8471,36.7209,40.6292,22.6357
2010,76.0959,114.188,77.3469,36.2465,35.9215,39.588,23.1567
2040,74.6453,114.604,75.9087,36.1936,37.176,41.3914,23.3267
2070,74.9575,117.146,77.1876,36.1144,37.8339,42.1663,23.1925
2100,75.6644,115.663,77.2645,36.1503,38.2261,41.5796,23.1489
2130,74.8917,113.977,76.2722,37.4021,36.3164,43.3057,23.2277
2160,76.8557,113.546,76.5156,36.0767,38.479,41.6534,23.0734
2190,76.6614,113.798,75.7905,37.1251,38.1858,42.9616,23.1583
2220,75.4218,115.386,76.179,36.1435,37.4233,40.7423,23.4635
2250,74.2538,116.518,75.9107,36.5595,35.511,42.0375,23.6472
2280,74.9782,113.125,78.0343,36.3753,37.5739,40.7627,23.4547
2310,76.2748,115.751,75.4984,37.0097,37.4166,42.5302,23.5301
2340,75.5124,113.123,77.6567,37.9128,36.8534,41.4386,23.6658
2370,77.0172,116.703,75.5723,38.1527,37.9254,42.9979,23.0021
2400,76.9303,116.69,75.8607,37.6575,36.3057,40.8766,23.5379
2430,74.4862,115.399,75.6739,37.0924,37.3181,40.1891,23.5589
2460,77.4208,118.172,76.9877,37.8238,35.3018,42.449,23.6792
2490,76.9246,117.277,77.7958,37.423,37.2002,42.4393,23.2229
2520,77.4483,121.086,76.8176,37.1721,36.5837,40.3944,23.6386
2550,79.3118,118.496,76.7716,36.6026,35.9502,39.3788,23.3517
2580,77.042,119.516,79.8136,36.8375,37.4248,40.5556,23.5396
2610,77.9886,116.917,76.8258,36.1715,37.6919,41.2332,23.278
2640,78.5298,118.812,78.6312,36.3062,38.1506,42.565,23.7932
2670,77.2181,120.225,76.723,37.3822,36.8432,43.0316,23.3755
2700,78.5862,120.497,78.5657,36.8059,37.4028,42.9829,23.9741
2730,76.1855,120.78,76.8597,37.7937,36.8893,43.4214,23.389
2760,79.6776,118.993,77.8962,38.025,35.7664,42.2205,23.7475
2790,79.2394,119.76,77.5189,37.9936,36.3331,39.7036,23.5392
2820,79.3591,119.972,79.0119,36.867,36.917,40.9673,23.7197
2850,77.6028,118.584,77.8024,35.9938,37.0183,40.4738,23.9938
2880,78.945,119.734,79.1312,36.4226,36.9245,43.2166,23.7797
2910,76.4534,116.939,78.1491,37.9706,36.1217,40.1779,23.3862
2940,77.1588,121.234,78.1518,38.1717,37.0592,41.4196,24.036
2970,77.1785,120.636,79.4791,36.6991,34.9856,39.8642,24.0362
3000,79.0817,121.079,76.7202,37.5873,36.704,40.1619,23.6985
3030,76.1624,119.8,77.3268,36.7816,35.6429,40.7087,23.8055
3060,77.4622,120.415,77.8787,38.3287,37.1624,42.7093,24.1194
3090,78.6247,119.588,77.0614,38.2009,36.3649,42.2344,23.8658
3120,76.8174,119.771,77.2587,37.5945,36.1037,43.6062,23.8204
3150,76.3119,117.059,79.1762,37.0579,35.5888,43.0404,24.1288
3180,79.3036,117.419,79.3254,37.5274,35.4758,41.1803,23.9797
3210,76.8378,119.274,78.5575,38.5734,36.1925,41.8295,24.1768
3240,79.322,120.242,78.5903,37.2294,35.3634,43.6128,23.4829
3270,78.5439,120.059,78.3473,36.7315,36.1502,39.7859,23.8471
3300,78.0186,121.188,77.3198,37.4898,35.963,40.4742,23.8021
3330,76.6077,120.616,78.6341,38.2803,37.8572,43.2607,23.9473
3360,78.5071,118.461,77.3848,38.181,37.5474,45.543,23.1621
3390,77.6808,118.498,78.6755,37.1753,36.3513,47.5383,23.1666
3420,76.3137,122.167,78.4481,38.1771,36.3485,46.4542,22.3048
3450,75.5311,120.999,77.9931,36.888,35.8367,51.2869,21.7976
3480,74.9424,122.262,77.7448,36.576,36.2625,50.7307,21.4364
3510,73.5157,123.667,80.0194,38.3893,36.6461,54.374,20.4365
3540,59.7178,95.3049,62.9609,36.8954,37.4091,55.6948,19.4087
3570,58.3647,99.1878,62.2036,37.0819,36.6351,57.7686,19.0866
3600,57.0386,99.0112,62.4061,36.7444,37.5971,59.6525,19.0161
3630,58.5801,97.5555,61.6124,36.5097,36.8541,62.1882,18.8813
3660,56.5406,96.5723,62.4453,38.4104,35.0108,64.632,19.3504
3690,59.7028,95.9739,61.5942,38.5698,36.9577,63.0489,19.231
3720,59.4021,97.6917,64.0634,37.9153,36.3161,68.1957,19.105
3750,58.2214,94.8135,61.5367,37.8379,38.0338,69.4286,19.5455
3780,59.4291,95.4714,64.1834,37.877,36.5971,69.7036,20.0953
3810,59.4649,97.5892,61.7029,38.1547,35.9917,71.6895,20.4617
3840,56.041,91.9326,61.0142,37.4281,35.8611,73.505,16.4726
3870,59.5219,93.022,61.1778,38.3127,36.7395,77.1801,17.4757
3900,60.2908,94.1975,60.3464,36.6979,35.9814,76.4985,17.9123
3930,60.2441,92.5733,60.7679,36.6892,36.6171,77.9521,18.3328
3960,60.1579,90.3123,59.757,38.0057,37.7124,82.7997,18.1017
3990,59.7644,93.9629,60.0374,36.7152,36.0485,80.7391,17.8257
4020,58.7142,93.5041,59.9282,36.4426,37.4389,82.0773,17.9354
4050,59.1545,93.6577,60.355,37.1469,37.9042,85.2741,18.0733
4080,57.8038,93.5375,59.5056,38.4092,36.1361,88.2609,17.7141
4110,58.078,90.0616,59.5052,37.68,36.1208,91.6914,18.1353
4140,58.3837,91.6818,60.8191,38.6365,36.2111,89.5582,18.027
4170,59.5982,89.9991,61.3447,37.5454,36.5719,88.1861,18.3132
4200,61.1619,92.3124,61.0149,37.7679,36.5089,91.2114,18.2313
4230,59.3014,90.4517,59.6941,38.4765,36.0431,90.4129,18.1535
4260,60.1603,91.7152,60.6856,38.4314,34.9469,89.6863,18.0641
4290,58.4879,91.766,58.8421,36.7169,36.0499,87.9389,17.9867
4320,60.5421,94.5126,58.8355,37.6382,36.6212,89.2999,18.108
4350,57.9832,93.866,60.2855,37.8851,34.9483,89.3369,18.1443
4380,59.8693,90.2943,60.3695,38.0607,35.0332,89.1626,17.9116
4410,59.442,92.3146,60.2975,36.5337,37.0967,90.3446,17.9815
4440,53.9571,83.3378,52.3271,38.4074,36.4774,90.114,15.8315
4470,54.561,92.677,57.4804,40.0584,36.4423,87.7641,16.0021
4500,58.632,95.4294,62.6418,42.4895,37.6364,90.0841,15.4254
4530,59.1993,92.6633,61.4497,42.8477,37.5558,91.2112,15.59
4560,59.6615,96.439,61.4657,42.8982,36.5351,92.1595,15.7004
4590,60.9575,93.757,63.3556,43.014,36.2993,84.9222,16.015
4620,59.5783,96.6468,60.7374,43.0441,37.1843,86.2854,15.5677
4650,60.106,96.2137,62.6298,43.5691,36.5007,88.3021,15.5076
4680,58.5016,93.2531,62.458,43.6737,35.6485,84.4691,15.3092
4710,60.7884,92.0722,61.8222,42.3097,37.3638,88.2801,15.6937
4740,59.407,92.0338,63.4011,43.291,36.3549,87.6151,15.5455
4770,58.3376,94.3957,63.523,44.4599,37.7384,84.9089,15.4154
4800,57.9893,96.3304,63.1451,42.8038,36.9663,85.1219,15.5384
4830,61.0041,95.5252,61.7799,44.4561,35.671,85.9947,15.9582
4860,58.7681,93.8511,61.6018,44.5619,36.1676,85.3354,15.2938
4890,59.6781,93.3145,63.7294,43.4758,35.1605,87.0894,15.5084
4920,57.7326,94.6538,62.3326,43.4198,36.8683,87.7004,15.6355
4950,59.365,93.0965,61.8975,44.275,37.122,87.1867,16.0071
4980,58.3961,92.2305,63.528,42.389,35.2949,84.2018,15.9197
5010,59.3575,92.387,61.6991,43.8742,35.1498,83.7423,15.5825
5040,59.5619,94.8216,63.4677,42.4131,36.5405,84.2014,16.0033
5070,60.9637,97.168,63.4389,43.5262,36.4593,83.9202,15.1509
