Time,FC,PAS,PAM,PAD,temp,SpO2,FR
-1,76,140,100,79,36.5339,99,15
0,83.6,154,110,79,36.0224,99,16.5
30,83.2635,156.443,107.809,79,35.5109,99,16.3489
60,84.4893,154.023,109.325,79,34.9995,99,16.6512
90,84.5158,157.089,111.982,79,34.488,99,16.4041
120,85.1699,152.785,109.555,79,33.9765,99,16.2543
150,83.3215,156.528,112.089,79,33.465,99,16.2767
180,84.5855,152.84,107.512,79,32.9536,99,16.1723
210,82.1543,153.854,110.576,79,32.4421,99,16.5865
240,82.4077,153.574,110.039,79,31.9306,99,16.5942
270,83.4278,154.181,112.504,79,31.4192,99,16.8784
300,81.8451,157.392,111.584,79,30.9077,99,16.6798
330,82.301,153.55,107.626,79,30.3962,99,16.776
360,91.1511,153.476,119.754,79,29.8847,99,16.1223
390,92.0276,151.514,120.685,79,29.3733,99,16.1978
420,84.3043,155.618,110.859,79,29.691,99,16.2239
450,84.7963,156.843,108.946,79.79,30.3057,99.99,16.5579
480,84.9742,157.947,108.867,81.0479,30.2532,98.2894,16.2927
510,84.572,159.356,110.496,81.6325,30.6579,100.856,17.0123
540,83.1205,158.461,108.922,81.1348,31.9062,97.8035,16.7096
570,83.4559,124.842,87.8218,64.1687,31.6946,96.8551,15.6661
600,83.8494,127.143,90.3249,62.5908,32.0218,94.3346,15.4053
630,82.656,123.01,87.3984,63.2242,32.3584,88.9258,15.0043
660,78.8002,123.257,91.2444,62.6996,32.8716,87.4877,15.1132
690,81.3242,120.713,89.0214,62.5247,33.4617,84.0691,14.1585
720,70.5101,108.255,81.5995,54.1058,33.6916,80.8294,13.9487
750,63.6741,105.571,50.3326,51.9004,32.9288,74.2576,13.3822
780,63.6547,101.354,50.6103,53.7562,34.5022,95.684,13.268
810,62.7621,108.231,50.2304,55.4682,34.649,88.4448,12.6792
840,62.805,136.911,68.8702,54.9358,34.7089,88.2398,12.3895
870,62.5395,132.868,72.0527,53.057,34.7458,86.5342,12.6013
900,63.4035,132.61,71.9471,69.8248,34.6449,81.6267,12.7904
930,61.3632,137.255,72.6497,69.0435,35.8879,79.1083,12.3014
960,62.5131,135.896,69.2046,69.2251,36.3465,76.6875,12.697
990,64.9233,134.66,94.0972,70.2152,36.2845,74.7635,12.8673
1020,66.5327,134.685,95.7712,70.6605,36.5569,72.9578,12.2521
1050,65.2148,134.315,91.7177,71.4952,37.7085,66.7591,12.2631
1080,60.4174,118.491,87.1824,58.5659,37.0901,67.5585,12.6652
1110,63.9912,122.173,90.6646,58.8139,37.5802,60.6997,13.3652
1140,67.6511,126.393,87.6905,59.7701,36.8937,61.3218,13.653
1170,65.5728,126.77,91.041,60.5691,36.0067,57.4877,13.9885
1200,63.6953,128.922,87.8213,59.5087,37.5311,53.499,14.1356
1230,77.9396,154.017,109.266,58.1886,37.211,48.516,17.0366
1260,67.8023,132.402,94.2569,57.4052,36.18,47.8511,17.072
1290,67.7647,134.572,90.8789,59.4038,36.7639,44.6202,16.8289
1320,69.1477,133.546,91.5101,58.9406,37.0137,42.3087,16.516
1350,60.3444,111.393,79.6415,59.6147,37.0461,44.6481,13.1984
1380,59.7181,112.277,82.8176,58.7963,37.0762,42.768,12.8694
1410,78.7073,144.771,104.788,60.6509,35.9457,43.0154,16.3393
1440,85.1165,158.016,117.323,60.8351,37.5935,41.9999,17.6699
1470,87.8695,165.824,119.806,60.8905,37.0242,43.7836,18.352
1500,86.7053,164.36,119.924,59.2127,36.8722,41.8005,18.657
1530,69.7908,135.591,96.816,60.9067,37.4458,44.9183,15.2315
1560,72.8293,132.833,96.0285,58.6607,36.8393,42.6359,14.8081
1590,71.0482,135.287,98.3306,57.1691,36.1463,42.4978,15.3308
1620,72.4633,137.669,97.3393,57.4042,36.3467,41.7826,15.0345
1650,62.5516,114.117,83.148,57.3798,37.4993,41.7548,12.3318
1680,61.3552,116.414,83.4644,60.0349,36.0834,42.6667,12.1456
1710,61.0215,114.055,81.1451,58.0531,36.0901,42.7165,12.2499
1740,59.5134,113.711,79.8428,57.966,36.5544,45.723,12.2803
1770,61.1145,109.265,83.613,59.6378,36.2918,44.2187,12.6186
1800,64.9526,124.936,91.0885,57.4499,36.7563,45.0013,14.0051
1830,54.0931,102.407,74.1005,59.1341,36.7641,44.0282,13.944
1860,54.1978,100.853,68.8086,57.8191,36.3019,43.1289,13.656
1890,54.2741,96.2203,72.6359,59.3908,35.9953,44.9241,13.5045
1920,53.0353,96.5752,73.9121,60.216,37.2945,45.2313,14.0423
1950,52.9168,98.1856,72.6556,58.1203,36.3906,45.2074,13.9578
1980,50.9258,96.6184,71.6603,60.3342,35.6404,44.5821,13.3247
2010,52.456,102.065,70.9542,57.8581,35.8163,42.38,13.9567
2040,52.2267,101.425,68.6495,60.4639,35.7338,46.451,13.8436
2070,50.8492,100.465,71.552,59.062,35.8712,42.9315,13.943
2100,53.4053,94.8945,71.6534,59.5915,36.0218,42.1331,13.6887
2130,63.5456,122.613,87.0033,59.7994,36.7617,46.0672,14.2546
2160,65.7246,117.492,88.1383,57.6449,37.2365,45.0226,13.5296
2190,62.4499,122.25,87.9994,57.2669,36.2684,42.501,13.9817
2220,64.8584,120.596,86.1804,57.9377,36.3988,45.9567,14.2282
2250,65.5764,116.931,86.1275,57.3844,36.8399,45.4845,14.1573
2280,64.1167,122.372,88.047,58.0584,36.9,43.2228,13.8533
2310,65.419,117.175,86.6031,60.1917,36.7809,41.8092,14.2137
2340,62.9884,118.832,86.5681,60.1709,36.7664,45.1431,13.5296
2370,63.3264,121.662,89.1648,57.1791,36.554,42.4253,13.6192
2400,63.924,124.491,89.2925,60.3526,36.6391,44.2535,13.5917
2430,64.3296,123.809,87.0271,57.9716,37.086,45.9305,13.5408
2460,65.1553,124.223,89.1423,60.4492,35.7118,42.7987,14.0453
2490,66.2796,124.541,87.915,57.838,36.4372,44.0216,13.7123
2520,63.2828,122.191,86.252,59.5712,36.5344,42.6505,13.9024
2550,63.7737,122.91,87.3625,60.4114,36.5276,41.6192,13.5859
2580,64.858,123.924,84.8525,58.2196,36.7957,46.2561,13.6446
2610,62.5052,118.447,88.7011,57.0685,35.5128,43.6075,13.6896
2640,65.6641,124.205,86.7333,57.2204,36.21,45.3546,14.0768
2670,63.4364,124.953,85.0899,59.5743,36.45,44.8787,13.9151
2700,64.1661,122.739,87.5563,57.2927,36.0783,44.709,13.814
2730,59.9418,115.369,81.8383,59.1071,36.3892,42.898,12.5939
2760,69.1453,134.465,89.8997,69.6113,36.0578,42.2467,12.8562
2790,65.8954,136.344,95.5733,68.4597,36.6024,44.7422,12.2855
2820,67.9975,131.831,96.302,67.0015,34.9456,42.3445,12.3351
2850,67.8389,135.795,96.0972,66.7602,35.6487,41.7725,12.6582
2880,66.1841,132.049,93.6483,67.3062,34.963,45.6811,12.985
2910,68.2313,137.169,97.6738,70.1105,36.5738,43.26,12.4903
2940,69.0818,137.286,95.9807,68.7153,35.5023,42.2681,13.0457
2970,67.1912,131.958,97.7903,70.5961,35.1444,43.5705,12.8885
3000,67.9854,133.106,96.5987,69.7396,36.3791,45.309,13.9497
3030,69.2491,134.14,98.1708,68.8105,35.9815,45.3183,13.8245
3060,67.792,130.349,97.1968,68.1919,35.1165,42.9365,14.5359
3090,67.5845,132.889,95.6162,70.1573,36.3065,43.1409,14.8154
3120,69.4993,135.257,97.3893,68.7143,35.288,43.7007,14.6669
3150,65.7482,130.963,93.3889,70.3648,36.3669,46.562,15.1388
3180,67.3158,135.412,96.6951,70.4684,36.5217,43.6955,15.3568
3210,69.9305,134.942,98.396,68.7427,35.1626,43.8433,15.7298
3240,69.5413,135.432,98.2048,70.1722,35.8356,48.4623,16.0673
3270,68.1667,130.626,94.8464,69.8936,35.5397,48.5653,16.368
3300,65.5402,133.363,98.4005,69.0696,34.7016,50.7362,16.1697
