Time,FC,PAS,PAM,PAD,temp,SpO2,FR
-1,89,133,100,75,36.7991,99,17
0,97.9,146.3,110,75,36.2839,99,18.7
30,98.0118,149.802,111.402,75,35.7687,99,19.0483
60,99.2412,148.57,111.536,75,35.2535,99,19.0015
90,98.5327,147.906,107.337,75,34.7383,99,18.8057
120,99.717,145.897,108.029,75,34.2232,99,18.7551
150,99.1455,148.348,109.083,75,33.708,99,18.7097
180,98.8927,142.86,109.945,75,33.1928,99,18.3382
210,97.0792,148.359,112.323,75,32.6776,99,18.7509
240,100.025,149.377,108.762,75,32.1624,99,18.3489
270,98.2079,148.67,110.376,75,31.6472,99,18.7616
300,96.7423,149.081,109.158,75,31.132,99,19.0289
330,95.9772,147.081,112.093,75,30.6169,99,19.0628
360,108.517,145.553,122.147,75,30.1017,99,19.1318
390,105.966,145.895,123.318,75,29.5865,99,19.0144
420,98.3136,149.638,110.887,75,33.2932,99,18.9684
450,99.9539,150.893,112.034,75.75,37.3329,99.99,18.4845
480,98.9819,148.325,113.405,76.2286,36.7951,101.485,18.6313
510,97.6386,149.171,113.479,76.2905,36.535,98.8228,18.5654
540,97.199,149.622,111.641,74.6386,36.2615,97.8594,18.0918
570,98.7002,119.365,91.2441,61.2369,36.418,93.0845,17.9978
600,94.6614,114.498,89.9691,61.2949,36.8118,91.1042,17.5317
630,97.3546,115.005,90.4402,61.7553,36.5218,85.3417,17.6106
660,96.0124,117.882,85.9098,59.9879,36.6459,80.4969,16.4772
690,93.4592,114.509,86.2187,59.531,37.1182,80.1098,16.3409
720,84.6585,106.207,73.5174,50.8856,35.8715,76.7916,15.8073
750,76.0271,97.1179,46.105,50.3323,36.719,75.4608,15.2292
780,77.1997,96.9179,45.931,49.6813,36.1359,91.254,15.3036
810,77.6722,100.959,46.9049,49.5802,36.4284,90.357,14.9046
840,77.0932,101.193,47.6495,67.5977,36.4745,87.1307,14.2686
870,71.7572,96.801,47.379,65.2429,36.0859,82.7602,14.6284
900,74.605,102.553,71.9567,66.8079,36.4037,79.0577,14.347
930,73.2069,101.744,70.2303,65.3076,37.0514,79.2535,14.0209
960,72.5534,130.817,71.2846,64.7111,36.2658,76.3295,13.9763
990,76.5522,134.173,91.5815,65.8926,36.6397,74.1811,13.9718
1020,76.6915,127.566,91.4198,64.4608,37.7597,73.6139,13.3188
1050,76.6909,131.066,92.4997,64.624,36.9175,70.2437,13.5236
1080,73.5958,123.714,79.1622,54.802,37.3088,63.5396,13.3403
1110,80.0012,122.122,86.5276,57.2277,36.994,62.8279,14.567
1140,80.16,119.835,89.6762,57.455,36.6629,57.3695,15.2184
1170,77.3222,120.206,89.667,55.2897,37.6107,55.1897,14.712
1200,77.6055,121.296,87.9041,58.1176,36.6377,50.9599,15.3948
1230,97.3225,145.566,104.564,56.1194,37.767,49.2358,18.0367
1260,82.9757,121.318,100.896,57.908,36.767,44.323,18.5466
1290,84.3933,122.564,102.096,56.8246,37.1501,42.3158,18.6809
1320,83.0449,125.616,99.9211,56.0121,36.3047,43.8549,18.2347
1350,71.995,112.737,80.1787,54.9053,36.5532,42.7714,14.0709
1380,70.7726,113.134,81.8084,55.6402,36.2104,44.6277,13.7531
1410,92.1982,145.748,105.663,57.8058,36.4835,41.7774,17.7046
1440,102.599,155.994,112.001,58.1737,36.5321,42.0307,19.1728
1470,104.691,162.605,116.859,56.6799,37.2746,45.4038,20.0583
1500,107.421,158.327,114.012,57.8295,36.3114,44.382,19.5789
1530,84.4301,128.658,92.9424,56.2931,36.54,41.2893,15.9848
1560,85.8464,127.02,95.4728,54.9902,37.2867,45.7434,15.7483
1590,88.0506,126.396,93.4332,55.0939,37.736,46.0614,16.3527
1620,86.364,131.778,93.1213,55.8894,36.1468,43.306,15.8886
1650,71.6914,107.384,79.7045,55.6567,36.7947,44.2659,14.0703
1680,72.6462,109.065,82.2663,54.8049,37.3893,45.0858,13.3435
1710,71.3608,109.298,77.6983,55.5059,37.2806,44.1761,13.547
1740,72.345,108.305,76.8323,54.97,36.4957,43.1244,13.6127
1770,70.9983,109.994,80.0923,56.3305,37.2965,46.1005,13.8979
1800,77.0315,119.563,87.1922,57.4174,36.0319,43.7496,15.3299
1830,64.8522,93.2379,72.5042,55.1187,37.3316,42.1269,14.9258
1860,63.1634,96.9518,71.3314,58.361,36.1383,45.2962,14.6543
1890,62.8794,92.6109,70.1283,57.1171,37.3223,42.143,14.6838
1920,63.3208,92.3433,71.9681,56.6929,36.8298,42.9391,14.8514
1950,63.6302,97.5349,67.7069,55.6108,37.4971,41.5904,14.9524
1980,64.0238,93.0436,71.5232,58.4026,37.2937,43.9505,15.5225
2010,65.3006,93.8596,67.6805,55.3801,36.4177,44.4351,15.3994
2040,61.2422,97.3677,72.722,56.4007,37.198,45.5892,14.5943
2070,62.0843,92.7738,68.9952,57.2792,37.3313,43.447,15.4988
2100,64.3028,95.0389,69.2841,55.4919,36.7733,42.1227,14.7969
2130,76.3966,117.526,83.7905,54.9606,37.3433,42.9935,15.0338
2160,75.6454,119.575,83.4054,55.0714,36.8444,42.1613,15.32
2190,76.4704,120.061,85.9601,56.3432,35.8259,46.1043,14.9078
2220,79.1195,115.242,83.2495,56.2765,37.0337,43.9422,15.3949
2250,75.9784,117.514,87.5823,56.1549,36.1139,42.1332,15.2298
2280,80.0644,116.096,86.9511,54.9189,36.2552,46.2154,14.9452
2310,79.1747,113.466,86.9604,54.8695,37.564,43.5149,15.2544
2340,80.0234,115.344,86.3582,57.5378,36.8308,45.5468,14.9564
2370,76.4122,115.148,87.4637,56.1667,37.3258,45.4127,15.5348
2400,75.3419,119.752,84.2912,54.6874,36.2465,42.0167,14.8481
2430,77.8498,113.248,84.2018,55.9218,35.8438,41.9452,15.1478
2460,75.3962,116.599,87.761,54.6975,37.1111,44.5852,15.513
2490,76.8994,116.119,88.154,56.8693,36.9324,45.923,14.7595
2520,77.8182,117.939,87.1309,56.7537,36.6457,42.1772,15.3121
2550,79.1774,114.686,86.3468,55.9239,36.0902,46.3868,15.4145
2580,76.6756,113.399,83.1083,55.9235,36.5827,41.6837,15.1047
2610,76.5132,117.822,83.4326,56.9464,35.6887,42.324,14.9567
2640,78.6593,113.27,83.7514,55.6066,36.8531,41.6953,15.5188
2670,76.1299,114.2,84.6791,58.5958,36.2712,41.8235,15.0831
2700,78.1023,113.215,82.7303,58.2941,35.702,42.1818,14.9809
2730,72.9158,106.503,80.327,58.1684,37.0104,45.3108,13.7207
2760,82.0419,120.788,93.5703,65.9591,37.2778,45.8726,13.9982
2790,80.9996,129.275,92.8894,67.1163,35.6213,46.093,14.0393
2820,80.0171,129.802,90.5827,67.8716,37.3424,42.2937,14.1282
2850,78.2235,124.601,90.5048,66.3994,36.2946,45.0636,13.6982
2880,78.9926,125.976,94.7556,67.8879,36.1666,44.1465,13.7608
2910,79.437,125.439,91.1548,67.4317,35.9974,45.3133,13.9123
2940,80.3755,127.535,92.3719,66.7775,36.6267,44.259,13.9378
2970,82.612,127.741,93.132,66.4946,37.2369,44.7866,13.494
3000,82.3212,125.303,93.7036,66.2388,36.9474,44.0211,13.8057
3030,82.0493,122.879,90.3946,65.7496,36.1932,42.7601,13.5666
3060,85.3748,130.397,95.5625,67.7611,36.6717,43.3082,13.9099
3090,84.2411,129.752,92.2211,67.361,36.5346,45.8302,13.7372
3120,86.3597,126.939,94.2962,67.5139,37.0371,43.0408,13.7111
3150,87.7447,129.227,96.0579,67.1217,36.9453,46.4859,13.4882
3180,86.4116,125.106,93.4485,67.3061,35.8723,43.6177,14.0616
3210,90.7078,129.26,93.2042,64.6032,36.6727,45.243,14.2508
3240,88.4704,128.106,93.1953,66.9569,35.5978,42.0168,14.3181
3270,92.948,126.675,91.1607,66.3139,35.7034,41.6915,14.4455
3300,93.2307,123.849,93.9156,64.7036,35.7742,41.74,15.4302
3330,92.2995,128.192,96.1723,65.3076,35.1722,42.4567,15.3336
