Time,FC,PAS,PAM,PAD,temp,SpO2,FR
-1,55,96,69,51,35.9183,100,12
0,60.5,105.6,75.9,51,35.4154,100,13.2
30,59.2697,105.517,76.2686,51,34.9126,100,13.387
60,61.7909,107.364,75.4894,51,34.4097,100,13.2281
90,59.9146,104.153,77.7559,51,33.9069,100,13.3222
120,59.9223,105.834,74.1463,51,33.404,100,13.3882
150,59.7731,103.134,76.5156,51,32.9011,100,13.0131
180,60.5687,106.917,76.6594,51,32.3983,100,13.0432
210,61.7197,105.282,74.3727,51,31.8954,100,13.0755
240,61.5212,103.965,76.0378,51,31.3926,100,13.3858
270,60.5415,108.036,75.2429,51,30.8897,100,12.8868
300,60.0061,103.879,74.2206,51,30.3869,100,13.3409
330,59.6403,104.2,75.7631,51,29.884,100,13.5135
360,65.491,104.327,83.1565,51,29.3811,100,13.0677
390,66.722,105.033,83.4343,51,28.8783,100,12.9645
420,67.6834,106.835,74.4027,51,30.2319,100,12.8831
450,66.0153,103.16,77.6463,49.8397,32.2033,98.1952,13.331
480,60.3948,108.952,76.3956,50.5238,32.3502,101.442,13.4228
510,62.742,108.607,77.8065,49.8879,35.0983,100.728,13.1009
540,59.1191,101.877,74.8716,50.1919,34.9589,97.7361,13.0952
570,59.8385,88.2791,62.1052,40.7567,36.3216,94.682,12.2343
600,59.764,86.7659,63.4824,40.8817,35.9706,91.2846,12.1821
630,57.2031,82.8877,63.2355,40.0046,35.9603,87.3821,11.9296
660,58.4086,85.6083,60.6552,41.6791,35.9429,88.7504,11.869
690,56.1919,87.4556,60.2148,41.7816,35.9067,87.0297,11.0778
720,77.9902,39.2882,63.3775,23.8608,36.8881,84.0428,10.9123
750,76.4422,39.2174,61.9061,24.068,36.8448,97.6894,10.5749
780,76.4681,40.4513,61.7353,24.1353,37.0335,93.7201,10.8648
810,78.1004,40.8188,58.6795,23.8203,37.1578,89.1899,10.6572
840,76.1698,42.069,63.3996,24.5859,36.9014,88.0278,10.3632
870,75.5224,42.003,58.6733,24.2423,38.2727,84.832,9.89123
900,76.9879,39.0745,74.1494,24.757,37.5407,84.1882,9.9429
930,75.4408,40.8874,76.2567,24.4795,37.4294,82.7031,10.2229
960,75.1815,62.5395,76.7954,34.1727,36.423,80.412,9.48508
990,74.9255,63.4461,75.9956,34.9619,38.2406,76.8847,9.74937
1020,77.9506,62.6455,76.4785,35.1416,36.5926,76.1332,10.3295
1050,76.2959,58.8798,73.6992,33.9692,36.6562,72.1688,10.3396
1080,78.2325,61.7,74.6906,33.2769,37.5454,69.4617,10.3501
1110,78.5828,58.5146,74.6151,34.7064,38.0927,70.9639,10.4193
1140,75.8176,59.2652,78.0408,33.7918,37.5278,68.5486,9.72336
1170,76.2136,62.1374,74.071,35.0784,37.4048,63.1811,9.58685
1200,75.7757,61.38,78.4575,32.9372,36.1002,60.2877,10.26
1230,54.5741,85.3849,77.2544,43.3376,37.4231,60.0845,10.1397
1260,49.0353,70.8043,70.5157,37.1054,38.5367,55.9351,9.80066
1290,46.1793,72.8121,44.8602,37.0004,37.8379,54.8668,9.74648
1320,46.378,72.9125,42.1511,38.4481,36.7498,86.3019,9.42903
1350,45.7048,71.5959,42.1446,38.5734,36.8905,87.8364,9.96672
1380,44.7546,73.2455,44.8957,37.3969,37.7942,86.1694,9.91731
1410,45.1151,75.2302,44.5135,36.39,37.8517,88.0563,9.75504
1440,45.9075,71.0698,41.8544,37.0108,37.3386,86.9776,10.1426
1470,45.8874,72.7624,42.4158,36.4125,37.9914,87.565,9.75785
1500,45.3853,73.3171,44.7079,38.176,36.0249,93.1792,10.2225
1530,49.1584,72.4342,60.5559,36.6138,36.7547,91.9548,10.1331
1560,49.0722,72.5757,61.6691,37.2065,36.9129,92.5105,9.86718
1590,48.9287,73.3307,63.5943,36.8982,37.4498,90.7588,9.92083
1620,44.0248,64.1812,57.7786,32.1248,37.3652,91.8673,9.81927
1650,49.0381,67.4162,59.7593,33.1604,36.9866,94.8485,10.7967
1680,48.3801,67.1251,60.7416,32.8053,37.5286,91.7717,10.7028
1710,49.7689,67.0085,59.7931,32.1164,38.3849,90.8535,10.6013
1740,49.2062,69.129,60.1966,31.7313,35.9891,94.1343,10.9727
1770,59.635,82.0024,73.0393,31.5207,37.7019,94.0297,13.3818
1800,50.9633,65.0994,58.4589,32.7591,37.4811,90.7143,12.9824
1830,51.368,65.2669,58.4287,31.0353,37.8086,91.263,13.0606
1860,52.0746,66.2928,58.3811,32.6484,36.3467,92.9414,13.2716
1890,52.5423,63.8465,59.3335,31.2808,37.0669,94.9943,13.1281
1920,51.4977,64.8749,56.9223,31.9077,37.0805,92.6424,13.4584
1950,52.9807,62.7878,56.5923,31.8995,37.6808,97.9694,13.2502
1980,51.1674,63.3276,57.4883,31.4464,38.3723,98.9628,13.2295
2010,51.2953,65.4865,58.7749,31.8729,37.6008,98.5282,13.4152
2040,51.4178,66.172,57.481,33.056,37.3318,98.9552,13.0626
2070,61.5975,83.0594,71.5493,32.9792,36.3657,96.9062,14.0259
2100,60.6822,82.4947,71.6978,31.4749,37.703,98.6375,14.3224
2130,60.0664,81.4086,70.7866,32.7402,36.1993,97.9186,14.1112
2160,59.5526,83.3656,71.103,31.5761,37.5861,97.3274,14.2304
2190,59.9523,80.0479,71.696,31.957,36.6588,99.2615,13.872
2220,61.4971,81.9325,70.8399,32.2793,36.1992,97.625,14.104
2250,61.0868,79.27,70.6485,30.7945,35.8367,97.6648,13.9941
2280,59.2827,79.7348,71.6822,32.8023,36.7394,97.8556,14.2458
2310,60.339,80.7068,70.4507,30.7735,36.7276,95.4476,14.0503
2340,61.3836,81.7894,69.7343,31.0567,38.1442,98.1343,14.1365
2370,60.987,79.5254,71.4899,33.1319,35.9773,96.3802,13.8737
2400,60.184,79.4046,72.5836,33.0254,36.9919,98.4514,14.2132
2430,59.2369,79.5323,71.9086,32.056,37.5997,94.6959,13.9209
2460,60.5674,79.6326,70.5779,31.7717,36.8392,94.899,14.0884
2490,59.6098,82.1958,71.0696,31.4654,38.576,96.8752,13.9857
2520,61.4651,81.0605,70.333,31.348,35.4353,94.7313,13.8341
2550,63.6011,88.5745,76.5189,31.9477,37.7074,98.2879,14.2637
2580,65.0328,85.5185,76.8521,32.1153,36.8859,95.1633,14.2736
2610,64.3992,87.8098,76.5094,31.8307,36.1732,98.6389,14.3311
2640,64.4644,85.4909,76.6909,32.1886,36.6683,97.9905,14.2566
2670,64.4314,86.3475,77.0403,31.3361,37.7528,97.3517,14.4595
2700,64.7145,86.2447,75.2464,32.6466,35.7713,95.1258,14.3809
2730,65.5286,88.1836,77.6111,31.84,37.9196,98.9929,14.2506
2760,65.2959,87.4534,77.3201,33.1925,36.5005,96.0851,14.495
2790,65.2389,85.3986,77.6285,32.5767,37.0732,96.6733,14.2024
2820,65.1069,87.8131,77.6381,32.7388,36.9243,96.2897,14.5911
2850,65.1154,86.3525,75.6527,32.1003,35.5322,98.7916,14.593
2880,65.1544,88.1335,77.4298,33.1861,35.7834,98.2391,14.3969
2910,64.0327,88.0722,77.1538,32.8176,35.7074,94.8277,15.1525
2940,65.515,85.1173,77.0439,32.7097,35.2244,98.1414,15.3486
2970,64.5174,85.3013,75.8262,31.8608,35.7568,96.4256,15.1609
3000,65.8624,86.3126,74.6279,31.1749,36.9971,95.851,15.7999
3030,64.7395,85.5257,76.34,32.2859,36.3617,97.6161,15.7422
3060,66.5355,88.7864,79.9352,32.4035,36.7649,97.2563,17.1848
3090,66.8015,91.2476,78.0611,33.077,36.2272,99.5328,17.006
3120,67.4767,87.3462,77.8976,31.8177,36.9103,95.3167,17.3202
3150,66.5179,90.4351,79.7557,32.9087,35.8398,99.5433,17.9749
3180,67.0508,91.4802,79.104,31.5571,35.7345,95.5059,17.8734
3210,65.2256,89.8496,77.9721,31.3646,35.2456,96.0126,18.1109
3240,65.5858,90.0158,79.4283,33.2281,35.9632,95.2167,18.3408
3270,66.2321,91.7968,79.0476,32.8128,35.9303,97.8559,18.0749
3300,66.0305,88.7249,78.8756,33.2782,36.1391,95.4177,18.2089
3330,65.4103,89.2657,79.2793,31.8872,36.9033,97.2625,18.4101
3360,65.4542,88.3681,79.566,32.0871,37.4481,92.6082,17.8575
3390,65.676,89.811,77.8261,31.1822,37.4566,91.1717,17.4705
3420,65.7932,90.1363,78.2007,31.8187,35.3048,91.4982,17.0888
3450,64.6571,88.4368,79.3742,31.6896,36.3521,90.8737,16.778
3480,62.9872,90.0921,79.8452,31.4507,36.2431,88.6724,16.7688
3510,62.3555,90.0887,80.6277,31.4302,35.0599,88.4232,16.0066
3540,63.408,90.3167,79.0951,33.0456,36.3216,86.5696,15.8891
3570,62.4535,90.2348,80.3139,31.6941,37.0403,89.2866,15.6696
3600,62.5617,88.8331,77.6026,32.589,37.0489,89.3496,14.902
3630,61.8071,89.8872,78.4457,31.8006,36.7076,89.1109,14.5697
3660,62.3878,91.8729,80.7642,31.6366,34.4948,91.0182,14.2401
3690,63.134,90.7833,79.2237,31.7322,35.3612,87.5386,14.1335
3720,62.9967,88.3472,78.7212,31.8129,37.1551,89.176,14.0392
3750,63.7189,90.8191,80.3362,33.5241,35.7028,88.1177,14.0504
3780,64.0033,88.6101,80.1869,31.9593,35.9806,90.3791,14.1336
3810,64.6929,88.3846,77.6026,33.1618,35.0125,90.3351,13.9798
3840,65.0181,91.9057,80.0064,33.2875,36.3222,89.8475,13.8342
3870,67.044,89.2368,78.2006,31.8109,36.3727,92.0392,14.2342
3900,66.3036,90.8419,78.484,33.0866,36.7564,90.523,14.1024
3930,65.0275,90.2523,79.2882,31.7725,35.9544,91.546,14.2453
3960,65.1024,89.9699,80.2836,33.4419,36.2934,88.7528,14.037
3990,66.4832,89.3276,80.3367,31.9864,37.186,89.5321,13.8958
4020,66.0108,90.2921,77.9875,33.1923,36.594,90.909,14.0102
4050,66.0452,90.0496,80.7898,33.5464,35.8168,93.0441,13.1838
4080,52.329,75.1516,62.8411,33.0117,35.3834,90.1727,13.4497
4110,54.0269,72.6269,62.4874,32.4264,36.9973,92.7977,13.26
4140,52.218,75.9597,62.9584,32.3925,37.1909,90.972,13.5386
4170,54.3872,75.3771,65.0417,31.4899,36.7781,95.0978,13.2682
4200,53.8466,74.6246,62.7702,33.1582,35.6242,98.1231,13.4835
4230,54.1077,74.868,63.2586,33.0618,35.1369,98.394,13.1122
4260,52.7278,73.8362,64.2476,33.3782,36.366,101.612,13.1499
4290,53.6145,75.0921,63.2879,33.5966,37.1661,99.6389,13.2163
4320,53.4074,74.5949,62.66,32.6112,36.3285,99.625,13.0435
4350,53.4703,75.2123,64.7217,32.8679,34.5954,101.803,13.1655
4380,51.0237,71.0113,60.5587,33.3222,35.0223,98.1218,10.5308
4410,51.6894,70.8113,62.8008,32.4045,35.6476,101.882,10.5058
4440,49.7356,68.8539,61.3681,31.8185,37.6014,99.1149,10.2564
4470,51.3713,69.2487,60.2521,32.9954,36.5494,97.6362,10.4618
4500,50.9335,69.4892,62.0404,33.1416,36.2892,100.992,10.0896
4530,50.3787,71.1155,61.8702,32.6751,36.9665,99.8124,10.5604
4560,50.9573,72.4829,60.6502,32.0903,36.8167,101.341,10.3071
4590,51.3269,72.296,60.7139,33.3269,36.3745,100.742,10.2266
4620,50.7975,69.8644,60.4362,32.8942,36.0753,101.466,10.239
4650,50.7021,70.2628,63.0928,31.9982,36.7787,98.9273,10.2531
4680,50.4876,70.7369,62.4113,31.4264,35.4222,100.448,10.4326
4710,50.6073,72.1464,61.8767,31.6365,34.9823,100.144,10.3378
4740,50.9723,71.5048,60.76,32.631,35.414,102.287,10.5562
4770,50.7021,72.6388,60.8606,31.8275,36.1114,100.776,10.4283
4800,49.8205,70.3979,62.5635,31.3495,36.8781,101.431,10.2235
4830,50.21,70.2413,61.6461,31.8651,35.6401,101.622,10.1295
4860,51.4174,68.8891,62.3983,31.723,35.911,98.3275,10.3333
4890,51.2405,70.5011,62.5342,31.192,37.0827,101.072,10.0731
4920,51.7759,70.862,60.396,33.1489,37.7868,98.213,10.119
4950,50.4005,71.4692,61.3367,33.3988,36.1744,97.8688,10.2814
4980,44.7974,64.2969,55.2853,32.189,36.9263,102.242,8.54343
