Time,FC,PAS,PAM,PAD,temp,SpO2,FR
-1,123,160,115,102,36.6121,100,31
0,135.3,176,126.5,102,36.0995,100,34.1
30,133.011,174.331,129.543,102,35.5869,100,34.0794
60,134.136,173.017,125.524,102,35.0744,100,34.4458
90,132.656,173.678,126.392,102,34.5618,100,34.0754
120,135.879,172.867,124.038,102,34.0492,100,33.9119
150,135.569,175.791,126.912,102,33.5366,100,33.9621
180,133.719,179.668,127.945,102,33.0241,100,33.5259
210,136.892,179.846,125.382,102,32.5115,100,33.56
240,137.22,180.034,125.984,102,31.9989,100,34.7687
270,137.008,175.691,123.573,102,31.4864,100,34.0252
300,133.628,179.304,129.228,102,30.9738,100,34.4214
330,133.522,177.67,127.173,102,30.4612,100,33.6183
360,146.142,177.528,137.038,102,29.9487,100,33.2589
390,149.556,176.347,142.152,102,29.4361,100,34.6853
420,151.657,176.526,138.01,102,30.1925,100,34.347
450,148.229,177.539,139.353,102,30.9489,100,34.8584
480,132.319,178.016,127.358,102,31.7053,100,34.4321
510,134.697,179.355,128.541,102,32.4617,93.9909,33.0277
540,129.74,143.715,101.061,81.6,32.8934,90.0842,33.1759
570,130.976,143.69,103.376,81.6,33.6498,87.0855,32.362
600,129.757,138.585,97.6829,80.8951,34.717,85.0225,30.6282
630,131.49,143.717,100.27,83.3313,35.1346,80.2589,30.7495
660,119.064,125.162,94.7459,68.607,36.611,76.3824,29.4446
690,109.233,119.676,55.4316,70.3114,36.7318,73.2304,29.2628
720,108.13,115.968,54.2541,70.6269,36.7242,94.8817,28.6047
750,107.027,121.233,56.5431,69.5293,37.1149,92.9519,27.624
780,105.925,115.685,55.6432,70.8292,36.7384,86.3874,27.1525
810,104.822,152.105,59.0054,89.5003,36.5808,81.7577,26.6273
840,103.72,158.159,54.6997,90.946,37.1984,82.1168,25.1771
870,103.72,157.408,57.5107,88.8574,36.47,75.8137,26.3002
900,105.611,155.712,56.001,88.9767,37.5834,76.7392,25.4559
930,109.661,157.933,107.034,88.4759,36.38,74.1648,24.8795
960,109.46,158.295,105.814,89.5868,37.7441,70.1654,24.8848
990,107.83,154.896,106.289,90.0613,37.4699,65.0754,24.3856
1020,101.705,142.789,98.0528,74.8309,37.3784,61.9091,25.5384
1050,110.33,147.419,104.299,75.1547,37.6012,57.7796,27.369
1080,112.48,142.016,106.026,74.6615,37.9206,55.9807,27.6573
1110,113.71,146.566,103.551,77.466,36.423,50.0989,27.5629
1140,113.949,148.071,105.87,75.8821,36.7304,48.6452,27.6476
1170,111.151,146.446,107.212,75.609,36.9058,44.9309,28.0882
1200,111.873,145.533,105.159,77.6497,36.9376,40.5839,27.4422
1230,101.96,132.438,97.033,75.5193,36.9664,37.2417,24.8178
1260,103.175,130.038,97.5367,76.3843,36.6953,31.9831,24.5522
1290,103.292,130.935,96.9476,76.8672,36.1549,31.0972,24.6297
1320,102.117,129.751,97.2611,76.9307,37.4643,31.1699,25.4071
1350,130.151,169.463,125.791,76.6364,36.8316,31.8701,31.93
1380,134.15,168.051,123.684,76.2027,37.5233,31.8603,32.0893
1410,129.561,169.801,123.338,77.0775,36.4787,32.0729,32.5909
1440,130.402,167.298,125.224,76.8789,37.208,32.0428,32.541
1470,131.022,167.572,123.341,76.2805,36.1614,32.0266,32.2112
1500,131.559,169.291,123.602,75.4439,36.2544,32.1982,33.0477
1530,134.085,170.445,122.592,77.7513,37.134,32.1995,32.9175
1560,133.554,167.162,123.802,74.4011,37.2274,32.2099,32.9123
1590,130.259,168.656,123.622,76.3446,37.7632,32.3715,32.1034
1620,134.557,169.297,124.167,75.6862,36.6316,32.4706,32.8569
1650,131.215,167.807,125.092,75.2002,36.5299,32.5295,32.224
1680,133.718,165.743,122.607,76.3734,36.7566,32.5345,32.7255
1710,134.749,168.353,124.223,75.0269,36.1532,32.6621,32.946
1740,134.531,167.454,122.307,77.4539,37.9214,32.6627,32.2937
1770,130.637,166.642,122.637,76.6843,37.2243,32.7821,33.1356
1800,134.009,168.321,123.317,76.6442,37.1077,32.7005,32.2484
1830,134.363,170.003,126.314,77.468,36.5612,32.7168,32.0553
1860,130.662,166.482,126.403,75.1371,37.0687,32.8265,32.0908
1890,132.044,167.992,124.394,77.1778,37.2804,32.7506,32.5604
1920,130.482,167.384,124.413,74.7194,37.6045,32.7822,32.9432
1950,142.496,180.854,133.631,75.3276,37.6346,32.6511,35.1808
1980,140.834,183.31,134.725,75.6719,37.3119,32.7046,35.7527
2010,141.429,182.388,136.703,76.848,37.4901,32.7032,35.6353
2040,142.683,186.031,133.598,76.665,36.5631,32.7559,35.9652
2070,140.743,182.61,135.919,75.9083,36.8937,32.7866,35.9104
2100,141.904,185.522,133.21,75.6099,36.6733,32.7136,35.9274
2130,146.098,184.904,135.128,74.9243,36.2067,32.6975,36.1086
2160,145.17,184.348,135.336,75.1183,37.142,32.7587,36.1126
2190,145.197,181.866,136.424,77.5149,37.2003,32.7206,35.4127
2220,140.506,181.629,133.965,75.4151,36.164,32.6792,35.8325
2250,142.404,184.1,135.388,75.5042,36.7255,32.638,35.6121
2280,142.709,182.281,135.26,75.1336,37.8522,32.6416,35.5469
2310,143.404,184.338,135.061,75.5629,37.7237,32.6818,35.2851
2340,143.177,184.402,136.182,76.1726,37.6711,32.8136,36.0404
2370,145.615,181.175,135.756,75.2169,37.4423,32.6664,35.7202
2400,140.743,181.295,133.995,76.0352,36.9276,32.7733,35.8856
2430,142.714,184.8,134.322,77.6202,36.7658,32.7791,35.324
2460,103.858,137.783,99.5596,76.9297,37.2265,32.7085,25.6492
2490,105.171,133.627,97.6693,75.6266,36.8367,32.796,26.1205
2520,103.18,137.832,98.1615,75.0789,36.3004,32.7387,26.2205
2550,105.74,133.308,99.0259,74.2389,37.8377,32.7925,26.4958
2580,104.225,135.197,98.0931,76.3163,37.0047,32.8214,25.7023
2610,103.026,133.874,99.6646,76.3847,37.1917,32.807,25.2462
2640,102.373,136.193,99.714,74.8121,37.3215,32.6392,25.7686
2670,107.008,135.151,97.4882,75.5567,37.4818,32.7699,25.7334
2700,106.529,134.907,98.2699,74.3706,36.1336,32.7631,26.0627
2730,105.451,135.605,101.011,76.5511,37.7906,32.7658,25.5877
2760,105.444,135.234,97.9787,76.1585,36.5345,32.8232,26.1675
2790,114.579,146.397,103.479,76.7589,37.0053,32.6926,27.0597
2820,110.667,146.401,104.983,77.6822,36.9323,32.7959,26.9626
2850,112.036,143.364,105.739,74.3204,36.224,32.7618,27.832
2880,109.146,142.367,107.024,76.1322,37.6562,32.6827,27.0505
2910,109.713,141.682,106.367,74.3133,36.3886,32.8153,28.2781
2940,113.512,144.572,103.845,77.1817,37.8041,32.6724,28.6729
2970,114.531,144.398,103.533,77.5249,36.3303,32.7548,29.7924
3000,110.078,144.67,103.947,77.2294,37.3616,32.7421,30.8234
3030,110.5,142.901,103.128,75.3657,37.0016,32.6834,30.4437
3060,112.226,142.952,103.161,75.1737,36.2206,32.6869,31.1033
3090,109.179,143.13,104.738,77.5015,36.2215,32.7441,32.9761
3120,110.381,141.458,104.868,75.5677,37.6442,32.7687,32.6764
3150,112.337,141.836,103.115,76.9825,37.2227,32.6524,33.166
3180,109.822,142.387,103.928,76.5132,37.4051,32.6907,35.1284
3210,112.922,143.71,103.053,77.0889,37.8595,31.5135,34.8348
3240,107.53,146.529,105.508,75.1411,36.3607,30.2293,34.6669
3270,106.37,144.92,106.661,76.1587,37.8342,29.1855,33.4758
3300,108.841,146.468,104.795,76.6767,36.6236,27.929,32.7948
3330,104.616,146.171,104.058,77.0966,36.9345,26.6473,32.5336
3360,106.164,144.867,104.496,75.899,37.3932,25.5693,32.0036
3390,97.3714,127.969,95.4008,77.2967,37.4382,24.2225,29.2679
3420,104.959,139.991,101.344,90.7313,36.56,22.9924,27.9965
3450,105.641,152.52,110.122,91.0775,36.6258,21.8434,28.3362
3480,106.102,147.933,109.242,91.0782,37.7031,20.6767,27.2581
3510,104.747,147.148,109.399,88.6607,37.6859,19.3662,25.9503
3540,104.947,146.273,112.464,89.7511,36.8553,18.2539,25.998
3570,105.664,152.15,111.665,89.1951,37.6555,20.7165,25.2289
3600,106.823,147.242,111.096,91.5056,37.3837,25.0017,24.8046
3630,109.725,151.389,111.999,88.265,36.1241,27.8892,25.0528
3660,109.276,151.859,110.456,89.5653,36.2611,28.0375,25.0798
3690,112.15,152.349,108.304,88.7507,36.2542,32.5802,25.8918
3720,112.517,151.368,109.08,90.2416,37.7989,34.6659,25.3141
3750,114.614,151.142,111.548,88.5888,37.0543,35.9129,24.9398
3780,115.296,150.016,111.121,90.8785,36.8701,36.2509,24.8596
