Time,FC,PAS,PAM,PAD,temp,SpO2,FR
-1,107,127,94,80,37.4531,96,20
0,117.7,139.7,103.4,80,36.9287,96,22
30,115.669,138.094,104.733,80,36.4044,96,22.4988
60,116.879,138.17,103.856,80,35.8801,96,22.2819
90,114.872,138.969,103.16,80,35.3557,96,22.134
120,120.589,141.974,102.705,80,34.8314,96,21.8212
150,118.944,139.656,102.309,80,34.307,96,22.0396
180,115.098,141.017,104.977,80,33.7827,96,22.3243
210,119.284,142.71,101.212,80,33.2583,96,21.6679
240,115.439,136.684,103.878,80,32.734,96,22.1165
270,115.883,137.808,103.051,80,32.2097,96,21.9771
300,120.008,139.045,105.839,80,31.6853,96,22.0082
330,118.978,138.526,101.834,80,31.161,96,22.2941
360,128.533,142.605,114.613,80,30.6366,96,22.2728
390,130.139,138.932,115.213,80,30.1123,96,21.5086
420,131.306,137.253,112.453,80,30.5428,96,22.5217
450,131.226,139.939,115.702,79.0178,30.9677,98.3595,21.4122
480,113.967,135.844,106.201,79.4618,31.5797,95.1556,22.1525
510,118.544,138.233,106.128,80.0754,31.8866,101.906,21.3456
540,116.171,144.091,100.832,80.7553,32.1966,98.7791,22.093
570,119.191,109.36,82.3124,65.3079,32.3037,96.5768,21.489
600,115.226,111.335,82.052,62.6034,32.8254,94.5559,19.7201
630,112.377,114.995,84.6834,64.0466,33.8684,95.7308,19.1799
660,116.903,108.29,83.1131,64.8281,33.1217,89.6227,18.7461
690,110.287,114.198,80.1623,62.2527,34.672,88.3885,19.67
720,156.45,53.4766,83.2369,37.6558,34.2464,90.2152,18.8266
750,155.383,56.8872,83.7823,38.0646,35.9149,87.6642,18.0738
780,150.711,50.0607,83.929,38.4209,36.5643,89.6981,17.3354
810,147.366,49.326,82.1645,38.5281,35.3164,85.2414,16.6321
840,149.572,51.9128,82.2868,38.4778,35.7529,86.5551,17.1446
870,148.639,51.5789,83.3011,38.0419,37.1045,81.4202,16.9027
900,149.278,78.7082,100.233,54.3185,38.0506,80.7245,16.8979
930,151.494,83.1403,105.375,56.2706,36.5276,77.7213,16.6309
960,150.92,86.9435,100.318,55.7884,37.8069,77.248,17.538
990,150.59,81.5168,104.371,53.7608,37.9226,77.4141,16.8613
1020,152.883,80.1551,102.103,53.9008,37.1393,75.7435,16.672
1050,146.143,81.7078,104.069,54.7042,37.5104,73.0703,17.2284
1080,150.823,81.6519,103.931,53.5681,38.2509,70.2039,17.359
1110,146.72,82.0047,107.01,54.2832,37.1845,69.1929,16.8082
1140,149.517,87.3108,106.245,54.7223,38.3492,67.2506,16.8515
1170,151.05,82.369,105.489,54.3527,36.6499,65.4063,16.9775
1200,147.821,80.0154,107.194,56.1116,38.7008,64.7859,16.899
1230,105.246,113.081,105.232,71.5572,36.3261,63.5386,16.6292
1260,98.9459,97.1368,87.7296,65.2599,36.2863,59.7887,16.1921
1290,87.952,92.6347,61.4098,59.7366,38.3785,59.422,16.5954
1320,87.652,98.7108,63.4967,62.2117,38.3386,90.2328,16.6356
1350,90.0401,96.4964,63.0308,60.4228,38.6054,89.6874,16.235
1380,89.4686,99.0021,63.6427,60.0031,37.2424,86.9013,16.1504
1410,86.5981,99.5372,63.9525,60.68,37.956,87.3098,16.5837
1440,86.6352,96.9225,64.1414,62.4426,38.8445,90.4675,16.5275
1470,89.9517,93.9524,61.2131,60.1207,37.2081,90.4155,16.7897
1500,90.4562,96.5831,63.3845,60.4151,37.7818,96.4216,17.394
1530,94.6564,91.1058,84.014,60.4066,37.2761,92.9583,17.2444
1560,95.0981,95.7855,84.4505,61.2569,36.2803,95.6517,16.8277
1590,94.055,93.6039,84.5346,61.7122,36.4714,92.2541,17.2954
1620,92.017,78.7758,74.6931,55.7228,37.5296,91.8907,17.3278
1650,97.1761,82.6596,80.9006,52.9493,38.1681,95.4251,18.7527
1680,95.0713,87.6343,80.7142,52.1417,37.3809,92.1003,18.6011
1710,95.7071,83.4876,80.6586,53.1469,36.4739,96.0609,18.2934
1740,96.346,86.3619,81.6813,50.3572,36.9075,96.7022,18.3339
1770,115.508,102.603,97.8621,51.4935,38.207,92.1014,22.0836
1800,100.862,81.9914,97.0245,52.2617,37.118,92.5291,22.6981
1830,101.906,82.4513,96.9074,50.6275,37.3543,93.2418,22.214
1860,98.5985,84.7818,95.1176,51.7133,35.9497,95.1473,22.5108
1890,99.9527,85.0005,98.0711,50.6165,38.0118,92.8277,22.1039
1920,98.7689,85.8225,97.286,51.3681,37.9123,92.3001,22.3706
1950,98.6927,84.9946,96.214,52.3897,37.0731,100.882,22.2936
1980,99.9643,81.3868,97.3847,51.8106,36.6671,96.6516,22.7004
2010,98.6137,86.2951,97.7087,52.1016,38.7411,99.8697,22.9588
2040,101.894,83.1539,95.6049,51.4184,36.5004,100.163,22.3658
2070,116.273,101.387,103.397,51.1885,38.7713,99.4094,23.9757
2100,115.967,102.081,106.913,51.3722,38.2232,96.9337,24.4276
2130,119.3,105.51,105.049,52.2326,37.0823,99.5986,24.3224
2160,118.04,105.912,103.609,52.5763,37.4393,97.1091,24.0785
2190,115.985,100.983,106.511,53.369,35.9925,98.3348,23.7435
2220,118.8,101.367,105.234,51.5259,36.3325,97.7584,24.4459
2250,117.712,104.117,105.317,51.2669,36.7861,96.8161,23.8835
2280,116.075,100.912,103.224,51.6007,37.1479,100.933,23.6413
2310,116.946,104.072,103.227,51.3187,37.6589,98.7818,24.2659
2340,118.37,105.663,103.501,52.2963,36.5326,99.0572,24.4686
2370,120.147,106.125,104.065,52.5523,35.74,101.427,23.7868
2400,117.492,100.083,105.753,51.3492,36.1856,98.308,23.9812
2430,116.408,102.253,106.248,50.7008,36.6823,100.482,23.9125
2460,116.097,105.371,107.305,51.8979,36.2162,98.5493,23.7719
2490,117.787,103.732,107.02,51.965,38.2128,100.014,23.8429
2520,119.725,101.853,105.657,53.3342,38.1443,98.3086,24.4967
2550,124.154,107.881,107.421,53.3604,36.9442,97.9988,24.7439
2580,126.136,108.974,110.671,53.0435,36.6073,96.7853,24.6076
2610,126.496,113.137,110.14,52.2578,37.1224,100.759,25.1189
2640,125.921,110.317,110.062,51.6482,35.5846,98.3023,25.0682
2670,123.186,110.332,109.867,51.0973,37.0348,99.1916,25.3935
2700,123.503,110.103,110.912,52.8003,37.5183,101.159,24.7885
2730,126.529,112.016,111.38,52.1245,38.2263,97.8726,25.1078
2760,123.994,114.042,107.645,52.0751,37.4025,97.5366,25.4145
2790,126.71,113.528,108.276,50.5486,37.5813,96.8091,25.2696
2820,123.394,114.079,110.003,52.2294,37.349,101.19,25.0365
2850,123.792,114.157,107.987,50.848,36.9574,100.659,25.394
2880,124.508,114.341,109.555,51.2137,36.8562,97.8288,24.6994
2910,125.304,111.666,108.574,51.1529,35.9377,96.8664,24.8428
2940,124.02,112.876,107.247,50.5986,37.0352,99.5216,24.9297
2970,126.77,113.389,110.048,52.3941,36.0478,99.1878,25.0248
3000,124.82,109.08,110.882,53.182,36.3402,96.747,24.7983
3030,125.575,110.722,109.645,53.4421,37.0407,97.758,25.3743
3060,126.635,113.681,112.986,52.6516,35.9911,96.8373,24.8867
3090,126.791,116.451,111.55,52.658,35.1932,97.2051,25.414
3120,126.457,118.083,110.718,51.0378,35.4419,98.3542,25.4553
3150,129.076,117.793,111.26,52.4098,36.8409,98.6012,25.6294
3180,129.108,114.464,110.936,51.5322,37.0117,96.1495,24.6059
3210,124.438,117.514,112.837,52.018,36.2196,97.965,24.109
3240,127.905,114.456,110.64,53.9787,37.1147,94.7657,23.9289
3270,126.439,113.107,109.751,51.283,36.9494,94.6406,23.724
3300,127.738,114.411,109.933,53.3843,36.5344,88.733,23.7473
3330,124.884,117.649,111.118,51.6898,36.5055,89.2554,23.4747
3360,126.864,117.139,112.915,52.4274,35.9798,85.5602,22.7316
3390,126.19,113.109,110.365,52.2974,35.7668,85.2214,23.0808
3420,125.829,114.802,110.865,51.8791,36.4345,83.4168,23.4707
3450,124.685,116.058,110.566,51.2192,37.4451,84.5637,23.0551
3480,125.916,115.941,109.992,50.964,34.6837,79.1016,22.9138
3510,124.804,113.591,113.897,53.8493,35.6044,79.2894,23.0917
3540,127.757,116.537,110.175,52.5048,35.2667,79.599,23.0273
3570,125.629,116.388,111.341,53.9747,35.6131,80.1997,24.067
3600,129.293,116.218,113.789,53.6279,35.9288,79.4684,23.715
3630,126.506,114.567,109.929,52.756,36.6102,79.5449,24.4504
3660,126.343,115.412,113.797,51.7683,36.9307,80.4268,24.967
3690,125.941,118.036,113.884,52.5829,35.8067,80.0847,24.097
3720,126.375,114.831,113.755,51.0453,35.8766,78.6381,24.6831
3750,128.747,113.569,110.873,52.3329,36.995,82.3223,24.907
3780,126.374,117.418,110.512,51.4361,36.3432,78.8117,24.4119
3810,128.666,113.005,113.73,53.8392,36.4344,78.225,24.8824
3840,129.224,118.054,113.727,51.8692,35.1583,83.0704,24.0833
3870,126.859,113.901,111.875,51.0824,36.9418,83.0772,24.1987
3900,126.622,113.283,111.144,52.6739,37.062,83.1348,24.6617
3930,128.247,117.748,112.296,51.9362,36.1551,79.6378,24.1958
3960,128.039,113.226,111.739,53.739,35.7687,84.9511,24.5858
3990,128.807,115.133,112.42,53.1856,37.1853,86.4062,24.183
4020,128.975,113.76,112.809,53.2332,37.0808,85.7366,24.3947
4050,129.505,113.569,114.009,53.8498,37.3335,86.0543,23.8579
4080,101.359,94.3832,88.7319,52.1112,34.7484,91.8576,24.4301
4110,103.527,94.4227,90.5753,52.4542,35.6969,92.0295,23.6552
4140,104.164,93.0561,91.4353,52.4646,34.8815,94.8188,24.2927
4170,101.788,94.3449,90.8786,53.5914,36.7938,92.693,24.2497
4200,102.502,92.1596,88.2418,52.3281,35.0409,95.3295,24.5279
4230,103.619,95.9325,89.9971,53.5466,35.1843,99.812,23.7022
4260,103.016,94.5607,90.572,52.69,36.7293,98.5783,23.6524
4290,101.089,96.1881,91.9253,52.7686,37.4149,100.173,23.658
4320,101.826,92.3687,90.1783,52.6904,36.3197,101.471,24.4764
4350,103.678,96.463,91.2942,53.9267,35.5737,99.19,24.1244
4380,96.9653,90.9021,84.4172,51.0954,35.1434,99.3466,18.8037
4410,97.0314,92.9969,87.0937,53.7609,37.8488,103.546,18.8332
4440,96.8926,89.7403,87.1193,52.4731,35.1344,100.869,19.4687
4470,96.6531,87.9383,87.4226,51.5745,37.2351,102.506,19.607
4500,97.8189,92.139,84.0827,52.4402,34.8318,101.881,19.0875
4530,96.0545,89.0187,85.4446,53.9074,35.3223,99.4871,19.1378
4560,98.9569,92.1315,88.2091,53.6106,35.0813,102.267,18.8838
4590,98.0036,89.9653,85.7851,51.5232,35.1217,99.707,19.3601
4620,100.114,88.1499,84.8393,51.2363,36.266,101.447,18.9542
4650,96.2539,92.2477,85.0397,51.9308,35.1667,102.79,19.4288
4680,96.5364,91.7259,86.7962,51.4616,35.1241,100.759,19.2257
4710,99.3348,91.8604,87.2785,51.0465,37.6827,102.541,19.4834
4740,96.1192,92.7751,88.0559,51.8162,36.4651,101.673,19.4302
4770,97.0695,91.9647,84.4454,52.0201,36.2169,99.5748,18.9384
4800,98.6868,91.7888,85.8767,53.1282,35.9583,100.272,19.4819
4830,98.3825,87.2536,87.7825,52.3058,37.1469,100.3,19.5968
4860,98.1911,88.3801,85.0475,51.5655,36.9896,103.711,19.5353
4890,98.4497,87.6065,85.052,53.0383,36.7774,103.505,19.2309
4920,96.3777,89.3543,85.213,51.4563,35.6304,103.804,19.3536
4950,98.3361,92.4031,84.6211,52.3019,35.9575,100.873,19.6051
4980,87.6795,80.9174,74.9373,51.6156,35.3761,99.4855,16.7529
