Time,FC,PAS,PAM,PAD,temp,SpO2,FR
-1,106,106,70,57,36.7061,92,24
0,116.6,116.6,77,57,36.1922,92,26.4
30,117.002,118.061,75.3134,57,35.6783,92,26.7531
60,114.943,117.257,75.121,57,35.1644,92,26.1646
90,117.108,116.28,76.255,57,34.6505,92,26.2116
120,119.311,114.285,77.3683,57,34.1367,92,26.6662
150,116.54,113.78,77.0133,57,33.6228,92,26.0258
180,117.454,115.853,78.7945,57,33.1089,92,26.8795
210,116.46,116.279,76.9114,57,32.595,92,26.8604
240,118.393,116.317,76.2106,57,32.0811,92,26.2804
270,116.433,115.068,77.0434,57,31.5672,92,25.9857
300,118.166,119.423,75.8505,57,31.0533,92,25.7457
330,116.533,113.756,76.5195,57,30.5395,92,26.5377
360,127.203,114.825,82.9204,57,30.0256,92,26.9447
390,129.103,116.541,84.1328,57,29.5117,92,26.5788
420,127.379,114.13,78.4312,57,29.8237,92,26.2261
450,126.888,120.136,77.2203,57.57,30.4339,92.92,26.3294
480,116.037,119.008,76.8262,58.0663,31.0901,93.5023,26.1726
510,117.571,116.171,77.5839,57.9808,30.7265,98.2321,26.4315
540,115.108,120.012,78.9937,57.7362,31.8672,96.8855,25.73
570,114.055,91.2143,60.2238,46.4159,31.2643,93.13,25.4116
600,116.464,94.9791,61.9296,46.1921,31.5724,91.5438,24.4072
630,113.866,93.1711,63.6857,45.3653,32.3978,89.2436,24.4243
660,114.956,93.1907,61.6519,47.0749,32.993,89.0185,23.1758
690,110.714,91.357,59.8198,44.7531,32.4024,86.2809,23.703
720,101.428,86.0733,55.8858,39.5019,33.4075,83.2125,22.1971
750,91.9404,77.7047,33.9338,38.9957,33.3842,80.7607,21.941
780,92.0069,81.787,33.0964,39.4114,33.977,89.9149,20.8648
810,89.4476,76.7348,33.001,37.581,34.4017,86.8192,21.0647
840,92.4052,81.0436,33.5902,39.1457,34.0627,86.5559,20.9663
870,85.6611,80.1564,33.4038,38.9766,34.0844,80.5083,19.2867
900,90.727,79.7697,33.1422,39.1657,34.7247,80.7596,20.3959
930,85.6412,78.8207,31.4448,38.4261,36.0248,79.1816,19.5474
960,90.5646,103.647,50.5854,50.1604,36.5155,81.2439,19.9297
990,96.8694,105.948,63.3515,50.2868,36.3428,75.5641,19.5655
1020,95.1458,105.951,65.1893,49.5386,36.6425,73.5967,19.4533
1050,91.9273,101.101,65.0121,51.23,37.0565,73.4905,19.0539
1080,86.4145,95.0363,59.9495,42.0282,37.9779,70.3562,19.7636
1110,96.6462,95.3901,60.5497,43.0558,37.1308,67.0174,20.9326
1140,96.0447,95.4893,62.6708,42.0154,37.1574,64.8258,21.4314
1170,96.1058,95.7848,63.8269,43.4753,36.9846,63.7755,21.5595
1200,97.8775,94.053,63.0155,42.425,36.916,60.4061,21.7
1230,115.69,115.806,74.8215,41.5075,37.6968,59.483,26.4779
1260,103.861,94.1569,67.5988,43.1105,37.7662,57.283,26.7367
1290,97.853,94.0312,65.9117,43.3222,37.8043,54.5685,26.184
1320,99.3786,94.6831,64.642,41.925,37.4413,56.8286,26.3797
1350,84.7347,89.6182,55.8674,42.3369,36.9941,56.4181,20.1051
1380,85.9517,84.8591,55.3233,41.8809,37.3503,57.8849,20.6328
1410,111.988,110.94,73.3408,42.7784,37.8088,54.0931,25.4365
1440,124.244,121.567,80.421,41.412,36.2181,57.1563,27.4083
1470,128.886,126.51,83.9885,43.5226,36.8317,54.626,28.0358
1500,129.579,128.453,82.811,41.5044,37.7579,57.3079,28.2192
1530,103.951,104.751,65.3784,41.3912,36.1646,57.9894,23.2606
1560,106.539,100.733,67.9839,43.373,36.7673,56.3248,23.5437
1590,103.217,102.307,65.0281,41.7707,37.4784,58.4216,23.7776
1620,101.517,101.609,65.2455,41.3199,37.8618,57.36,22.6416
1650,90.4208,87.9296,56.3117,42.5822,36.3471,56.577,19.7906
1680,85.0384,86.2754,54.1258,41.8283,36.7952,58.1818,20.0705
1710,88.8061,86.0409,56.6622,42.028,37.209,57.6898,19.4251
1740,86.4116,87.9516,55.4316,43.0686,37.5819,56.5014,19.6965
1770,89.1552,85.0803,56.7987,43.5122,37.2376,54.763,19.1596
1800,98.0142,95.8474,62.5029,41.6315,36.0996,57.8551,21.1221
1830,76.1265,76.6723,48.0667,42.2951,36.0062,58.5598,21.5193
1860,77.3545,76.9363,47.3247,41.7731,36.6878,56.2459,21.7579
1890,74.7153,78.3436,48.8498,41.8198,36.2015,55.0017,21.9835
1920,78.3611,74.6435,47.919,43.4826,37.6604,58.518,21.8832
1950,73.1709,77.0895,47.9468,43.0104,36.581,56.2801,21.9713
1980,75.6267,75.1875,49.398,41.7861,36.0388,57.1121,21.1678
2010,76.2256,73.3492,47.7087,43.7458,35.8841,56.9195,20.7692
2040,74.1107,77.3188,47.1915,41.5581,35.9542,55.221,21.8495
2070,73.1211,73.8217,50.1221,41.6655,37.4467,58.6912,21.6816
2100,74.6717,75.3505,49.8834,43.4583,37.3105,55.4768,21.9432
2130,95.5528,95.3705,59.3803,42.7218,35.7554,56.2309,21.7409
2160,89.7215,90.3151,59.8716,42.0387,37.2368,56.2005,21.7418
2190,95.2302,93.9223,59.1519,44.061,37.2558,58.7939,21.3999
2220,94.18,95.6925,61.5803,41.4121,36.452,56.7257,22.3278
2250,91.0256,94.8912,61.1846,41.8688,37.076,54.3605,22.1991
2280,94.3219,92.8926,58.53,43.6072,36.6417,56.4596,21.3629
2310,91.6569,95.4589,59.9847,42.007,36.7606,57.3219,21.557
2340,92.2503,93.9938,59.5429,41.8026,36.8422,55.0154,21.566
2370,89.8529,94.3188,58.3918,42.191,36.6729,57.8376,21.9548
2400,91.5482,94.8858,59.1697,41.5519,36.197,55.6363,22.4606
2430,94.917,94.7591,62.1344,41.8668,36.9637,56.1836,21.8692
2460,91.6905,90.7555,60.9464,43.5613,37.0382,54.2719,22.5548
2490,92.3472,91.2748,59.0707,42.7824,37.2928,55.3581,22.3752
2520,92.758,90.3714,59.6963,43.7248,37.1685,57.0043,22.5148
2550,90.7846,95.4348,61.6263,41.4765,36.8904,58.1092,21.6252
2580,92.5975,91.7323,61.1502,43.7167,36.2468,56.1572,22.1138
2610,90.7328,92.6913,60.7089,43.1761,36.7049,58.076,21.5067
2640,93.325,90.6671,58.356,41.6471,35.7652,56.0498,22.5586
2670,89.682,90.1958,61.9191,42.0066,37.2391,57.8568,21.6895
2700,93.8972,93.8079,60.6126,41.8314,37.2101,55.7657,21.3178
2730,86.0709,88.8551,57.0469,42.8487,35.9081,55.6582,19.2803
2760,99.0238,92.2019,60.3739,49.4339,35.9796,56.1748,19.8398
2790,96.005,102.933,65.7264,49.3256,37.0735,56.7336,19.9554
2820,98.5141,100.116,63.4732,49.4619,35.4823,57.1947,19.9375
2850,99.3004,98.0937,66.2608,48.7928,36.916,56.2381,20.0977
2880,93.3381,102.526,63.4431,50.6599,37.1744,56.2095,19.5406
2910,94.6214,103.131,63.4503,49.9606,36.7286,57.2339,19.1335
2940,97.0106,99.3431,66.5313,49.3571,36.4156,58.2049,20.2047
2970,96.9455,101.12,65.7283,49.7573,36.2978,55.8961,20.0453
3000,95.2367,102.821,65.7308,49.2747,36.381,57.2305,19.8498
3030,96.6966,98.6886,65.757,50.5796,37.0562,57.2698,20.6176
3060,97.7657,100.008,65.1599,49.2544,36.2248,55.5467,21.5768
3090,94.0586,99.0752,65.6031,50.4391,36.4565,55.1247,21.5091
3120,94.7261,101.44,67.2761,49.9731,35.9151,57.0017,22.9192
3150,99.6889,99.6714,63.6791,49.9745,35.8675,57.3615,22.7232
3180,95.7297,100.166,66.0657,48.6174,36.45,54.7357,23.3712
3210,94.345,100.524,63.6428,49.5048,36.2652,55.7603,23.0958
3240,93.9885,102.876,64.6908,49.9372,35.8961,55.0935,23.1416
3270,96.5876,103.307,67.261,50.7414,35.4303,59.3039,23.5735
3300,94.1472,102.154,66.1828,50.9798,35.1826,56.9803,24.4417
3330,94.656,100.695,64.9809,51.1742,36.6387,58.1431,23.6789
3360,92.0773,104.518,65.8046,50.4132,35.9671,60.735,23.2964
