Time,FC,PAS,PAM,PAD,temp,SpO2,FR
-1,108,171,117,98,37.2834,93,23
0,118.8,188.1,128.7,98,36.7614,93,25.3
30,119.793,184.942,128.312,98,36.2394,93,25.5667
60,118.22,192.68,127.041,98,35.7175,93,25.7651
90,118.199,190.231,128.045,98,35.1955,93,25.7842
120,121.573,185.695,128.424,98,34.6735,93,24.8323
150,117.459,188.631,130.155,98,34.1516,93,24.9599
180,116.065,187.516,128.02,98,33.6296,93,25.8496
210,116.959,188.512,131.418,98,33.1076,93,25.5237
240,117.612,189.878,128.085,98,32.5857,93,25.2605
270,119.28,188.26,130.065,98,32.0637,93,25.8226
300,116.83,187.71,128.511,98,31.5417,93,24.9729
330,116.575,185.145,129.847,98,31.0197,93,25.7045
360,130.186,191.411,140.813,98,30.4978,93,25.4959
390,127.818,188.883,140.687,98,29.9758,93,25.7973
420,132.993,191.497,141.113,98,30.4148,93,25.4206
450,128.75,180.283,143.036,97.0519,30.0838,92.4691,25.9606
480,117.366,187.033,125.977,96.7289,31.8217,92.9618,25.2874
510,119.36,186.507,130.986,98.0744,32.3125,97.8523,25.1199
540,113.442,189.648,130.122,98.6827,31.8106,98.0751,24.6659
570,117.921,148.086,105.899,78.5623,31.57,95.6109,23.8587
600,114.979,152.32,105.504,77.0275,33.0982,91.3723,23.4002
630,116.322,152.04,102.863,76.4707,34.1081,93.5087,22.7843
660,117.023,143.024,103.616,77.8528,33.7185,90.3537,22.588
690,110.713,144.223,97.1305,78.7322,33.513,87.5434,21.9852
720,97.6295,140.834,98.7045,70.3796,34.8655,82.7375,21.2683
750,87.8811,125.973,57.0408,66.1681,34.9887,82.899,21.3514
780,89.5721,130.455,55.8823,66.9155,35.2843,88.7961,20.1195
810,88.6392,128.764,56.9759,63.8908,35.2876,88.2802,19.1998
840,87.0588,170.644,60.0961,63.7515,36.5043,83.2352,19.629
870,86.6162,166.111,61.1029,66.5242,36.4761,81.4406,18.8264
900,86.2386,173.15,86.134,64.4634,36.142,81.8362,18.1689
930,84.1675,160.564,84.5606,64.5518,35.2221,77.5975,19.1804
960,84.0724,162.214,87.0276,86.7041,37.5592,77.1574,19.5219
990,92.7893,163.836,114.017,86.2944,38.3819,78.4457,18.4326
1020,92.4214,159.77,113.498,86.7552,38.7095,76.8107,19.1365
1050,89.9263,160.868,112.087,85.3681,37.2944,71.0825,18.7409
1080,82.2254,151.773,106.169,78.1115,37.7849,69.2368,18.2618
1110,92.3231,153.316,109.852,73.3974,37.2288,70.3429,20.2304
1140,93.1906,150.32,106.603,73.8993,37.8906,67.5637,20.526
1170,91.5672,147.302,106.434,70.9357,36.8225,64.7056,20.7313
1200,89.639,149.68,106.462,73.1003,36.2711,62.6858,20.7947
1230,109.069,178.803,130.425,73.0514,37.8513,61.7831,25.3187
1260,98.761,150.158,115.316,71.5956,36.0262,59.442,25.1596
1290,96.1633,157.184,115.849,74.3235,36.1394,56.8214,24.8836
1320,97.3828,156.395,117.167,73.8698,36.5824,56.611,24.8587
1350,98.4289,152.114,116.96,73.4202,38.1622,55.4018,25.2606
1380,97.9629,157.567,117.303,73.739,37.3579,55.0544,25.2624
1410,97.6611,157.644,115.562,73.9642,36.4645,56.7805,25.4696
1440,95.1509,150.079,116.134,71.6784,37.0895,58.7403,25.0022
1470,97.4971,152.903,112.878,72.1958,36.5947,56.7262,25.4792
1500,96.791,157.603,116.014,73.8336,36.803,58.6809,25.0683
1530,111.363,179.889,132.774,71.6572,36.869,57.2613,26.8886
1560,113.221,185.891,135.746,74.4066,36.4989,58.1955,27.2179
1590,114.767,182.707,132.918,74.1317,37.8629,60.2802,26.808
1620,113.092,182.838,132.772,71.1968,37.6536,59.6055,26.8206
1650,115.268,186.372,135.33,71.6656,37.6523,60.7519,27.054
1680,114.991,184.726,134.934,70.8092,35.5164,61.4457,27.1238
1710,113.568,181.754,134.964,72.4858,37.5024,61.4297,26.4419
1740,115.716,181.413,132.564,72.3566,36.9985,61.4082,27.1995
1770,115.05,184.895,132.106,71.1767,36.5269,61.2616,26.7747
1800,114.733,183.985,133.939,73.9107,37.3897,60.1667,26.4819
1830,115.137,182.118,134.51,72.7959,37.9039,60.1899,27.1019
1860,115.342,186.391,132.473,74.3273,37.0693,61.0157,26.9247
1890,115.621,179.467,135.281,72.9948,36.5407,57.4064,27.089
1920,112.601,183.76,134.472,74.4122,35.8524,57.6005,27.2066
1950,114.267,184.888,133.653,72.5991,36.0024,58.5538,26.5238
1980,111.513,183.571,131.814,74.0857,38.3434,59.393,26.9886
2010,121.763,191.682,139,70.7334,37.5088,60.9891,27.3145
2040,121.506,193.161,138.376,70.6645,36.9771,61.4855,27.4554
2070,117.162,192.818,142.148,71.9177,36.4345,59.5824,27.6651
2100,120.599,194.717,139.934,72.5793,38.0132,57.9763,27.6793
2130,118.122,193.3,140.934,71.1614,37.4887,58.8246,27.8144
2160,121.514,193.812,141.61,73.2494,37.8963,57.2709,27.8779
2190,117.703,196.601,138.253,73.2328,36.4756,58.2785,27.8813
2220,118.715,195.121,139.154,74.4492,37.1934,59.7446,27.9267
2250,121.696,191.315,137.521,73.7739,37.0143,59.6304,27.6937
2280,121.447,192.085,138.981,73.5317,35.6515,59.6634,27.2393
2310,118.17,195.018,141.765,71.8015,35.7914,57.6932,27.7767
2340,120.702,193.053,141.052,72.2702,37.1618,58.4535,27.9657
2370,119.226,191.991,141.227,71.1231,36.6849,60.6368,27.6697
2400,119.735,190.016,139.221,72.9086,37.2591,60.4627,27.6494
2430,119.824,193.674,142.188,74.4052,36.0118,60.1706,27.415
2460,119.208,192.184,141.481,72.1115,36.0386,58.4625,27.1056
2490,118.709,197.255,138.192,70.6332,37.0225,59.9567,27.8456
2520,124.409,202.346,141.941,71.7608,36.571,61.1521,27.8127
2550,122.832,200.881,141.801,71.2624,38.1338,59.4328,27.6259
2580,121.499,197.05,143.07,74.1095,37.008,61.187,28.0282
2610,123.993,195.278,143.386,70.8904,37.0015,61.113,28.246
2640,120.852,196.853,140.738,74.5889,35.4292,58.8801,28.3378
2670,123.547,200.616,140.369,72.6031,37.2073,60.3262,27.5431
2700,123.943,197.158,144.812,70.9464,36.4904,60.3935,28.4798
2730,123.921,197.716,140.229,73.3647,37.5644,59.5953,28.3149
2760,120.943,200.287,143.997,72.2771,36.2856,58.601,28.0488
2790,124.395,198.128,145,72.7416,37.7137,59.6909,28.4086
2820,124.723,198.58,144.61,74.5975,36.2299,61.5712,28.6283
2850,124.913,195.181,143.694,72.4516,36.8514,58.1056,27.7071
2880,125.006,202.452,142.573,72.8464,36.3221,61.7026,28.5427
2910,121.663,202.156,142.729,70.9891,37.5873,61.1367,28.0721
2940,123.143,200.673,142.705,73.3506,35.9322,60.1322,27.8477
2970,122.898,197.722,144.134,71.9099,37.3253,58.4592,28.1001
3000,125.948,200.766,146.272,74.5,37.4677,60.7322,28.2954
3030,127.412,196.843,145.082,72.849,36.2337,61.0235,28.3025
3060,125.735,197.038,142.708,73.7002,37.5991,60.7519,28.6025
3090,126.525,198.365,142.317,74.7529,36.1638,58.4051,27.7467
3120,127.359,197.431,146.121,74.3868,36.4915,58.9406,27.8391
3150,131.551,196.524,144.27,71.9575,36.8352,60.8272,27.76
3180,131.35,196.412,144.781,72.5174,35.5953,58.2973,28.5141
3210,133.33,199.48,142.051,71.9901,35.4473,58.144,28.9359
3240,133.602,197.13,141.105,75.3982,36.9072,59.9852,29.96
3270,133.667,201.837,146.22,72.5207,36.2763,63.0517,30.5207
3300,136.17,196.637,141.909,75.0694,36.2219,64.6857,30.5925
3330,137.339,199.758,144.148,75.015,37.5989,66.3455,31.3065
3360,136.454,197.815,144.506,74.7064,36.9634,69.2261,30.678
3390,133.453,201.193,143.189,74.3862,36.4494,69.8254,30.6494
3420,133.527,202.585,141.739,72.7516,35.4541,71.1636,30.4067
3450,132.459,199.202,146.379,74.3423,34.8998,70.0662,30.2777
3480,128.916,196.782,145.938,74.9665,36.9039,73.6344,30.4329
3510,130.987,199.476,144.805,73.3247,36.049,72.8968,31.9109
3540,105.425,162.827,116.887,74.2009,34.9066,74.0017,30.4016
3570,103.774,162.462,119.377,73.5187,36.3728,73.8745,29.9683
3600,101.511,160.507,115.915,75.3444,34.7398,73.4202,29.2957
3630,102.044,160.208,118.852,74.1135,35.4769,75.5062,29.1793
3660,99.3239,163.924,117.528,72.9668,34.8602,75.2326,28.2816
3690,101.922,158.174,120.464,75.0388,36.1512,74.6392,27.7382
3720,97.7678,158.736,117.979,72.0085,36.7804,76.2983,28.1277
3750,98.9205,156.797,118.552,73.6409,35.6346,76.7521,27.7952
3780,98.3872,162.111,120.522,72.4604,36.9149,79.4329,28.1172
3810,100.25,161.853,119.726,75.3819,36.7483,79.2766,27.5967
3840,93.2514,150.437,112.647,74.15,37.7372,80.4939,20.8288
3870,96.2937,152.058,114.176,72.6694,35.5777,82.5319,21.3012
3900,95.9239,157.009,109.898,74.5404,36.3754,82.3405,21.4871
3930,94.0189,154.374,114.85,74.2594,36.2823,80.1949,21.3589
3960,94.3851,155.005,112.479,73.0954,35.6331,83.666,21.0117
3990,93.8151,154.053,113.92,75.0778,36.8436,84.3387,21.0322
4020,94.7481,155.541,111.142,75.0689,37.0507,83.8469,21.4271
4050,94.475,156.403,113.012,71.6928,36.2529,82.5922,21.3512
4080,93.5892,153.269,111.029,74.9116,37.1414,78.556,21.4783
4110,94.0534,150.96,114.394,71.6756,36.8791,78.1896,20.9539
4140,93.154,156.346,111.402,74.2257,36.192,78.4534,20.8915
4170,91.9883,151.723,111.935,72.582,36.6582,76.238,20.829
4200,95.3555,152.831,110.482,72.4746,35.7921,76.7802,21.2726
4230,94.6908,150.785,114.078,72.9044,36.2212,79.3913,21.4181
4260,92.7842,150.77,112.916,75.2725,35.2374,77.1639,20.8381
4290,93.8463,155.495,112.817,72.643,35.6922,78.4799,21.279
4320,92.1573,155.603,109.791,72.6785,35.1694,76.051,21.3103
4350,93.4615,156.701,110.542,75.1978,36.5184,79.6559,20.9553
4380,92.0106,153.351,111.681,72.4791,36.744,78.336,20.5946
4410,93.6537,151.038,111.514,72.8734,37.5686,76.3065,21.3832
4440,84.2198,133.781,97.8607,74.6575,35.4609,78.5081,17.8365
4470,91.1019,149.284,107.563,78.5128,36.4465,79.0575,17.8338
4500,94.7919,154.983,116.597,85.1445,36.634,78.1266,17.2758
4530,93.5588,160.85,113.951,84.8573,36.8063,77.0159,17.5485
4560,93.901,157.805,112.49,83.3223,37.0344,79.0836,17.9081
4590,93.0436,156.997,111.802,83.8219,37.2377,75.764,17.8193
4620,94.5461,160.396,112.266,85.364,36.0741,74.8032,18.0301
4650,92.9228,155.067,113.081,84.05,36.6002,74.6295,17.5055
4680,95.3299,160.347,113.441,85.794,35.4983,73.7512,17.2326
4710,92.5466,157.926,112.557,83.8791,34.8146,75.7584,17.2268
4740,94.4312,161.886,114.58,83.4226,35.8742,76.2663,17.2818
4770,91.9466,156.242,113.141,86.8339,37.4885,72.9744,17.9321
4800,93.7626,158.972,113.773,83.9327,37.1145,72.9486,17.2462
4830,91.938,157.676,112.71,85.0825,35.297,74.2401,17.4251
4860,90.784,155.032,113.119,85.7216,35.313,75.2434,17.7022
4890,92.8756,154.644,113.853,84.1802,37.2984,72.016,17.7324
4920,91.8642,157.865,115.546,86.8249,36.673,76.3359,17.6955
4950,92.5157,155.832,116.869,86.525,35.7289,72.2266,17.4329
4980,93.3477,157.284,116.228,86.5221,36.6033,73.5793,17.2635
5010,93.5658,160.549,113.21,85.2741,35.859,72.2945,17.8692
5040,94.3467,160.834,114.79,83.3199,36.9149,71.7578,17.3807
5070,94.1487,158.719,111.614,87.066,34.6397,70.1327,17.7828
5100,92.8628,155.906,113.905,83.3909,36.6461,69.7249,17.1144
