Time,FC,PAS,PAM,PAD,temp,SpO2,FR
-1,128,74,59,47,35.6963,91,23
0,140.8,81.4,64.9,47,35.1965,91,25.3
30,139.635,79.6896,63.8405,47,34.6968,91,25.604
60,141.949,80.918,64.3948,47,34.197,91,25.7684
90,138.505,82.2514,64.4659,47,33.6973,91,24.7945
120,138.239,82.9089,64.5785,47,33.1975,91,25.4843
150,144.001,81.5421,64.7298,47,32.6978,91,24.915
180,140.556,80.7852,64.168,47,32.198,91,25.0848
210,139.949,80.8259,65.583,47,31.6983,91,25.2154
240,141.46,81.1578,63.7426,47,31.1985,91,25.7136
270,137.705,80.3235,65.5447,47,30.6988,91,25.1216
300,138.033,80.1312,66.1748,47,30.1991,91,25.8152
330,142.547,81.4441,64.1123,47,29.6993,91,25.8704
360,154.016,81.5133,70.6975,47,29.1996,91,25.3978
390,155.027,82.8003,69.7499,47,28.6998,91,24.8169
420,140.563,82.8789,64.4218,47,28.9962,91,25.4065
450,140.726,82.012,67.8147,46.4785,29.7181,90.1525,25.6082
480,140.761,76.8438,64.6203,46.2698,29.4473,91.8242,24.7484
510,140.85,83.2622,67.5119,48.3093,29.1432,99.1478,25.2706
540,139.309,78.9426,62.8463,46.7376,30.7074,99.3373,25.1444
570,137.051,62.6081,54.493,36.9099,29.3112,93.2781,23.6748
600,135.163,64.518,53.4827,37.7261,30.0738,91.1229,22.8028
630,134.943,63.3487,53.0855,37.2163,30.9327,91.0985,23.3146
660,133.702,67.1071,52.8109,38.6011,30.3413,87.2294,22.4643
690,131.782,66.5279,50.6205,36.0632,32.3576,86.5319,21.4428
720,185.513,31.3297,52.0579,21.7111,32.6461,83.2138,21.5187
750,184.345,35.6873,53.0509,22.6435,32.6723,86.7925,20.1645
780,177.47,31.1216,51.1784,22.9268,32.7736,86.5909,20.1878
810,176.972,32.1169,54.6091,23.1748,32.6944,82.3268,19.4978
840,181.312,33.0077,55.3002,23.2671,32.8807,79.1228,19.4632
870,182.689,33.3704,53.1423,23.8907,33.7903,77.2945,19.4222
900,177.942,47.2508,50.2692,31.2268,33.3953,75.5416,19.8767
930,178.883,50.929,49.5232,32.2373,34.1249,70.9307,18.4179
960,182.982,48.9838,67.909,31.3747,34.9898,69.9135,18.9254
990,178.316,50.0646,65.8801,31.9806,34.8069,68.63,18.8584
1020,178.432,48.3814,67.0853,32.9952,35.9568,63.6133,19.1344
1050,178.584,48.7644,63.252,33.754,35.8481,64.7848,19.1231
1080,177.652,45.7387,66.026,33.3923,36.455,59.7935,18.3216
1110,182.654,50.0361,65.26,33.2636,36.6778,58.7572,19.032
1140,178.534,46.3835,66.6807,31.9162,35.5329,57.5231,18.9284
1170,178.714,44.9798,64.7101,31.7823,37.4176,53.7079,18.5235
1200,178.226,48.2503,66.4097,31.9962,37.4158,53.1747,19.0117
1230,127.262,67.097,63.2882,41.7075,36.3931,48.7556,19.3263
1260,118.117,55.5811,56.0703,39.3311,37.8424,45.2714,19.359
1290,107.758,60.3206,37.531,37.155,38.365,44.5486,18.8588
1320,108.512,56.5857,40.1385,36.5945,38.2478,80.3594,18.8408
1350,110.406,56.6457,37.6907,36.163,38.0411,81.8359,19.3647
1380,110.168,57.0837,40.6251,34.6096,36.5821,84.8177,19.2016
1410,109.727,57.2013,37.8482,36.3751,38.9744,82.0137,18.2562
1440,107.154,52.8326,37.9874,34.9084,38.3061,84.7465,18.5761
1470,108.79,59.7166,39.8672,36.8685,38.0784,81.8845,19.0191
1500,107.337,55.2439,38.2592,36.2308,37.5191,87.2196,18.5775
1530,117.227,54.0863,53.4298,37.2093,37.406,87.5026,18.241
1560,115.791,56.4442,52.2564,37.229,37.932,87.4944,18.3476
1590,115.239,54.3831,55.9576,37.213,36.6858,86.3737,18.6034
1620,105.442,43.9624,46.9302,33.1433,36.6873,88.5727,18.2746
1650,116.172,47.9915,51.0089,31.6577,36.7316,86.5068,19.7696
1680,117.517,49.7386,49.4309,30.2969,36.7766,84.9877,19.9768
1710,114.963,53.0422,50.5092,30.9241,38.5186,87.6049,19.9203
1740,117.184,49.3317,52.6392,29.6604,37.3636,88.4259,20.3573
1770,143.183,59.1757,64.2379,29.9403,36.1903,87.0175,24.2013
1800,124.399,56.3961,54.3422,30.722,36.8527,89.5895,24.3805
1830,124.293,55.048,56.1827,30.421,38.2226,88.7434,24.7197
1860,125.495,57.0295,56.1943,29.774,37.154,85.4395,24.9799
1890,125.445,58.9126,53.7314,29.1578,37.1321,85.3787,24.748
1920,123.619,57.2759,53.6072,30.4539,36.4496,88.6261,24.8395
1950,124.549,57.8225,53.6665,30.6186,36.2435,90.4876,24.3597
1980,125.155,54.724,54.4425,28.9373,38.366,89.3232,24.8685
2010,124.557,55.8235,56.2729,31.0176,36.0249,91.3213,24.7048
2040,125.066,58.0702,52.9977,28.8939,35.5486,93.3229,24.8108
2070,146.374,62.9202,62.7262,28.988,37.2322,90.5095,26.1415
2100,146.899,66.5935,62.1917,31.388,36.7864,92.678,26.1066
2130,146.277,65.8181,64.9531,28.8124,37.4028,92.3552,26.4544
2160,144.288,66.7911,63.7922,29.7024,37.711,89.5395,26.4737
2190,146.211,64.5026,64.0281,29.1411,37.26,90.7648,26.023
2220,146.559,65.233,65.0339,29.8211,38.0515,91.6706,26.4878
2250,144.975,64.2415,63.8541,29.331,37.2004,93.0141,26.7438
2280,144.343,64.2311,62.2335,28.932,37.5075,92.475,26.4886
2310,146.669,63.9107,64.3242,28.7858,35.9662,89.4452,26.115
2340,146.19,61.658,63.303,30.6515,36.3949,90.4593,25.9925
2370,145.411,67.2096,61.9576,29.6543,35.5234,90.3979,26.314
2400,145.247,64.8474,63.1002,29.9022,37.0027,89.2282,26.5688
2430,145.62,66.3811,64.247,31.5169,38.1781,89.581,26.457
2460,146.601,65.3671,62.0547,30.2617,37.1699,91.6916,26.0979
2490,145.258,66.026,62.9759,30.8581,37.6437,89.7247,26.1122
2520,144.595,65.2549,63.403,29.2524,37.4329,93.5925,26.2226
2550,152.826,68.4482,66.1972,29.6031,36.4193,93.4793,26.7803
2580,154.85,65.2159,68.6236,30.6594,36.6723,93.0004,26.592
2610,151.739,65.9358,68.4681,31.1809,38.2852,93.9492,26.7
2640,153.264,67.689,66.767,29.5877,35.5784,92.0031,26.9209
2670,154.784,69.3869,68.4376,30.0238,36.2962,92.6797,26.6112
2700,155.368,67.6445,68.3793,29.9632,37.3424,91.4147,27.264
2730,156.5,65.8917,68.4356,30.9006,36.3153,93.6294,27.0316
2760,155.846,66.2528,69.276,29.8031,36.6904,93.1857,26.9233
2790,157.252,68.1518,69.4094,30.0988,36.3389,91.757,27.3274
2820,157.922,66.2878,67.3198,28.7945,37.7425,93.6443,26.9535
2850,158.877,68.605,66.752,29.4221,35.6138,93.2416,26.9811
2880,161.467,69.2533,69.5854,31.7871,36.4454,91.4322,26.9366
2910,162.458,67.1984,69.7681,30.5231,37.4555,91.7457,26.6546
2940,165.361,70.5664,66.4221,30.5039,36.3043,89.2987,27.266
2970,166.648,66.7488,66.1084,29.143,37.1877,92.0627,27.2916
3000,167.839,68.1112,69.298,31.6528,35.6574,90.887,27.082
3030,169.345,66.944,66.097,31.1761,37.2049,93.1941,27.1122
3060,178.749,71.6803,67.0111,30.0906,34.8349,90.0021,27.6979
3090,178.105,67.3685,70.2486,31.4615,35.6058,92.1783,27.7886
3120,180.027,68.5213,69.7478,29.5335,35.9737,92.396,27.4754
3150,178.102,70.254,67.3216,29.5573,36.8188,92.3782,27.8397
3180,180.104,70.0017,67.7191,32.0856,36.5919,92.7872,27.2325
3210,179.152,69.08,70.6769,31.6423,37.1557,92.373,27.8067
3240,180.306,67.8709,70.996,31.3688,36.3435,92.2755,27.7197
3270,178.241,67.5378,70.5676,31.3891,35.8557,96.8546,27.2506
3300,177.728,70.8719,67.4159,29.2251,36.4847,96.7587,27.835
3330,178.377,66.1657,69.8921,30.2871,36.2206,99.4152,27.5814
3360,179.418,67.0586,68.1574,29.5088,36.9124,104.867,27.3235
3390,179.599,70.2326,71.0579,29.1829,36.1202,103.761,27.546
3420,177.068,67.6013,69.1743,31.3029,36.0689,105.87,27.0639
3450,176.572,67.7437,71.0441,30.221,36.1489,107.391,26.3707
3480,173.901,67.2168,69.1857,30.0181,36.5373,105.397,26.382
3510,171.437,68.9721,69.0257,30.4625,35.9895,107.443,26.4513
3540,172.827,68.8706,68.3974,29.6445,36.6257,106.454,26.6791
3570,168.94,70.3899,68.317,29.1636,36.7688,104.716,26.1803
3600,168.191,71.7255,69.8629,29.8625,35.6425,106.157,26.2458
3630,167.627,67.3355,71.082,31.9791,37.9322,105.355,26.4871
3660,165.074,71.5426,67.2052,31.2404,37.7371,105.764,25.8907
3690,164.11,66.0138,67.839,31.004,36.2439,102.504,26.3185
3720,162.731,70.3117,67.1019,29.3562,35.9134,105.348,26.2397
3750,159.131,69.5695,69.9239,32.142,36.1193,106.715,25.6259
3780,159.894,65.831,70.1,29.7859,36.8769,104.295,26.4724
3810,160.641,69.8581,67.3352,31.5601,35.3769,105.146,26.592
3840,162.105,69.9274,67.193,31.8915,36.6544,105.423,27.0232
3870,160.119,68.3371,69.1888,31.9567,36.6786,101.951,26.5993
3900,160.593,70.442,67.8406,30.1915,36.1097,106.024,27.1602
3930,160.166,71.5539,69.0923,31.2721,34.9517,105.356,26.6064
3960,161.885,70.6211,70.8609,30.1776,36.5774,106.154,27.2695
3990,159.162,68.4956,70.2345,31.5876,37.6223,105.793,26.9031
4020,160.957,66.2333,70.0289,31.5952,36.9181,101.938,26.6677
4050,157.514,65.9501,71.8822,31.1815,35.8567,100.37,26.4681
4080,125.271,56.2638,55.8394,31.7427,35.589,98.0609,26.701
4110,126.761,55.4868,54.8325,31.2396,35.1056,92.5658,27.1373
4140,124.403,57.4307,57.1608,31.6955,35.7798,94.4036,26.4095
4170,125.291,56.9732,56.95,30.9016,35.7516,90.5607,26.9329
4200,124.255,52.8694,56.2841,30.2272,35.6753,90.8888,26.552
4230,126.809,57.8337,57.7896,29.5198,37.9876,87.4807,26.4375
4260,126.993,56.9896,57.8269,30.018,36.1056,88.7396,26.7307
4290,126.259,58.218,58.2598,31.986,36.355,90.2854,26.7524
4320,126.693,53.1636,57.4197,29.6524,36.1455,89.0186,26.5512
4350,125.636,53.7535,55.3487,30.3383,35.4997,89.4415,26.4548
4380,116.769,51.7662,52.9769,29.7213,35.9762,90.2377,21.6779
4410,118.535,53.3425,54.7068,29.21,35.6003,89.5281,21.0368
4440,118.104,51.2962,52.2369,31.8851,36.8674,87.7573,21.2157
4470,119.011,52.2141,54.1587,32.1436,35.9783,87.5873,21.7395
4500,117.73,52.2813,51.8258,30.9274,35.8246,89.288,21.5936
4530,117.291,50.7969,54.5679,30.7694,35.7889,90.0012,21.0743
4560,117.854,54.1625,55.5988,29.8345,35.0671,89.5653,21.0608
4590,117.986,50.3594,51.6517,29.8734,34.9531,87.9303,21.4892
4620,118.148,51.072,52.2051,30.945,37.1689,88.7959,21.1735
4650,118.94,50.0044,54.5455,30.046,35.3665,89.0391,21.5613
4680,116.349,51.7546,55.2811,29.9907,35.8487,88.8644,21.7327
4710,117.921,51.9584,52.0054,31.0495,35.7874,88.3226,21.8247
4740,117.976,52.0829,54.0124,30.2887,37.8874,90.0539,21.6031
4770,119.618,51.4977,51.5613,29.6739,36.1798,91.4388,21.4887
4800,118.793,54.2147,55.1166,29.4957,34.9682,92.2054,21.4799
4830,118.223,50.5194,52.3283,29.2141,35.9102,87.3701,21.7157
4860,119.109,53.4799,52.5033,31.4574,36.8898,89.7,21.4066
4890,116.643,52.8436,54.2318,31.1353,36.9934,88.4606,21.5094
4920,117.138,50.3726,54.5254,30.1789,36.2776,91.7683,21.6907
4950,119.259,50.4455,55.0896,29.8403,37.0121,87.7285,21.2906
4980,104.83,46.0776,46.3397,29.2158,35.7894,89.7257,18.0562
