Time,FC,PAS,PAM,PAD,temp,SpO2,FR
-1,91,148,112,88,37.0488,91,26
0,100.1,162.8,123.2,88,36.5301,91,28.6
30,102.465,165.771,123.865,88,36.0115,91,29.3029
60,97.6077,159.74,124.613,88,35.4928,91,27.9139
90,102.151,160.739,120.219,88,34.9741,91,28.6805
120,99.3227,165.959,123.303,88,34.4554,91,29.0856
150,97.8093,166.582,120.282,88,33.9367,91,28.3112
180,98.7314,159.27,121.131,88,33.418,91,28.5241
210,101.732,159.275,123.631,88,32.8993,91,29.1641
240,100.479,166.681,120.996,88,32.3807,91,27.9693
270,98.3386,159.351,125.948,88,31.862,91,28.1667
300,100.122,164.099,121.122,88,31.3433,91,28.2488
330,101.735,165.503,122.09,88,30.8246,91,28.4352
360,109.962,162.749,135.105,88,30.3059,91,28.6252
390,112.286,163.825,135.381,88,29.7872,91,28.2097
420,108.288,161.699,121.983,88,30.0277,91,29.2001
450,110.087,164.685,124.914,88.88,30.5684,91.91,28.7603
480,98.9985,161.875,125.414,90.6097,30.0821,94.1165,29.4354
510,102.116,163.325,123.303,87.4628,31.5277,96.9953,28.5078
540,99.5019,162.214,126.614,90.3405,30.9466,93.4989,27.6879
570,98.8608,130.819,98.6378,70.6665,30.885,93.8337,26.7616
600,100.322,128.293,96.1395,71.761,32.1851,88.6099,27.1764
630,99.248,128.359,96.6286,72.4957,32.3892,88.0553,25.7651
660,95.319,127.686,95.9391,72.5881,31.4441,83.9785,25.425
690,95.8471,133.736,95.3678,71.4869,32.2648,80.9739,25.1828
720,86.7413,122.611,82.5674,57.3554,32.9611,83.0816,24.9007
750,79.187,107.084,54.1559,61.5296,32.8646,78.7239,23.3887
780,76.6348,109.275,52.6423,60.2326,33.0381,91.0125,22.8235
810,79.5253,108.635,55.605,60.521,33.038,87.3873,22.3435
840,75.2947,111.223,53.4958,78.1455,33.7742,84.4368,21.558
870,76.2271,111.015,55.4176,78.0628,33.3694,85.1272,21.9694
900,76.7188,147.045,54.1736,77.6196,34.5062,81.7689,21.4038
930,77.2368,139.617,55.1569,75.641,34.4872,80.3462,21.3364
960,74.2505,142.432,81.1634,79.3523,35.6872,81.8214,21.1632
990,80.9275,137.81,105.358,76.2539,35.4158,78.9184,20.0469
1020,80.1224,141.613,102.785,77.2563,36.0264,76.5002,21.3729
1050,80.4535,139.143,106.428,76.9676,35.2958,72.4212,20.6548
1080,73.9472,129.243,90.9195,67.4926,36.1602,70.8876,21.1015
1110,81.5646,131.753,100.915,64.77,36.0096,68.125,22.7457
1140,78.3088,130.269,99.0184,65.9049,36.6806,66.9935,23.4549
1170,81.1966,132.433,101.373,64.0856,36.8641,64.4974,22.7554
1200,82.947,129.221,101.599,65.7781,36.6077,62.6222,22.5323
1230,101.795,157.475,118.841,66.3563,37.5453,60.881,28.0849
1260,84.6218,127.187,94.9254,64.608,37.5827,58.1233,27.8814
1290,85.4942,128.561,97.0379,67.6637,36.9524,54.5906,28.2917
1320,87.6585,126.134,95.8298,66.4099,37.4041,53.9201,26.9656
1350,75.9548,117.417,89.6185,66.6926,37.6491,54.4375,20.9349
1380,74.3617,119.368,87.8394,66.2954,38.1828,54.1082,21.6947
1410,96.2805,152.955,115.716,67.7683,38.1293,52.8936,27.707
1440,101.845,170.042,128.71,66.9238,36.5461,53.4297,29.4156
1470,106.572,176.417,131.607,64.4317,38.1834,56.1204,30.8376
1500,107.347,173.746,129.738,63.7667,38.0058,53.461,30.4852
1530,89.2161,143.096,105.903,65.4555,36.3876,56.5261,24.3934
1560,89.8176,138.013,104.267,67.7761,37.8955,56.7433,24.8832
1590,89.6801,139.13,109.552,65.2621,38.0298,54.4462,24.6938
1620,89.5447,139.608,105.698,65.7817,37.5186,54.8251,24.6455
1650,75.0793,122.695,88.6466,65.1214,37.1289,54.908,21.3543
1680,73.2404,118.227,86.6019,65.2914,37.18,53.4968,20.3799
1710,72.4764,115.884,92.1003,64.5588,36.8877,56.9553,20.7743
1740,72.0948,117.837,86.8087,64.1387,37.424,54.7188,20.8073
1770,72.2544,122.574,86.745,67.1183,37.5148,53.4225,20.1053
1800,78.3989,132.553,99.8701,66.1507,36.3576,56.6313,23.1979
1830,64.9926,100.976,76.0947,67.3773,36.5108,53.311,21.8902
1860,64.6669,101.222,78.4272,66.8026,36.9945,55.6897,23.0317
1890,62.3097,101.475,77.186,65.0167,36.2643,54.7162,21.9562
1920,65.9627,105.591,75.908,67.3364,36.6689,57.2249,22.4048
1950,63.8233,107.601,76.6765,67.4454,37.8084,54.9624,22.848
1980,62.2722,105.83,79.2128,65.9202,37.4484,54.0082,22.1512
2010,62.7233,108.361,74.9227,64.3712,36.2184,54.4681,22.5163
2040,62.4722,107.449,78.1027,67.1358,36.9298,55.887,22.7317
2070,65.8563,106.278,80.8768,63.7122,37.1055,53.9435,23.1035
2100,64.3717,106.954,78.1336,65.6803,36.843,53.7892,23.2504
2130,76.7204,128.371,94.0882,64.621,36.9558,53.4614,23.014
2160,78.9608,128.606,98.1459,66.2377,36.7878,54.2744,22.9961
2190,80.6524,124.422,98.971,65.9273,37.4067,56.9595,23.2288
2220,77.629,125.74,95.3483,66.699,37.8438,56.7967,22.6663
2250,78.2307,125.176,93.6122,65.762,37.2555,53.788,23.4755
2280,76.9102,127.397,93.3775,66.5097,37.7974,56.64,22.7884
2310,78.1008,125.76,96.5802,64.4168,36.4642,55.0584,23.4626
2340,81.5325,127.721,94.2207,64.7486,37.1926,55.1819,23.8288
2370,79.6056,127.651,93.4004,68.1067,37.0347,53.2749,23.1605
2400,77.4849,127.066,93.9894,65.3103,37.3907,53.5392,22.4807
2430,80.2246,124.454,94.4269,64.0691,36.4136,56.2548,22.846
2460,78.9386,126.469,98.7695,65.8128,37.3,53.1479,23.5347
2490,78.3394,129.317,97.0284,63.7599,36.0687,55.8234,22.4962
2520,79.7759,130.682,96.0459,67.6391,36.2309,55.5299,22.8554
2550,81.3933,130.631,94.707,66.7447,37.4593,54.8573,23.6185
2580,76.7638,126.111,93.2728,66.3727,36.8775,57.0271,22.6465
2610,77.7496,124.446,98.0512,66.6868,37.1311,54.7066,23.5858
2640,80.4025,125.077,97.6146,65.575,37.5689,53.5253,23.0771
2670,76.804,130.606,96.9682,63.965,36.9491,56.5079,23.7623
2700,78.688,126.561,96.8486,66.1691,36.8407,55.2261,22.9432
2730,71.728,119.404,89.3641,65.3818,36.8065,52.931,20.475
2760,80.6089,129.382,106.915,74.422,36.9232,54.7817,21.0193
2790,82.3331,140.602,107.042,77.334,36.5845,54.1487,21.4514
2820,79.5853,136.628,105.375,76.632,36.614,52.6934,20.4781
2850,79.3948,139.914,103.849,74.8889,35.8697,54.8677,21.1102
2880,82.5938,139.699,105.834,78.0849,35.8092,54.0609,21.6123
2910,82.8026,141.554,104.057,75.2207,36.499,52.7075,21.6281
2940,83.8831,138.024,105.928,78.3009,36.6451,52.8599,20.9456
2970,84.4023,135.709,105.159,78.568,36.8651,55.734,20.4559
3000,82.8524,136.53,105.754,75.473,37.0025,53.0716,20.4894
3030,83.0798,138.515,107.991,75.8275,36.0261,53.4155,21.1283
3060,82.2323,136.721,104.578,76.1347,36.6664,56.8517,21.3116
3090,84.5571,143.098,106.259,78.5636,37.5865,52.9457,22.7373
3120,82.4697,141.264,107.787,75.7256,37.3571,54.529,22.7714
3150,82.1977,139.347,105.688,75.807,37.3724,54.6318,23.4471
3180,79.3566,140.141,102.65,77.3625,37.1073,54.4061,24.5571
3210,80.5797,137.696,103.29,75.9283,36.1132,56.1373,23.9075
3240,80.4752,141.981,107.916,78.5822,36.6299,56.1421,25.8492
3270,81.4388,136.654,105.258,79.1442,36.7962,57.179,25.1221
3300,82.1885,138.809,106.427,77.3643,37.3962,55.7855,25.5787
3330,83.5054,136.063,108.209,79.3481,36.1519,53.0051,26.2921
3360,83.1552,143.429,104.847,78.5067,36.1557,53.1015,27.7986
