Time,FC,PAS,PAM,PAD,temp,SpO2,FR
-1,85,139,102,82,36.7153,100,18
0,93.5,152.9,112.2,82,36.2013,100,19.8
30,92.7837,153.084,110.281,82,35.6873,100,19.9663
60,91.1966,149.501,109.943,82,35.1733,100,19.8911
90,93.5019,154.162,114.396,82,34.6592,100,20.2127
120,93.2949,151.443,109.786,82,34.1452,100,19.7875
150,92.3384,151.957,111.287,82,33.6312,100,19.5536
180,93.7919,152.386,113.738,82,33.1172,100,19.3667
210,92.9779,155.827,110.05,82,32.6032,100,20.1832
240,91.5276,151.648,112.498,82,32.0892,100,19.3961
270,95.3062,154.318,111.642,82,31.5751,100,19.4971
300,93.236,152.599,112.591,82,31.0611,100,19.9541
330,91.3116,151.844,109.897,82,30.5471,100,20.2604
360,104.344,152.667,125.147,82,30.0331,100,19.9829
390,104.362,149.327,120.508,82,29.5191,100,19.5538
420,93.5715,155.862,125.635,82,29.7863,100,19.4505
450,90.881,154.83,120.343,81.3818,29.303,101.294,19.9666
480,94.7129,153.839,111.896,81.1491,31.1141,100.609,19.8732
510,90.6721,150.987,108.817,81.9284,29.7233,98.3213,19.7843
540,93.6786,150.787,112.745,80.349,29.9699,95.1198,19.7569
570,89.4167,125.964,90.3198,67.063,30.8683,92.2629,18.5559
600,88.8372,122.695,86.2995,66.4817,30.2263,87.9193,17.8344
630,88.6595,122.435,88.4463,64.3626,31.4369,82.5952,17.8032
660,91.1227,118.883,89.5484,65.182,31.202,81.9931,18.0559
690,85.3576,120.046,87.3271,66.9577,32.6585,77.2781,17.7448
720,86.5295,105.349,78.478,55.6385,32.3949,71.363,17.1347
750,74.9217,99.9539,53.6667,53.8589,33.5317,69.7658,15.8656
780,76.3047,101.104,54.2,54.6282,33.6237,97.0476,15.6301
810,73.961,99.9056,54.1376,56.5456,33.5652,90.9811,15.0712
840,72.1047,100.467,75.8597,53.8009,33.0856,88.4636,15.4636
870,74.0835,103.253,76.1244,55.156,34.0509,84.4066,14.6387
900,72.6603,136.492,76.2353,72.7182,34.4577,80.4788,15.1835
930,73.637,127.51,72.8055,70.8719,34.2304,77.3438,14.8849
960,72.6631,130.093,74.2026,69.5166,35.2796,76.9506,15.008
990,76.8012,131.656,98.0019,69.6305,36.1007,70.9125,15.0254
1020,78.5546,129.595,96.7563,71.21,35.8243,66.8028,14.7433
1050,78.2215,130.507,97.0216,69.8973,35.8811,62.5111,14.9709
1080,72.6381,112.899,85.4883,59.8201,35.0576,58.144,15.1602
1110,78.8293,123.836,91.2579,59.2981,35.9425,57.4556,16.223
1140,77.3304,124.424,94.6465,59.5525,35.768,51.0806,16.5164
1170,79.1018,120.756,94.7326,60.9908,37.0792,47.6363,16.5365
1200,77.027,120.629,92.0703,60.3995,37.8988,44.2447,16.5071
1230,95.976,146.086,113.013,61.5773,36.6404,42.4391,20.1828
1260,82.5444,137.707,95.8936,62.0048,36.9022,39.4025,20.2919
1290,82.2126,141.517,94.4053,59.7018,36.9775,35.333,20.2847
1320,83.4649,138.246,92.5823,59.1594,37.9418,31.8273,19.7151
1350,81.6916,141.689,92.9868,62.0177,37.5479,34.3005,20.0007
1380,84.2831,140.934,93.6313,61.8117,36.2232,35.5285,20.0314
1410,81.6926,137.968,94.9737,61.0602,38.0204,36.3379,20.0862
1440,84.3001,140.374,94.7311,61.5186,37.4532,37.2304,20.095
1470,83.4063,135.76,93.7245,60.4648,36.2687,38.24,19.9704
1500,83.9872,137.865,92.5301,59.0318,38.3935,36.6983,20.2553
1530,96.5234,153.246,112.865,60.001,36.9666,38.458,21.6839
1560,98.1989,155.098,112.886,59.7619,36.3697,38.2829,21.2452
1590,96.0886,153.408,112.821,61.7667,36.7044,35.092,21.3413
1620,98.0298,153.811,111.811,60.5938,37.6025,35.9412,21.6672
1650,95.8215,156.539,110.918,59.0788,38.7978,38.3143,21.6354
1680,97.5083,153.306,114.928,62.66,37.8403,34.623,21.6915
1710,95.8723,154.616,113.244,61.0436,38.4681,38.1494,21.6376
1740,95.9531,151.535,111.412,61.2823,37.9145,36.2522,21.2556
1770,96.6872,154.101,111.218,60.1425,37.91,34.5213,21.2649
1800,96.3732,151.141,111.094,62.289,37.0566,37.7505,21.2183
1830,97.896,152.99,113.32,61.5337,36.0733,36.338,21.3829
1860,96.8664,154.891,114.858,60.3248,36.0772,36.5267,21.5385
1890,98.2064,154.867,114.655,60.0367,37.9764,36.23,21.7462
1920,98.6673,154.314,114.293,61.8421,37.3901,38.1881,21.4558
1950,98.2327,153.657,111.174,62.3558,37.6256,35.343,21.359
1980,95.7109,152.104,113.514,60.0723,36.2196,38.4878,21.3924
2010,102.461,161.573,121.812,60.0019,36.4254,35.2346,22.0423
2040,101.82,156.883,120.941,59.7659,36.5059,37.4223,21.8744
2070,102.222,161.656,120.291,60.5929,36.6011,37.7096,21.9419
2100,102.297,159.003,122.573,59.5364,37.1101,36.6133,21.75
2130,101.389,157.458,121.032,59.3864,36.4652,37.9964,22.0486
2160,102.275,158.045,123.01,59.6577,36.8072,36.9897,21.6979
2190,100.976,162.092,121.354,61.3022,36.0699,34.8219,21.6606
2220,101.983,162.433,119.79,59.0499,37.2406,35.198,22.238
2250,102.662,160.801,119.445,62.2358,37.1152,36.8922,22.2164
2280,100.057,159.464,119.61,60.7785,38.0231,37.0123,21.8129
2310,101.842,157.344,123.086,62.2567,35.5407,38.623,22.1863
2340,103.236,157.271,123.186,60.6826,36.4835,36.4141,21.9461
2370,102.63,160.189,120.688,59.0546,37.3712,38.9738,21.9351
2400,101.079,157.476,123.378,60.024,37.367,36.966,21.8575
2430,102.116,159.664,120.042,62.3877,35.9891,38.2017,21.882
2460,100.569,161.393,122.859,62.4022,36.9774,36.2781,22.0107
2490,102.933,161.721,121.859,59.8179,37.2688,37.6872,21.6743
2520,105.35,164.84,123.823,60.818,36.8609,38.3539,22.2526
2550,103.977,161.118,125.681,61.9471,36.2215,35.1717,22.0059
2580,103.759,160.886,123.827,59.3963,36.8052,37.753,21.8613
2610,104.683,162.839,124.136,59.7693,36.7401,35.5166,22.1581
2640,105.59,164.307,123.059,62.5493,35.6499,38.0349,22.2486
2670,102.985,163.866,125.115,59.9494,36.3736,37.5185,21.9703
2700,105.823,166.893,124.451,59.5186,36.4675,35.7922,21.9264
2730,104.7,165.092,124.57,60.7239,37.639,34.91,22.1137
2760,103.95,162.476,124.823,61.9789,35.8737,37.1777,21.985
2790,105.841,161.985,125.233,62.4161,35.3059,35.407,22.2693
2820,103.853,165.186,126.867,59.2964,36.9269,35.7709,22.0148
2850,102.784,165.976,126.4,62.3003,35.7765,36.2427,22.2935
2880,103.89,167.088,125.504,61.5318,35.7462,38.9621,21.8349
2910,104.536,165.077,122.565,61.1843,36.8589,35.8839,21.8977
2940,106.239,163.511,123.806,62.4864,36.969,35.4244,22.1618
2970,104.106,162.435,124.922,62.912,36.6824,38.1408,22.0496
3000,105.889,164.738,123.147,60.005,36.1548,35.4276,21.9107
3030,105.153,163.476,126.222,61.7159,35.6753,38.0608,22.0273
3060,104.199,162.212,124.154,59.7391,36.6731,37.6396,22.391
3090,105.067,163.078,127.203,62.5424,36.0397,35.5176,22.3852
3120,103.408,164.019,123.406,63.112,35.7793,35.1311,21.8804
3150,104.74,167.62,125.969,59.7273,37.0116,36.5365,22.117
3180,103.44,166.467,125.131,59.7707,35.0707,33.0866,21.9912
3210,102.071,167.833,126.157,61.0036,37.3026,33.0283,21.5729
3240,100.967,164.165,126.796,61.9036,37.4082,33.3463,20.7422
3270,102.483,163.481,124.285,62.7898,36.8779,29.9592,20.2189
3300,100.025,165.95,123.724,62.0315,36.0662,29.9311,19.7713
3330,97.9789,162.833,125.18,62.3847,35.853,28.9766,19.4645
3360,97.1987,164.228,127.3,62.3711,36.0278,29.3041,19.3716
3390,99.0462,162.948,123.483,61.1805,36.5235,25.7537,19.3756
3420,99.5258,165.586,127.488,62.1523,36.5699,25.6125,19.6459
3450,98.2128,162.914,125.78,61.9445,36.3173,25.0836,19.6959
3480,97.9242,166.892,126.496,62.7485,36.2481,19.5532,19.1422
3510,97.0163,164.575,127.602,62.121,35.1596,22.6356,18.186
3540,77.7274,136.644,104.044,60.8915,36.3549,17.4116,18.948
3570,79.5257,135.55,102.029,62.4453,36.8253,18.8463,19.0213
3600,77.9042,133.892,100.559,61.7536,35.0734,17.3377,19.7403
3630,79.0752,132.667,102.25,62.3071,35.9567,12.6921,20.1301
3660,80.1605,131.123,100.713,62.4692,36.5035,14.5076,20.3403
3690,79.745,132.442,101.192,63.2864,35.7952,11.6024,20.9177
3720,82.0579,134.665,101.731,61.9981,36.2727,11.1935,20.4873
3750,82.4048,131.969,103.68,62.2832,37.4109,10.1589,20.4545
3780,84.2834,136.51,103.627,62.0492,35.9881,6.95474,20.6207
3810,83.7412,134.845,101.338,61.2775,37.0831,6.02403,20.5195
3840,78.972,129.32,98.7383,60.1639,37.049,8.31598,17.0827
3870,79.9089,125.658,95.4246,60.5656,36.1323,10.9406,16.8817
3900,80.1507,125.913,98.1574,63.0172,37.8253,12.9853,17.2048
3930,80.0105,128.586,95.1304,60.6876,36.0299,16.3658,17.2866
3960,78.6888,126.686,98.9399,60.5009,36.3958,20.8363,17.064
3990,79.5703,129.271,97.7391,61.99,35.5394,24.9104,16.9536
4020,78.9297,127.175,95.3356,60.1686,36.0975,28.9392,16.8674
4050,78.3006,129.585,96.3965,61.8012,36.587,30.644,17.1452
4080,78.8158,125.915,98.2764,59.9882,36.193,35.1128,16.8277
4110,78.7129,125.163,97.6759,62.696,35.4479,36.6549,17.1248
4140,80.9363,125.224,97.7191,60.7785,36.3275,42.0915,17.2716
4170,78.8729,128.826,96.2719,61.7729,36.839,44.5554,17.3657
4200,81.3646,129.721,94.7862,61.3991,35.9452,50.1191,17.1707
4230,80.2268,124.967,96.5924,62.7589,36.1369,53.2119,17.0281
4260,80.0274,130.387,97.7255,60.3633,35.2493,59.9128,17.2557
4290,80.666,125.935,96.117,61.0752,36.9492,60.5272,17.3791
4320,78.8656,126.062,96.5993,61.901,37.539,63.7911,17.0994
4350,77.7952,127.887,96.128,61.4585,35.6595,70.6794,17.2049
4380,80.1333,127.221,98.5626,59.7974,36.8216,74.1435,16.9996
4410,77.9902,124.613,97.8692,59.6765,37.1072,78.7575,17.2848
4440,69.8458,111.852,86.0123,59.8709,35.8935,80.5207,14.5921
4470,73.0411,132.86,100.71,70.3412,36.3225,85.6985,14.5092
4500,76.2527,131.777,98.0653,71.7456,36.9246,89.6277,14.7457
4530,79.7552,131.026,99.7118,71.346,36.1945,90.3488,14.919
4560,79.0681,131.441,101.262,69.7466,35.4256,94.329,14.6452
4590,76.8496,133.904,99.7034,72.1567,36.0475,96.6813,14.8124
4620,79.7444,133.424,98.1348,71.1874,35.973,97.339,14.9399
4650,78.122,130.296,98.6164,69.8434,36.9272,97.0017,14.8508
4680,76.4081,131.991,100.542,70.5931,36.3196,95.7582,14.6144
4710,79.6329,128.247,101.673,71.5368,36.5009,93.4903,14.6864
4740,78.4265,129.407,101.043,71.367,36.2611,94.3009,14.9496
4770,76.5394,131.113,101.408,73.353,35.8177,96.1497,14.5251
4800,77.5959,129.903,99.0984,71.4076,36.76,96.5625,14.6056
4830,76.2276,131.988,100.854,71.3376,36.7708,97.0546,14.4658
4860,76.6169,131.758,99.5875,71.2513,36.4891,94.2296,14.7389
4890,77.2238,128.618,99.5273,70.919,36.2447,95.209,14.6129
4920,77.8772,132.946,100.752,72.5933,36.7765,93.1845,14.9498
4950,76.7149,132.748,98.6816,71.7635,35.9037,95.8217,14.944
4980,78.9929,128.17,98.5332,70.1506,36.9071,95.9432,14.5349
5010,78.5452,128.244,99.5684,71.6014,36.5684,96.8012,14.8673
5040,79.065,131.395,99.7497,71.7973,34.9132,93.1614,14.3211
