Time,FC,PAS,PAM,PAD,temp,SpO2,FR
-1,81,131,86,75,37.18,99,15
0,89.1,144.1,94.6,75,36.6595,99,16.5
30,88.5877,142.989,93.1264,75,36.139,99,16.1225
60,90.3924,146.061,94.0427,75,35.6185,99,16.2722
90,90.6524,143.889,93.0199,75,35.0979,99,16.7687
120,87.9952,145.476,94.0793,75,34.5774,99,16.2368
150,90.0806,143.661,94.5773,75,34.0569,99,16.5462
180,90.0076,146.098,96.496,75,33.5364,99,16.3143
210,91.0274,146.751,92.4624,75,33.0159,99,16.6231
240,89.2725,144.977,92.8068,75,32.4954,99,16.6714
270,89.2354,141.875,94.1258,75,31.9748,99,16.7563
300,87.3237,143.676,93.4205,75,31.4543,99,16.6179
330,87.5521,141.817,94.2276,75,30.9338,99,16.4993
360,97.0904,140.563,103.399,75,30.4133,99,16.2041
390,95.7416,146.705,105.262,75,29.8927,99,16.666
420,99.4245,141.201,105.874,75,30.337,99,16.5928
450,94.5794,139.795,105.152,76.3458,31.4477,100.061,16.713
480,91.7041,144.027,93.8642,73.8836,31.0166,99.7224,16.6345
510,90.5666,147.463,96.2202,76.1671,31.9677,98.5592,17.089
540,87.1484,146.649,92.7887,75.4567,32.3136,94.7107,16.1025
570,86.794,111.411,75.3576,59.4542,31.8071,92.6889,15.693
600,85.62,110.209,72.9874,61.2783,32.9387,88.007,15.3264
630,87.366,110.11,77.3201,60.1996,33.9371,84.7312,14.9986
660,85.3101,114.583,77.3812,59.3927,32.8589,82.9238,14.4038
690,86.4692,117.725,75.4037,59.78,34.2698,77.4254,14.546
720,115.367,60.5271,72.5356,35.3168,34.9645,76.0168,13.8422
750,114.555,56.4264,76.9981,36.6513,34.798,94.1385,13.2906
780,116.768,55.3994,76.6966,34.2273,36.4511,86.8598,13.7693
810,112.882,54.8301,75.2549,35.0468,35.9514,87.2702,12.7994
840,114.543,56.3347,74.494,51.3461,35.9688,79.241,12.688
870,114.663,56.6038,73.0825,49.0532,36.8105,77.8322,12.4918
900,115.291,52.5736,93.5417,49.4157,37.5357,74.9317,12.2654
930,112.646,52.97,95.5694,52.0261,37.1523,70.2178,12.2921
960,114.415,81.0308,93.6516,52.0693,37.5797,65.2105,12.291
990,114.252,84.2064,95.0618,50.2838,37.6132,64.2672,12.3704
1020,114.247,86.7606,93.9321,51.7706,38.5536,58.3264,12.8871
1050,117.373,84.2274,97.1231,50.4114,37.9315,54.6333,12.0949
1080,117.066,87.1341,95.6854,50.9182,37.6709,55.7579,12.3671
1110,114.057,86.753,93.5273,50.9248,38.0043,47.5583,11.8819
1140,116.445,86.7094,93.8532,49.7758,37.7762,44.2469,12.1736
1170,112.091,86.619,94.6659,51.7708,38.6544,42.8563,12.5375
1200,115.097,87.5974,91.2446,51.8886,38.3353,38.7441,12.22
1230,80.5572,120.975,96.5423,65.9851,38.647,37.3273,12.1081
1260,76.762,98.3792,92.3877,60.8417,36.7505,30.3119,12.471
1290,67.1931,100.779,57.8901,57.5239,36.3408,27.5859,12.255
1320,67.9115,97.8999,55.937,55.5163,36.5805,80.3346,11.7801
1350,66.4734,101.114,56.4927,55.5602,38.5469,80.9077,12.5348
1380,68.0674,101.045,56.8133,55.4585,36.8371,79.696,12.738
1410,69.4602,98.047,56.6868,55.6941,37.5055,80.7936,12.3094
1440,69.4676,105.197,54.5493,57.4418,37.2264,80.5968,12.6812
1470,67.1015,96.0533,53.5888,55.4514,37.3437,77.7284,12.6423
1500,68.984,100.628,55.9879,56.7698,37.893,83.7368,12.1302
1530,73.5705,96.5373,79.3242,56.4709,36.9728,82.4363,11.7567
1560,71.0761,101.149,79.306,55.9665,38.3857,83.3455,11.3354
1590,73.6345,97.8423,77.6432,56.5458,37.3482,81.5842,11.5744
1620,70.1602,84.9201,76.1934,52.6418,37.3932,82.8848,11.9499
1650,71.8195,93.5662,80.1149,48.0861,36.8867,81.8484,12.683
1680,73.1588,92.2278,77.1381,47.7027,37.7308,83.4279,12.5236
1710,72.6187,91.4869,77.0764,47.7381,37.3013,85.0649,12.5609
1740,72.3131,91.2774,77.7075,47.4422,38.0628,82.1064,12.8086
1770,89.6783,110.352,94.4123,46.9381,39.0318,83.2711,15.4724
1800,77.8996,88.2634,86.1815,49.3781,37.1119,86.3138,15.2656
1830,77.7523,85.9072,85.166,46.7472,35.7625,82.1454,15.3606
1860,77.8624,87.7942,85.2677,46.8464,37.8791,83.9464,15.6922
1890,79.0877,85.3713,86.3117,49.4204,36.2008,82.8656,15.2161
1920,79.014,88.6565,87.0524,49.0001,36.9943,85.7354,15.6648
1950,76.9481,84.6328,85.9219,47.8902,37.429,88.7871,15.2271
1980,77.5854,83.3165,83.8047,47.6478,37.4435,90.5685,15.6424
2010,78.9898,87.0396,85.4534,47.6242,38.064,87.3869,15.7312
2040,78.1802,84.3826,85.3608,48.8307,36.0467,87.4324,15.5561
2070,91.0747,110.699,97.29,49.588,37.3442,90.7545,16.475
2100,90.7796,105.526,96.0493,46.9958,37.2712,89.1457,16.7272
2130,89.6269,106.135,97.3133,49.3799,37.2535,88.7924,16.7886
2160,90.4432,105.572,95.3607,48.1763,37.152,90.557,17.0391
2190,91.1977,109.966,97.6349,47.5668,37.4014,88.3459,16.89
2220,89.0523,105.43,97.3289,48.511,37.1329,86.6551,16.843
2250,91.4909,105.351,96.3567,48.5461,35.9123,87.119,16.7722
2280,90.0233,108.8,94.4224,48.667,35.7837,88.9752,16.9988
2310,92.1193,108.61,94.79,47.1518,37.3739,90.389,16.7127
2340,91.6916,109.826,94.5539,47.5781,36.248,85.8538,16.338
2370,90.2351,108.819,96.5185,48.3279,38.2629,86.6447,16.4011
2400,90.902,106.797,96.9999,49.1453,36.4261,89.5115,16.4838
2430,89.046,110.777,95.4471,48.2641,36.7873,86.1448,16.6347
2460,89.3555,106.403,96.778,47.9397,37.2771,88.0676,16.9613
2490,90.2543,105.817,95.591,47.2382,36.0711,87.3067,16.7343
2520,92.0281,105.648,95.4922,47.292,36.108,87.9428,16.6901
2550,94.8797,118.421,98.1678,48.9249,35.2873,86.7387,16.9156
2580,95.6384,119.025,100.416,49.1326,36.1991,89.2428,17.5057
2610,95.2013,114.302,98.6872,47.3091,36.9914,89.6247,17.174
2640,96.4843,114.606,100.897,46.8368,35.702,88.5406,17.0519
2670,97.9812,117.092,98.559,46.9405,36.6559,87.2092,17.5006
2700,95.3627,118.95,101.133,49.241,37.4927,90.0237,16.8754
2730,96.6723,113.768,99.3869,47.5452,35.8881,89.9296,16.788
2760,95.5346,117.042,98.3216,48.3711,37.2658,90.5091,17.3034
2790,95.2744,114.15,101.103,49.2773,35.6133,90.0512,17.2337
2820,97.9639,117.549,99.9048,49.4537,35.6089,86.2212,17.3304
2850,95.7901,116.196,98.1881,49.1402,37.2882,90.058,17.3806
2880,96.1056,119.136,99.524,47.2277,36.3161,90.251,17.3269
2910,96.0138,117.741,100.431,49.083,36.9791,87.9634,17.3174
2940,95.0381,119.066,100.612,47.5373,36.5211,86.008,17.2131
2970,95.1851,114.105,99.6675,48.8177,36.9411,88.4883,17.0499
3000,95.2906,119.108,100.176,48.9147,35.9889,88.2964,17.2657
3030,95.0614,114.381,99.8632,49.3613,37.4494,88.983,17.3115
3060,99.4067,119.082,99.8294,46.9581,34.879,89.1024,17.2017
3090,97.7085,117.888,103.422,46.9863,36.2481,87.9728,17.4714
3120,99.4654,123.32,101.01,48.817,36.9957,87.4295,17.4942
3150,102.073,122.305,101.63,48.4969,36.2052,87.0949,17.4685
3180,101.179,119.286,102.14,48.393,35.7247,89.2918,17.4142
3210,101.766,121.634,101.834,49.0994,36.6055,87.1136,17.5077
3240,104.66,121.341,100.797,48.117,36.3158,90.3524,17.3702
3270,103.478,120.374,103.451,47.1997,35.7591,88.4401,17.8375
3300,104.612,118.843,101.809,49.249,35.4353,86.3773,18.0184
3330,106.812,121.771,101.841,49.8661,36.6561,87.8262,18.1638
3360,105.73,121.764,103.329,49.0977,35.9011,90.4659,18.5045
3390,105.91,122.946,102.143,48.9572,37.8479,88.2708,18.7463
3420,105.029,123.556,104.226,48.5278,36.3873,83.2801,19.0639
3450,106.254,121.213,102.913,47.7884,34.6802,82.4751,18.7459
3480,105.197,120.203,104.29,49.3914,37.8741,77.1511,18.4748
3510,104.641,121.438,102.885,49.0759,35.452,77.8357,18.8084
3540,104.784,123.214,104.207,50.2235,36.1704,74.07,18.7973
3570,102.38,120.366,103.355,49.3686,35.6333,67.6888,19.077
3600,101.75,118.525,103.211,49.1307,37.6273,67.5932,18.7995
3630,99.8723,119.913,101.545,49.7321,35.3355,63.0164,18.5563
3660,101.181,120.139,101.964,49.8901,35.2777,60.361,18.6044
3690,98.496,119.324,103.02,49.7483,36.5751,59.1212,17.6142
3720,98.6303,121.28,103.393,49.3691,35.7243,53.806,17.6528
3750,97.5177,121.934,102.459,47.4847,37.3545,51.1318,17.3258
3780,95.734,123.044,102.911,48.9273,36.1834,48.3381,17.0566
3810,95.9521,119.099,101.344,49.4219,35.9913,46.9805,17.2248
3840,96.979,121.707,101.713,49.8089,37.4226,42.3529,17.2814
3870,96.1123,118.414,103.386,47.4203,36.3368,40.5352,16.8181
3900,98.5696,120.595,102.891,49.9513,35.4107,34.9988,17.2925
3930,95.9715,121.138,102.129,47.5663,35.78,33.9811,16.8044
3960,98.0346,124.145,103.971,49.7215,36.3578,33.4312,17.4805
3990,96.6515,119.688,104.324,48.2371,36.5406,33.2235,17.0775
4020,95.6565,124.093,101.716,49.0804,35.6127,33.2299,17.0255
4050,95.5919,126.34,102.92,48.9842,36.3692,35.1879,17.2555
4080,76.6332,99.863,83.0749,49.5646,36.2913,36.0844,16.9277
4110,77.4821,100.996,83.2971,49.5678,35.3174,33.8303,17.1165
4140,76.3738,99.7231,81.5245,47.6746,35.4264,35.6508,16.7561
4170,77.0056,102.124,83.3911,47.8233,34.9576,38.5743,16.7475
4200,79.0864,100.376,84.1045,49.4534,36.7778,37.6727,16.707
4230,77.2645,101.397,83.9009,49.499,35.8995,42.4618,17.2991
4260,77.9406,100.257,84.4693,48.9062,35.338,47.4953,16.8845
4290,77.3928,99.0968,82.535,48.2763,36.4666,49.8486,17.034
4320,76.3809,98.8628,81.5877,49.4927,36.6824,55.0894,16.8279
4350,76.53,100.665,84.4318,49.9372,36.172,58.2693,16.76
4380,75.536,96.9585,80.0935,50.1711,35.3413,59.3923,13.5776
4410,74.9353,97.0888,80.6871,48.4991,35.2661,65.9804,13.3828
4440,74.5488,93.4692,81.2747,48.8985,36.671,68.7574,13.6052
4470,73.9135,97.0056,79.154,47.5261,34.8341,69.4734,13.9216
4500,75.5897,97.8954,81.0837,47.5413,35.2101,74.7858,13.9248
4530,75.7641,95.1168,78.9178,47.7749,36.1787,77.3588,13.4357
4560,73.8548,94.9517,80.7706,49.8588,35.8517,80.85,13.6618
4590,73.6563,97.6193,80.1403,48.5389,36.0716,84.1905,13.9035
4620,75.1592,94.5376,77.5585,47.3802,36.4581,90.6741,13.5699
4650,72.4688,94.8143,79.9932,49.4028,35.6712,89.3665,13.247
4680,73.9522,97.8512,81.0551,49.1339,35.9234,93.8744,13.8469
4710,73.0243,98.1262,78.57,47.8896,37.1233,96.8486,13.6643
4740,75.8337,93.5826,79.9628,48.7985,36.9451,96.172,13.784
4770,72.4111,96.5073,79.3742,49.1968,36.6333,99.6488,13.3155
4800,73.7947,96.3904,80.4607,49.946,36.191,99.9255,13.3124
4830,75.6817,92.9118,78.8208,49.5516,36.5699,98.0586,13.7174
4860,74.6403,92.8211,78.2439,48.4678,35.9676,97.0296,13.7009
4890,75.3724,96.5808,78.6787,48.936,34.7451,99.6635,13.6373
4920,74.6638,95.497,79.33,49.1085,35.7283,99.9322,13.5247
4950,73.3879,93.3041,78.2376,50.2025,36.5318,99.5012,13.3772
4980,66.5468,86.992,70.8456,48.0831,35.9771,100.776,11.8758
