Time,FC,PAS,PAM,PAD,temp,SpO2,FR
-1,120,84,60,48,38.7344,92,30
0,132,92.4,66,48,38.1921,92,33
30,130.451,90.2661,66.2994,48,37.6499,92,32.9007
60,134.931,93.8998,66.7581,48,37.1076,92,33.0175
90,134.69,92.6929,64.6148,48,36.5653,92,33.7649
120,133.41,93.9455,67.0443,48,36.023,92,33.7977
150,128.738,92.3273,67.3004,48,35.4807,92,32.4589
180,131.108,94.5334,65.0403,48,34.9385,92,32.9106
210,131.309,90.1042,65.2457,48,34.3962,92,32.229
240,132.895,93.0503,66.3139,48,33.8539,92,33.6379
270,133.185,92.5005,66.7331,48,33.3116,92,32.2806
300,131.877,92.8859,66.1559,48,32.7693,92,32.5804
330,132.314,92.4201,65.038,48,32.227,92,32.6131
360,143.268,94.0365,71.7368,48,31.6848,92,33.8229
390,145.262,92.9357,72.9675,48,31.1425,92,32.9153
420,148.442,90.1472,67.549,48,31.4087,92,33.1168
450,147.03,94.6578,64.9339,48,31.675,92,32.6972
480,132.432,94.3066,67.0554,48,31.9412,100,33.2795
510,129.449,90.2724,67.2241,48,32.2075,95.3018,32.0785
540,127.26,75.9558,53.3181,38.4,32.1517,94.7061,32.0878
570,125.812,76.3586,51.1542,38.4,32.4179,88.0142,30.9238
600,128.132,73.9752,52.7944,37.6571,33.0662,87.0835,29.899
630,125.202,73.1876,51.1695,38.4417,32.9968,79.1961,29.1758
660,115.819,64.4648,49.639,35.9555,33.3555,77.3683,28.9741
690,106.19,63.7116,28.7194,32.5822,33.7204,73.1949,27.3938
720,105.086,62.7728,29.9791,33.2178,33.7226,87.9384,26.9913
750,103.982,65.2658,30.102,32.8164,33.4754,84.9645,26.0584
780,102.879,64.6686,29.9018,32.3542,33.8134,79.103,25.4205
810,101.775,82.9702,30.2636,42.2337,34.87,77.1086,25.4682
840,100.672,82.2505,30.8003,42.8358,35.1362,70.853,25.7787
870,100.672,81.3564,43.3183,42.2409,35.4025,70.9998,25.7854
900,102.36,83.1779,43.034,41.8178,35.6687,66.4541,24.2446
930,106.612,84.0755,58.3581,41.5576,35.935,62.5619,23.1909
960,105.763,84.5142,58.3408,42.341,36.2012,60.302,23.1448
990,105.919,82.0856,58.5345,42.0059,36.4675,55.63,23.1078
1020,100.488,71.2299,54.1611,39.5972,36.7337,51.5618,23.8093
1050,109.458,77.6325,56.0707,36.3202,37,49.7278,25.6505
1080,108.106,77.1639,54.4095,36.021,37,45.2317,25.6426
1110,109.917,77.0935,54.5789,36.1577,36.4257,40.7058,26.2873
1140,107.902,77.2464,55.6809,36.4134,37.5762,38.078,26.1841
1170,109.513,78.514,55.5065,36.5589,36.6386,31.6206,26.7096
1200,108.076,79.3772,55.5912,35.7344,36.7384,27.9152,26.5472
1230,101.454,71.4091,50.4168,36.2357,36.9028,25.8653,24.3399
1260,97.9526,70.8259,49.6929,35.1928,36.2075,21.6021,24.1801
1290,101.175,71.4319,49.9255,35.9431,36.6079,22.3021,24.4827
1320,97.0481,70.2525,49.1878,36.5073,37.2065,22.2899,23.7269
1350,129.928,90.1382,64.1851,35.8659,36.5838,22.4055,30.2803
1380,129.751,91.472,65.2015,35.5805,36.8673,22.4676,30.5208
1410,127.007,90.116,63.1699,35.7117,36.4212,22.5573,31.2031
1440,126.859,91.0442,64.8635,36.1704,36.2718,22.688,30.7328
1470,128.307,91.9661,64.9254,36.2714,36.655,22.6653,30.3145
1500,127.535,91.2683,63.7201,36.0111,37.0333,22.7155,31.1543
1530,129.667,90.9704,63.4074,35.8433,37.8959,22.7668,31.1259
1560,125.061,91.2528,64.532,36.1708,36.7696,22.8759,30.4723
1590,126.899,90.4424,64.7696,35.4409,36.8359,22.9605,31.2476
1620,128.347,89.1157,63.2131,35.6264,37.4782,22.9825,31.1897
1650,125.687,91.1036,64.5577,35.4815,36.637,23.1186,30.9477
1680,125.756,89.2266,64.0927,35.8683,37.5348,23.0123,30.2384
1710,125.02,91.0965,63.9194,36.1704,36.3188,23.0169,31.1695
1740,127.264,91.6171,64.6833,35.5521,37.6856,23.1137,30.8344
1770,127.788,89.6374,64.0076,36.597,37.6905,23.0082,30.269
1800,125.094,92.0701,64.7896,35.8774,36.1746,23.0304,31.2734
1830,129.051,90.3625,63.1267,35.1299,36.2713,23.0539,30.9288
1860,125.445,90.9327,64.1351,36.387,36.92,23.0259,30.161
1890,125.99,89.2296,64.409,36.6802,36.5759,22.9977,31.1969
1920,124.897,89.6117,65.218,35.642,36.4037,23.1096,31.0983
1950,136.547,96.98,71.0174,35.236,37.0112,23.1022,33.154
1980,138.815,97.3076,71.0598,36.4997,37.5451,23.0234,33.8431
2010,136.677,98.2409,70.9245,36.0632,37.0873,23.0332,33.7322
2040,140.042,97.8647,70.3447,36.6859,37.0908,23.0493,33.4105
2070,139.498,97.3637,69.622,36.6766,36.5696,23.108,33.0892
2100,139.776,98.4076,69.7045,35.7442,37.3853,23.1168,33.3456
2130,138.176,96.9847,71.3303,36.35,37.0941,23.069,33.4766
2160,135.764,99.315,71.3648,36.6109,36.41,23.0306,34.1606
2190,139.519,98.8627,69.8176,35.8608,37.6894,23.0237,33.5728
2220,136.013,96.8105,70.4246,36.6066,37.0896,23.0721,33.4282
2250,136.709,97.9752,70.6169,36.3587,36.9361,23.0474,33.7053
2280,135.276,99.6032,71.3187,35.3045,37.4441,23.0991,33.0913
2310,140.657,96.7722,71.439,36.1784,37.3375,22.9988,33.1871
2340,138.487,97.6932,70.593,36.2532,36.6647,23.1346,33.8223
2370,140.335,98.3374,71.4366,35.3201,37.7406,23.0548,34.1702
2400,137.359,99.3153,70.3411,35.7418,37.4442,23.0272,33.6807
2430,138.041,99.8054,70.6138,35.7733,37.8982,23.0548,33.1194
2460,103.005,72.4624,50.7875,35.4853,37.5664,23.0916,25.0891
2490,99.7688,72.8698,51.5959,36.7353,36.3456,23.0552,24.0723
2520,99.3019,73.6103,50.4458,35.7913,37.3676,23.0499,24.9301
2550,101.64,72.9395,51.0791,36.6191,37.2602,23.1136,24.3331
2580,102.756,71.6931,51.2575,35.6014,37.4855,23.0699,24.5846
2610,102.413,71.5527,51.4062,36.2507,37.6443,23.1372,24.7926
2640,104.939,72.1805,52.1859,35.1849,36.6119,23.1111,24.499
2670,104.906,71.5429,50.9856,35.8165,37.68,23.0712,24.3666
2700,102.053,72.0277,51.9018,35.3404,37.227,22.9956,24.4724
2730,101.32,72.7036,52.516,36.6759,37.5455,23.0492,24.7466
2760,102.857,72.0595,51.1751,36.1595,37.5357,23.0098,24.784
2790,106.267,78.2625,53.908,35.2299,36.364,23.047,26.1982
2820,105.933,78.2088,55.4541,35.9867,36.6204,23.0675,26.4155
2850,111.248,77.0876,53.8392,35.6122,36.3556,22.9972,25.8972
2880,111.421,76.7474,55.59,36.0811,37.6164,23.026,25.8605
2910,109.503,76.531,55.5912,36.2655,36.6951,22.9951,26.5457
2940,108.708,76.6596,54.2025,35.956,36.7397,23.0061,25.6299
2970,109.678,77.3022,55.1716,36.0483,36.455,23.1133,26.6736
3000,107.908,78.0515,53.9047,35.6104,36.6983,22.9948,26.6975
3030,106.805,76.2254,53.8828,36.4131,37.3298,22.9933,26.1995
3060,105.872,75.5673,54.2046,35.9392,37.0149,23.0709,25.5932
3090,110.949,77.3708,53.7575,35.9663,36.6235,23.1076,25.6856
3120,108.771,77.1938,55.7112,36.5145,36.9638,23.0033,25.771
3150,110.651,75.7637,53.7288,36.7277,36.8735,23.015,26.5572
3180,106.447,75.9717,54.2244,35.3192,36.6058,23.0724,26.3623
3210,110.517,75.615,55.017,36.1964,37.4663,23.0967,25.8002
3240,106.081,76.8557,54.2093,36.0137,36.2526,23.0247,26.0831
3270,109.869,77.1116,54.3484,36.0392,36.8017,23.0613,26.3495
3300,110.287,78.1512,55.3357,35.3817,36.1149,22.9884,26.1287
3330,109.123,76.2168,55.7735,36.376,36.228,22.1445,25.5746
3360,112.734,77.9331,53.8943,36.6268,37.718,21.3688,24.7765
3390,101.876,70.9312,49.721,36.4949,36.6165,20.5352,22.0408
3420,113.597,81.0551,52.385,38.6029,36.3817,19.6848,21.2873
3450,111.367,83.0257,57.8168,41.9582,36.2762,18.8039,20.6067
3480,111.572,82.784,57.444,43.0332,37.1689,17.9443,21.0398
3510,113.161,81.1052,56.2991,43.0072,37.8969,17.0641,20.3967
3540,112.368,81.1148,56.5854,43.086,37.0488,16.1618,18.9458
3570,114.552,80.2396,56.7877,42.9333,37.6297,15.4151,19.6846
3600,112.394,83.4726,57.6142,41.9208,36.3332,14.4687,20.274
3630,110.822,83.408,57.336,43.0292,36.8352,13.6735,20.6359
3660,111.147,82.7119,57.3597,41.5359,36.0927,12.8182,19.7958
3690,114.253,81.1556,57.3143,43.1511,37.8771,11.9199,20.4452
3720,113.676,81.3119,56.5983,41.4765,36.589,11.1054,20.9806
3750,111.567,80.535,56.6435,42.2405,36.1428,10.2339,21.6966
3780,111.713,81.621,57.1695,42.7528,36.3496,9.41061,22.8075
3810,110.31,82.4348,56.4906,41.5982,37.8021,8.50895,22.7384
