Time,FC,PAS,PAM,PAD,temp,SpO2,FR
-1,102,139,100,83,36.7344,96,24
0,112.2,152.9,110,83,36.2201,96,26.4
30,110.628,156.379,112.508,83,35.7059,96,26.175
60,109.874,150.958,108.214,83,35.1916,96,25.9253
90,109.71,155.54,110.79,83,34.6773,96,26.3049
120,112.822,154.396,111.629,83,34.163,96,26.8351
150,110.621,152.662,110.801,83,33.6487,96,26.6203
180,110.586,154.985,110.676,83,33.1345,96,25.9902
210,112.188,154.598,109.64,83,32.6202,96,26.7882
240,113.947,154.667,110.773,83,32.1059,96,26.342
270,114.35,151.407,108.09,83,31.5916,96,26.9132
300,112.262,151.971,109.222,83,31.0773,96,26.9433
330,114.015,154.277,111.019,83,30.563,96,26.1677
360,124.365,151.732,118.611,83,30.0488,96,26.6931
390,125.648,155.429,120.85,83,29.5345,96,25.9354
420,126.189,150.394,109.734,83,29.8738,96,26.5474
450,120.217,155.739,109.923,82.2126,29.9272,94.3089,27.2831
480,113.976,151.277,109.062,82.4936,29.7297,95.3639,25.9934
510,114.16,156.251,108.989,84.5619,30.8882,101.656,27.3368
540,111.581,149.818,111.52,82.3225,31.3195,98.358,25.8974
570,113.374,125.689,87.5497,65.389,31.6641,96.6899,25.1215
600,108.38,124.316,85.5444,66.9814,32.3747,94.4205,23.4548
630,108.266,123.807,89.3526,65.4051,31.6378,92.5521,23.9251
660,104.588,122.282,83.7339,66.8871,32.1826,89.0986,22.5497
690,108.152,122.478,90.8639,66.4828,32.981,84.5352,23.0654
720,148.687,61.355,88.7422,37.9722,32.7015,85.4618,22.5775
750,142.366,60.9123,86.2655,39.4424,33.9955,88.6638,20.8519
780,143.23,62.4356,86.3579,38.1276,33.289,88.7181,20.5033
810,147.969,58.5703,84.6776,40.1499,33.4534,84.4361,20.2687
840,147.233,59.7811,87.572,56.0322,34.6833,80.4737,20.2523
870,141.682,60.1629,86.6701,54.6885,34.1785,81.1002,19.292
900,141.485,88.0884,87.1432,56.9492,34.8138,76.5023,19.1062
930,145.985,90.434,86.9735,57.6289,36.4108,72.5084,19.3945
960,146.403,88.4102,110.816,56.015,35.6371,69.2652,19.9017
990,144.819,88.1524,109.539,57.2347,36.5743,68.5261,19.1518
1020,148.225,89.9168,109.085,57.793,36.0665,68.5574,19.9597
1050,140.166,90.4153,110.999,55.6882,38.1609,64.7461,20.0798
1080,144.936,93.9299,111.498,57.454,37.137,61.2712,19.6727
1110,144.228,95.1435,111.692,56.0994,36.8021,59.435,18.8787
1140,146.832,92.0543,110.891,58.0416,36.5496,55.199,19.3465
1170,141.15,92.1768,111.344,56.8783,37.7093,55.2485,19.8436
1200,143.962,89.0076,111.599,56.4001,36.9165,51.9631,20.1757
1230,104.632,130.103,109.555,72.5082,37.7962,52.1553,18.9683
1260,99.4087,116.482,92.9951,68.4071,36.8718,45.3804,19.392
1290,87.9598,113.827,66.3705,62.0162,37.8604,44.5531,19.506
1320,85.9148,105.813,63.0858,63.9253,35.8493,84.0676,19.4343
1350,82.5114,112.914,65.1658,61.6482,37.6647,87.6412,19.3009
1380,83.7526,101.823,63.9077,63.9257,37.9928,86.1753,19.7882
1410,83.4266,107.59,66.8972,63.0789,36.1748,87.0944,19.5089
1440,83.6062,106.559,63.2577,60.7848,37.8518,86.8974,19.4014
1470,86.0466,109.284,66.751,61.0848,36.651,83.801,19.7934
1500,83.694,106.421,65.8343,60.7359,36.4193,88.2223,19.2904
1530,90.0491,101.511,87.9842,63.6485,36.8111,90.3632,18.6224
1560,91.2666,98.5672,90.2008,62.7228,38.832,90.2405,18.4352
1590,88.4987,103.311,88.5502,60.8018,38.0906,88.8743,19.0831
1620,85.7744,91.5839,75.9061,56.4916,37.0176,91.0619,19.095
1650,91.9783,94.3685,86.2538,54.1282,37.1216,88.412,20.6992
1680,90.2704,93.7405,83.6535,52.3343,37.2826,89.833,20.7676
1710,90.7993,93.2791,86.0505,52.827,38.6123,89.0749,20.2512
1740,89.0596,93.0402,83.8787,52.5032,38.7289,88.7646,20.3148
1770,109.379,113.907,105.444,51.9479,38.8175,91.3615,24.7274
1800,95.7237,90.3463,85.4904,54.4501,37.4197,90.4346,25.188
1830,94.9076,85.8395,83.7774,52.0763,37.364,89.3829,25.3166
1860,96.7493,87.8181,83.9749,53.8174,35.9497,92.0355,25.0308
1890,97.9216,89.5275,86.452,54.4998,36.7739,88.784,25.4097
1920,98.1546,88.9043,86.984,52.4709,36.1926,93.0287,25.0377
1950,94.6677,85.8437,86.6541,51.5709,37.4352,97.1082,25.4148
1980,94.6971,91.8648,86.1775,52.5789,36.2107,97.0478,24.607
2010,97.9088,88.7707,87.7537,52.9343,38.5045,94.7087,25.2312
2040,95.9317,86.2685,83.5188,54.1439,37.5684,94.493,24.9813
2070,114.713,112.713,103.68,52.388,37.4474,94.0007,26.4617
2100,111.506,111.348,103.135,52.9535,35.8055,95.4541,26.4391
2130,113.26,109.081,103.492,52.9568,37.4102,93.8561,27.2527
2160,114.132,107.361,104.431,51.9717,37.1629,95.9874,26.526
2190,114.313,106.923,103.195,54.1608,36.9899,97.0165,27.0644
2220,111.724,107.581,101.955,53.0082,36.9851,95.3566,26.4615
2250,110.36,112.314,103.63,52.9946,37.5691,94.673,26.9351
2280,113.74,112.698,104.629,54.673,37.3464,93.3318,27.1795
2310,111.986,109.069,104.099,54.306,37.6479,95.5023,26.6941
2340,112.895,110.327,104.824,54.9126,35.8494,93.3342,26.6228
2370,110.799,109.692,104.461,54.3232,37.1199,94.886,27.2754
2400,114.502,106.74,105.236,54.5015,37.2908,96.3348,27.1098
2430,111.517,108.004,103.952,52.4012,36.317,95.8033,26.6376
2460,113.185,108.296,102.463,54.5231,36.4098,93.6093,26.9949
2490,113.701,111.259,103.419,54.6744,37.8021,97.0413,27.0539
2520,114.089,110.608,103.939,52.256,36.3192,97.6649,27.1594
2550,119.644,119.385,109.857,51.9518,37.095,94.9202,27.4728
2580,121.604,119.976,109.945,52.9653,36.8106,93.3586,27.871
2610,121.624,119.16,112.072,53.7788,36.0672,94.7428,27.3985
2640,117.607,121.83,111.196,53.3558,35.6276,94.6967,27.8215
2670,121.14,118.562,112.844,52.7676,36.8471,95.8377,28.142
2700,120.537,120.277,111.137,53.355,37.0258,93.9058,27.9698
2730,121.295,120.614,111.373,51.9046,36.2509,94.3109,27.3459
2760,120.205,119.931,112.386,54.0307,38.1653,94.4582,27.9462
2790,118.923,122.484,109.929,52.7428,36.0651,94.2048,27.9734
2820,118.791,119.7,110.833,52.0707,37.2547,97.0309,28.0113
2850,118.065,117.437,113.701,52.442,36.7032,94.3332,27.7788
2880,120.759,121.658,110.672,54.0764,37.1014,94.6975,27.3691
2910,119.702,118.667,111.479,53.9006,35.921,94.4862,27.5786
2940,118.352,119.659,111.502,52.4646,36.9289,97.3267,27.3635
2970,119.512,121.165,110.841,53.4592,37.3376,97.4021,27.8834
3000,119.186,116.956,110.808,52.7025,36.9327,94.4075,27.4245
3030,121.909,120.401,112.717,52.2256,36.9343,94.8515,27.7765
3060,122.916,124.903,115.904,53.8296,37.2993,95.9899,28.009
3090,121.789,125.481,117,52.7394,36.5367,97.1462,28.3147
3120,124.418,120.442,117.452,53.8552,36.0112,96.2985,28.2569
3150,124.23,121.911,116.511,52.4806,34.9759,96.1181,28.3939
3180,124.007,121.215,114.658,54.74,37.1297,96.6772,29.083
3210,123.554,126.816,113.88,52.1807,37.2976,101.73,29.3253
3240,124.783,124.69,113.838,54.1942,36.9981,101.744,29.9264
3270,124.808,126.631,116.852,52.8005,36.4414,107.528,30.5696
3300,123.431,122.24,115.663,52.1981,37.2383,109.71,31.1199
3330,125.17,127.435,116.995,52.9406,36.5838,111.488,31.7494
3360,122.869,126.369,115.451,54.8623,36.1585,109.343,31.3038
3390,124.746,121.259,116.481,53.2664,35.6977,112.063,31.4594
3420,125.83,123.485,116.869,54.4717,36.9962,108.828,31.2001
3450,124.957,127.536,117.017,53.1061,35.7994,107.223,31.0465
3480,123.798,123.353,114.636,54.3342,36.8605,111.615,30.8923
3510,125.066,124.653,116.81,54.6406,35.4456,108.362,31.1657
3540,127.007,127.461,115.554,54.9896,36.4432,107.805,30.781
3570,125.675,127.146,114.971,55.511,35.3724,108.001,29.7506
3600,125.269,124.28,114.671,53.5621,36.3575,109.52,29.0251
3630,125.658,123.274,114.635,54.4366,36.8629,107.565,28.7412
3660,123.579,125.616,116.794,55.2468,36.5338,109.662,28.2282
3690,124.053,121.49,118.07,52.4193,35.2396,108.371,27.4676
3720,123.697,126.118,114.9,54.3187,37.6336,105.555,27.2074
3750,121.601,122.462,114.79,52.4537,36.5019,109.249,26.7754
3780,121.45,124.466,118.353,53.8495,36.4417,106.808,26.8113
3810,124.297,123.199,114.811,52.3794,36.7489,108.675,26.8913
3840,123.009,121.605,117.695,53.5227,37.6986,108.694,26.8594
3870,120.864,121.794,115.089,54.5524,35.6832,107.711,27.4308
3900,123.419,125.816,115.1,55.5014,36.4511,104.244,26.9838
3930,124.915,122.796,115.594,53.7596,34.7819,106.763,27.2207
3960,121.852,124.195,118.243,52.8814,36.4767,102.835,27.0381
3990,124.779,125.158,114.122,53.914,37.1371,99.7665,27.03
4020,122.81,124.508,115.33,55.4657,35.3013,97.047,26.8101
4050,123.663,126.675,117.612,54.2453,36.2063,93.9891,26.3712
4080,99.2368,97.9259,92.6818,55.5008,37.156,92.1807,27.0981
4110,97.2631,99.6855,92.9681,55.4018,35.6262,89.4162,26.8776
4140,96.6474,101.164,93.9393,52.9309,37.4398,89.7009,26.7918
4170,97.8217,103.322,91.9202,52.5775,34.9439,88.9675,27.0329
4200,97.548,100.295,94.7375,52.7387,36.2783,92.7804,26.5597
4230,97.7691,99.4799,92.3161,53.6482,36.7839,88.2198,27.2208
4260,100.708,101.044,92.2698,55.2571,35.8125,89.9561,26.9249
4290,97.9579,100.589,94.9634,53.7411,37.3259,89.113,27.2372
4320,97.8131,103.425,92.0967,53.4362,36.2297,91.053,26.5397
4350,98.0959,102.681,94.5055,53.0856,35.9932,89.1623,26.5241
4380,92.3983,96.0482,88.2452,53.8371,36.8287,88.7075,21.1221
4410,95.7055,99.2499,90.9269,54.3112,37.4249,90.8893,21.0155
4440,94.9876,98.2086,90.01,54.4959,36.0331,92.3772,21.1035
4470,95.4317,97.1753,89.9753,52.4761,35.9986,89.5877,21.2799
4500,91.7731,96.1911,91.8169,55.3181,37.7835,88.7986,21.6671
4530,95.2992,98.9099,89.7243,54.3196,37.4689,91.621,21.3435
4560,94.6332,95.0007,88.4001,53.8976,34.9737,91.4897,21.0741
4590,94.0589,94.7684,89.0319,54.8233,36.9945,88.9148,21.7662
4620,95.8013,93.8022,91.5276,55.0193,36.1273,91.0938,21.7192
4650,94.8746,93.8592,89.9875,53.6628,34.8114,92.3617,21.5941
4680,93.4012,93.7406,88.8271,54.655,36.1536,92.3614,21.4815
4710,91.9965,94.6397,89.4989,55.4848,36.6695,92.2092,21.5505
4740,93.9931,97.9813,90.0907,54.1084,35.7126,90.1281,21.2452
4770,92.2263,99.4249,91.4201,52.7818,35.7951,92.4185,21.3924
4800,94.6323,94.4279,88.8464,54.7112,34.6807,89.7621,21.0497
4830,92.753,98.2192,88.2775,55.6099,36.5594,91.3103,21.6441
4860,94.3288,94.6825,89.3466,52.9602,36.2686,90.9321,21.3167
4890,94.3734,96.0486,90.6083,54.6967,35.4063,89.3018,21.6111
4920,94.3676,96.6486,89.9792,54.5343,36.9323,92.0789,21.7135
4950,93.8197,99.7087,91.6558,54.7229,36.9475,90.5822,21.3974
4980,84.2674,88.5799,81.4979,55.4447,36.0818,89.9314,17.9602
