Time,FC,PAS,PAM,PAD,temp,SpO2,FR
-1,88,132,95,80,37.1985,99,17
0,96.8,145.2,104.5,80,36.6777,99,18.7
30,95.7626,145.784,104.957,80,36.1569,99,19.0225
60,95.1217,144.758,106.27,80,35.6361,99,18.3133
90,96.6592,142.746,104.062,80,35.1153,99,19.0165
120,96.0146,141.983,102.624,80,34.5946,99,19.109
150,98.3344,144.921,102.712,80,34.0738,99,19.0279
180,96.7941,144.07,104.146,80,33.553,99,18.518
210,98.887,148.563,105.772,80,33.0322,99,18.4974
240,98.5247,144.175,104.209,80,32.5115,99,18.3784
270,94.9266,144.407,102.995,80,31.9907,99,18.6064
300,95.3058,148.282,106.383,80,31.4699,99,19.0919
330,95.3472,144.564,103.27,80,30.9491,99,18.3041
360,108.442,144.698,112.428,80,30.4283,99,19.0989
390,108.571,142.006,113.711,80,29.9076,99,18.5499
420,97.1017,144.797,116.025,80,30.7941,99,19.0148
450,95.2228,148.007,116.197,80,31.6807,99,18.8644
480,98.9959,144.725,102.354,80,32.5672,100,18.2948
510,96.3953,143.71,101.903,80,33.4538,95.6316,18.504
540,93.7967,117.508,82.9671,64,34.0058,93.0913,17.3652
570,94.8624,117.288,81.8021,64,34.8923,89.8295,17.3131
600,94.7191,116.906,84.8483,63.0953,35.9382,87.514,17.418
630,92.9216,119.945,85.526,63.6015,36.7783,79.8626,16.5708
660,88.3163,104.268,72.8851,54.9714,37.0029,76.3604,16.047
690,77.3916,99.8864,47.1595,54.0472,37.4674,75.8813,16.1955
720,76.5667,96.0406,48.0797,53.322,36.7849,95.0926,15.9773
750,75.7417,96.8348,48.6795,53.9111,36.5526,90.1846,15.4117
780,74.9167,97.0337,47.1017,54.1736,37.3735,86.0897,14.5912
810,74.0918,129.7,69.1886,53.8241,37.1299,84.775,14.9539
840,75.2649,129.009,68.7346,55.1947,36.546,80.8709,13.7053
870,72.8268,130.266,70.888,70.4598,36.846,75.5582,14.0653
900,73.9081,126.868,69.8234,70.3158,36.5919,79.6135,14.1496
930,78.403,127.26,91.3533,71.5495,36.1487,73.6873,13.8448
960,78.0472,124.375,89.6665,69.8429,36.228,72.2697,14.151
990,78.9551,124.844,89.6098,71.4391,37.1834,64.5382,14.2796
1020,72.0534,116,76.4662,60.4387,37.4765,63.0912,13.8443
1050,75.8117,120.281,86.4566,60.3463,37.1822,56.9744,15.4918
1080,78.4886,120.222,86.8223,59.057,36.1136,51.7124,15.4151
1110,76.1062,120.606,84.3945,60.8599,36.4232,49.6595,15.5955
1140,79.1524,117.924,86.01,60.5566,37.4847,48.6098,15.4443
1170,79.3882,120.154,88.4803,59.8952,37.4442,43.2626,15.5704
1200,78.6292,120.969,89.4953,61.0304,37.5569,40.8758,15.556
1230,72.7585,108.426,80.1406,60.8857,37.4752,38.1049,14.424
1260,73.3071,105.771,79.6862,60.3693,37.3848,31.3511,14.2132
1290,71.1998,104.996,77.7933,61.0698,37.7727,32.7285,14.4365
1320,71.5407,107.847,78.727,60.626,37.9202,32.6902,14.3523
1350,94.1955,135.758,101.715,58.928,37.674,32.7553,18.6784
1380,93.3642,135.549,103.043,60.0819,37.8262,32.7575,18.1944
1410,92.8797,139.596,101.673,58.9681,36.5731,33.007,18.2398
1440,91.0168,137.968,100.579,60.5746,36.3299,33.0506,18.4691
1470,90.4617,139.354,101.338,58.6938,37.5428,33.2458,18.2425
1500,92.7896,135.975,100.889,59.6019,36.2407,33.0101,18.079
1530,90.0207,136.415,101.132,60.3255,37.869,33.3463,18.6725
1560,90.9242,137.226,100.844,59.7433,37.5723,33.2594,18.2421
1590,94.07,140.116,103.421,58.6176,37.2781,33.2914,18.1627
1620,91.8362,136.31,101.82,58.6748,36.5168,33.5272,18.4109
1650,91.3136,139.757,102.264,59.3752,36.0815,33.6656,18.0834
1680,94.1861,139.138,100.026,58.9687,36.1505,33.4542,18.5229
1710,93.6379,138.746,100.074,60.5449,37.0572,33.804,18.6388
1740,90.6669,136.93,100.265,60.0844,36.8636,33.6503,18.535
1770,92.8133,137.167,101.02,61.0697,36.3542,33.781,18.2748
1800,90.5384,139.809,101.574,58.7346,37.0883,33.5976,18.2635
1830,92.4723,138.995,100.186,59.5754,36.6505,33.4515,18.1913
1860,93.6016,135.709,100.414,58.458,36.6452,33.4971,18.4793
1890,93.1224,139.406,101.378,59.4696,36.2267,33.6845,18.2991
1920,90.8881,138.411,102.702,59.4311,36.8246,33.4939,18.3824
1950,101.834,150.91,112.669,59.8531,36.6284,33.7789,20.3192
1980,100.308,152.699,110.362,59.6121,36.0849,33.5524,19.9699
2010,98.9863,150.371,110.041,58.5194,36.5818,33.6224,19.949
2040,99.175,148.596,112.617,59.9758,37.4228,33.6522,20.3137
2070,98.194,151.613,111.332,58.6291,36.7709,33.5532,20.0758
2100,100.598,148.921,111.787,59.1614,36.4428,33.7466,20.1508
2130,98.499,148.495,110.352,59.7836,37.2897,33.5553,20.0298
2160,101.735,152.021,109.61,59.1639,36.0789,33.7552,20.245
2190,100.844,149.889,112.642,60.726,36.4003,33.5503,20.3003
2220,100.048,151.065,111.688,59.004,37.6963,33.4958,19.9944
2250,97.9334,147.767,110.48,59.1448,36.3446,33.6031,20.1906
2280,101.164,151.773,110.873,60.3705,37.232,33.5652,19.6526
2310,100.385,148.77,112.813,59.3578,37.2147,33.7117,19.794
2340,101.117,148.017,110.214,59.3192,37.3685,33.7198,20.0349
2370,100.162,152.508,109.874,60.1541,37.8011,33.5511,20.2859
2400,97.9492,151.719,112.212,60.7712,37.1223,33.4535,20.066
2430,98.4516,149.973,111.878,60.6036,37.2452,33.6284,19.7625
2460,72.1957,108.656,81.1365,58.5045,36.6272,33.648,14.5298
2490,75.5239,109.013,83.1495,59.9445,36.5403,33.4351,14.421
2520,71.9104,109.189,80.2654,59.1068,36.3176,33.7708,14.3643
2550,74.1856,112.253,82.4468,60.7921,36.7962,33.5768,14.7546
2580,71.188,112.007,82.9005,59.1274,36.3621,33.5338,14.4804
2610,73.1006,111.706,82.22,59.6098,36.3825,33.679,14.281
2640,72.9402,110.834,80.6089,60.0176,36.1298,33.5845,14.8643
2670,71.7957,108.851,79.734,60.7037,36.5223,33.7268,14.7804
2700,73.8933,108.186,81.3362,60.1575,36.1919,33.5556,14.9056
2730,72.0522,110.516,80.5573,60.2009,36.9283,33.7918,14.347
2760,73.8745,110.338,80.2217,58.5117,36.5471,33.5797,14.7112
2790,77.2781,118.549,86.4046,59.5889,36.2414,33.6289,15.4369
2820,77.4871,115.927,84.7093,60.9884,36.8949,33.6187,15.6564
2850,78.2648,118.68,86.5116,60.3432,36.8931,33.7303,15.9427
2880,77.759,119.06,87.1241,59.7743,37.0553,33.5368,16.4457
2910,78.5663,117.221,84.7397,58.9827,37.6001,33.7609,16.8752
2940,77.2077,119.262,85.453,59.9216,36.5816,33.6349,17.136
2970,77.0614,119.441,84.9272,60.6862,36.9694,33.7915,17.3083
3000,76.932,116.364,85.1533,60.006,36.5874,33.7686,17.4273
3030,78.9626,115.28,87.3262,59.4193,37.3727,32.5496,17.8755
3060,77.0785,117.867,85.7347,60.5383,37.2063,31.258,17.6839
3090,78.0298,115.014,88.0693,58.7182,36.2357,29.864,18.2375
3120,75.9853,114.479,85.8528,60.4858,36.771,28.8464,17.729
3150,75.7137,116.48,86.2979,59.6334,37.1041,27.5405,18.1573
3180,73.3196,114.768,86.137,60.5131,37.4216,26.5489,17.9465
3210,73.0422,116.166,87.9646,59.0024,36.8935,25.4113,17.3912
3240,73.2382,119.453,85.6938,58.6588,37.8919,24.1217,17.5076
3270,73.2961,116.292,85.2609,59.0558,36.0983,22.8937,17.0293
3300,73.7953,115.214,88.0735,59.2295,36.8255,21.476,16.6984
3330,72.7912,118.321,86.3937,60.4729,36.2577,20.6009,16.3188
3360,73.5371,115.908,86.8005,60.1971,37.576,19.3094,16.2096
3390,69.4299,106.952,79.5622,60.5061,37.8153,18.2119,14.8884
3420,72.5006,118.348,92.1604,70.8127,36.8594,16.9125,15.0357
3450,79.8186,127.549,93.3507,69.9815,36.414,15.6865,15.2093
3480,81.4356,125.517,93.6335,70.5404,37.7964,14.3325,14.7444
3510,80.9863,127.181,93.8415,70.2928,37.6135,13.2764,14.7133
3540,81.8671,124.445,90.8085,70.4775,36.7396,12.1037,14.8191
3570,83.2976,122.875,90.9397,70.0945,36.2641,14.4402,15.1333
3600,84.8857,123.8,91.9386,71.5009,36.5141,21.1686,15.0912
3630,84.5447,127.171,93.9779,69.083,37.0368,22.7719,14.6
3660,81.6657,125.856,92.4969,69.5506,36.6071,25.5831,14.8355
3690,84.6513,123.845,94.0746,69.5151,36.2161,23.5446,14.8506
3720,83.4323,123.11,91.682,70.3064,36.8852,29.0841,14.9319
3750,83.7327,125.916,91.9077,70.2723,37.1925,29.4194,15.058
3780,81.7482,122.986,93.6086,69.2144,37.5589,32.0529,14.9292
3810,81.6245,123.788,94.2226,68.5899,37.1374,38.4632,14.7853
3840,83.6432,127.471,93.4814,69.262,36.3188,37.9027,15.1045
3870,83.3513,126.504,91.9839,69.2691,36.96,44.7544,15.0986
3900,81.5983,122.593,92.675,69.1578,36.4209,46.452,14.8436
