Time,FC,PAS,PAM,PAD,temp,SpO2,FR
-1,100,178,130,103,37.1659,92,26
0,110,195.8,143,103,36.6456,92,28.6
30,108.241,195.426,139.678,103,36.1253,92,29.2479
60,111.345,195.093,142.684,103,35.605,92,29.2229
90,112.655,194.042,143.628,103,35.0846,92,28.4929
120,107.533,195.237,144.355,103,34.5643,92,28.5172
150,109.28,198.396,140.537,103,34.044,92,28.8622
180,111.094,199.207,140.47,103,33.5237,92,28.3464
210,111.031,195.037,144.784,103,33.0033,92,29.1285
240,107.695,193.819,140.791,103,32.483,92,28.8112
270,107.766,193.92,140.077,103,31.9627,92,28.1719
300,108.49,192.109,146.324,103,31.4424,92,28.7926
330,107.604,199.269,142.883,103,30.922,92,28.1155
360,120.932,193.619,157.877,103,30.4017,92,29.165
390,118.848,195.803,155.098,103,29.8814,92,28.5289
420,123.45,193.467,159.128,103,31.0678,92,28.6161
450,118.46,195.116,159.794,104.635,32.6451,92.6768,28.8694
480,108.655,195.414,141.367,104.846,32.5269,93.8075,28.1677
510,108.971,195.019,145.092,102.131,35.3708,100.143,28.3523
540,110.899,197.682,144.635,105.073,35.0216,94.3338,27.7321
570,111.496,158.875,115.681,80.2118,37.3912,92.0229,27.5076
600,109.941,153.348,118.331,82.3774,36.5392,87.8762,26.78
630,107.68,154.693,114.815,81.0429,37.5117,85.5913,25.6789
660,104.759,150.149,115.291,82.2587,37.4345,77.7166,25.5141
690,103.573,155.181,111.181,82.0756,37.6028,76.2905,25.7646
720,98.005,141.268,94.0584,68.7289,36.5754,71.2901,25.093
750,83.4129,138.875,65.8327,69.5463,36.6644,69.8471,23.8798
780,86.105,127.764,62.8474,70.8552,36.9204,87.934,22.4161
810,83.6149,125.296,64.2903,68.2265,36.7918,82.1891,23.0267
840,79.9621,174.871,93.6031,68.9497,37.6872,81.1096,21.602
870,82.4419,172.502,93.5169,70.7817,36.3107,74.2376,21.0293
900,79.826,171.047,93.4045,70.5244,37.4571,73.8143,22.4255
930,80.8807,166.642,91.4619,66.9942,38.3711,67.687,22.0826
960,82.0001,169.902,93.6552,90.7739,38.0524,69.5442,20.999
990,88.2089,171.935,121.59,90.0445,37.7853,65.9811,21.162
1020,85.1852,169.492,118.98,91.6997,35.8651,59.2442,20.6539
1050,87.8335,172.001,120.648,89.4604,37.4324,58.3045,20.9923
1080,83.9755,155.162,100.811,76.7197,36.994,53.8079,20.6253
1110,87.4927,154.262,114.49,75.8397,37.444,51.9868,23.4683
1140,85.3528,153.289,115.142,75.0286,37.5412,45.2369,23.6123
1170,89.1541,158.636,113.192,77.5973,37.4184,41.1072,23.2922
1200,87.7012,155.174,112.526,77.649,38.7041,40.594,22.9845
1230,103.305,188.21,139.943,76.8643,36.9125,34.8477,27.6848
1260,92.6279,178.033,124.779,78.4179,36.8879,33.5105,27.6588
1290,90.2859,178.836,127.648,75.1597,36.4638,29.6216,27.6503
1320,90.4741,177.393,127.67,75.3449,38.6406,28.5723,27.59
1350,90.1774,179.567,126.483,75.5729,35.8819,27.3098,28.6666
1380,90.2586,181.077,128.193,76.395,37.4288,28.1601,28.142
1410,89.967,179.062,127.01,77.4131,37.2915,30.7077,28.432
1440,92.4692,180.894,123.553,77.5789,37.2439,30.6941,28.271
1470,89.3771,178.903,128.077,75.6002,36.6596,28.5037,28.3669
1500,93.2486,177.825,124.479,74.8831,36.9032,30.232,27.9681
1530,106.045,195.58,141.176,76.6596,38.6047,28.785,30.3545
1560,107.645,195.466,143.155,77.7471,37.5448,29.3489,29.6994
1590,108.243,195.57,142.867,78.5898,37.7034,30.7426,30.1978
1620,109.779,199.978,144.298,74.3943,37.04,29.2064,30.4163
1650,108.641,196.32,142.367,76.9262,36.8832,29.025,30.3877
1680,109.952,199.019,143.502,78.3514,36.9684,27.8466,30.2241
1710,106.859,196.493,143.738,78.286,35.9726,29.9674,29.635
1740,106.355,194.343,141.172,77.8703,36.8961,30.5096,29.7749
1770,109.568,199.946,144.752,74.9286,36.2701,31.8628,30.0854
1800,109.615,196.154,142.83,78.0811,36.6163,29.9186,30.3023
1830,109.747,193.277,143.74,74.5072,35.8303,28.1861,30.1459
1860,106.65,194.189,142.546,77.572,37.8792,32.1336,30.0792
1890,109.39,198.568,143.812,75.7881,37.4291,31.5105,30.3362
1920,109.666,194.511,143.656,75.3943,36.2775,32.0068,30.1829
1950,105.812,196.768,143.793,76.0416,37.2996,32.0459,30.4637
1980,109.484,194.958,143.643,76.1958,36.2511,31.9296,29.5962
2010,112.994,203.606,150.282,74.457,37.0299,31.1272,31.158
2040,113.673,202.02,148.973,74.353,35.5235,30.3582,30.6518
2070,114.298,200.951,152.415,74.5285,37.7499,31.7501,30.9771
2100,116.511,203.041,149.083,74.9522,36.5981,28.5064,30.372
2130,114.314,203.844,149.3,76.273,37.7463,29.1504,30.27
2160,112.751,202.865,148.716,76.3678,36.6875,31.7815,31.2034
2190,115.512,204.829,153.163,76.8148,36.917,28.9694,30.5619
2220,112.927,202.735,150.739,74.8108,36.6435,28.8844,31.195
2250,112.573,202.935,150.163,77.7677,36.4737,31.6803,30.7212
2280,112.084,206.687,153.109,76.1174,37.1174,29.1744,30.4798
2310,113.989,201.649,152.532,77.6222,34.9609,28.0782,30.4795
2340,114.073,203.848,150.2,77.8703,36.099,31.0543,30.5111
2370,116.633,200.079,148.792,75.4594,37.6752,31.0852,30.9914
2400,115.651,204.756,149.057,75.4187,36.3248,30.0095,31.1565
2430,115.062,202.054,151.557,77.2241,36.7057,31.9813,31.1098
2460,112.919,201.686,151.633,75.7281,36.9244,30.4812,31.1182
2490,113.718,204.804,148.868,74.4813,37.2254,31.1708,30.5745
2520,115.647,210.31,153.429,77.9053,35.3549,30.928,31.6185
2550,115.272,205.995,153.505,77.3075,37.4797,30.075,30.811
2580,117.114,204.689,153.085,76.691,35.7818,29.4374,31.5266
2610,117.086,207.118,154.888,75.4294,36.2789,30.4257,31.3202
2640,115.703,204.814,152.941,77.2619,35.4135,30.5267,31.2482
2670,115.739,205.102,151.71,76.0774,37.3376,30.4725,31.1416
2700,117.658,204.353,155.29,75.5965,35.6448,28.3136,31.7302
2730,117.143,211.411,151.301,78.4032,37.1572,30.4998,30.8073
2760,117.698,204.437,154.018,74.4931,35.6831,30.4131,31.5575
2790,115.816,210.459,150.852,74.8158,36.9004,30.1141,31.2863
2820,117.04,208.011,153.842,78.0719,37.5902,31.3018,31.4253
2850,117.229,211.83,152.748,75.7078,35.9543,29.269,31.4055
2880,114.158,205.131,153.101,75.5232,35.4546,32.0768,31.713
2910,118.029,212.949,154.873,75.9245,36.5786,31.1609,31.2481
2940,117.909,208.279,151.672,76.6982,36.8178,27.91,31.8878
2970,118.248,208.966,151.947,76.2995,36.696,32.0801,31.5114
3000,117.919,208.651,155.127,78.0932,37.0725,30.5175,31.8581
3030,119.805,208.824,154.708,76.0602,37.0574,30.8536,32.7092
3060,121.333,212.013,152.024,78.9585,36.5441,31.918,33.3176
3090,121.592,206.205,151.864,75.5218,35.9371,31.098,33.409
3120,121.522,209.647,151.748,79.1132,36.3993,29.2451,33.7883
3150,120.735,205.712,153.481,79.0587,35.6102,30.2533,34.6811
3180,125.449,210.836,153.302,78.1926,36.6203,29.4835,35.5046
3210,123.638,209.118,155.422,79.4102,36.2886,28.782,36.5197
3240,122.964,207.582,156.489,76.4842,36.7014,29.4721,36.0625
3270,125.373,211.274,156.605,78.681,36.8565,28.5746,37.3646
3300,125.769,209.312,153.949,75.6429,37.263,31.0821,37.2116
3330,127.077,208.742,152.091,78.6419,36.5871,31.6257,38.679
3360,127.356,211.256,152.782,77.3832,35.5242,29.4529,37.3086
3390,125.144,209.664,152.623,75.7677,35.1779,29.7169,36.4548
3420,126.58,207.79,153.716,77.673,34.827,27.6117,35.8446
3450,123.966,211.048,152.956,76.9262,34.5481,24.8409,35.2646
3480,124.213,209.36,152.372,78.708,35.886,23.1273,34.3007
3510,124.762,209.927,156.02,76.5123,36.552,23.9641,35.1748
3540,101.14,172.911,122.756,78.9527,36.096,21.528,34.457
3570,99.091,169.504,122.141,77.602,36.1776,19.7679,33.4587
3600,99.4893,167.504,123.192,79.2213,35.2235,19.6134,32.5259
3630,98.06,172.628,124.905,77.2412,35.5127,17.0099,31.6441
3660,94.1225,166.901,122.261,76.2613,35.2013,19.7566,31.3485
3690,96.6324,172.379,122.863,77.4314,35.5788,18.9645,30.0584
3720,95.338,166.727,122.398,77.9824,36.4485,17.7751,30.3686
3750,94.2233,169.286,126.496,78.6783,37.5314,16.9626,30.8932
3780,93.1421,165.633,122.751,76.173,35.3089,15.1554,30.3161
3810,96.7981,165.415,126.478,76.1444,36.7249,11.8064,29.9664
3840,87.1273,160.107,121.08,78.0932,37.3421,9.46003,22.5746
3870,87.6947,156.642,118.423,78.9721,36.5913,11.5512,22.3909
3900,88.0028,163.946,119.665,78.0556,36.7839,6.97239,23.2422
3930,88.3471,164.005,118.511,78.1718,36.9932,9.18473,23.15
3960,87.0265,160.232,120.358,79.2961,35.9185,9.65324,22.5255
3990,90.1769,160.506,118.541,78.1171,35.7096,14.7678,23.2184
4020,91.3659,158.992,120.625,79.2116,36.7867,17.4085,23.1962
4050,89.8772,157.419,120.659,77.1025,36.4308,17.2072,22.9902
4080,90.9851,163.645,121.03,75.1505,35.5896,19.5934,22.5139
4110,89.4526,160.606,122.484,76.1929,37.0248,21.5006,22.7131
4140,87.8218,162.892,119.673,78.6096,35.9885,27.6979,22.3355
4170,89.0843,159.365,120.494,75.8513,37.5626,32.1441,22.8832
4200,90.9041,161.276,120.713,77.0762,37.3888,35.0982,22.4029
4230,89.1613,162.396,119.742,75.2011,36.7844,37.5507,23.1144
4260,89.0248,163.815,120.797,79.2405,35.6824,39.3124,23.0205
4290,90.4661,161.949,122.152,77.3918,37.1428,43.2825,22.7295
4320,88.9742,162.828,122.254,75.5509,37.1514,47.5591,22.4712
4350,89.0441,162.349,118.9,75.5805,36.5799,54.2823,23.1184
4380,90.2459,161.301,121.548,75.1585,36.1151,57.0703,23.0356
4410,89.7243,161.989,119.022,76.1927,36.2857,60.6079,23.271
4440,77.7921,145.076,104.559,75.3622,35.893,62.2473,19.4763
4470,81.5196,155.924,125.675,89.7165,36.843,66.2054,18.6254
4500,87.8704,164.4,121.317,89.8525,36.2288,69.651,19.2999
4530,88.0152,167.926,125.586,87.9629,35.9406,72.242,18.9554
4560,87.1978,164.476,123.054,90.9484,36.9416,78.6063,19.3245
4590,87.022,168.144,122.117,90.6668,36.7408,79.6199,18.6923
4620,89.2699,170.385,124.392,91.5191,36.081,82.3935,18.9769
4650,88.617,167.787,123.488,90.9798,36.249,83.9824,19.3363
4680,89.3401,168.203,123.603,89.3964,35.7316,87.4794,19.424
4710,89.6712,166.476,123.674,89.7521,35.4185,93.5084,19.5684
4740,87.1094,166.185,125.322,88.4144,36.3745,93.2622,18.7311
4770,86.2163,164.355,120.889,89.7506,36.4346,91.5676,19.2932
4800,89.6543,169.54,121.603,89.0735,35.2775,91.2022,18.5612
4830,89.1318,169.041,123.679,91.4215,35.3391,94.3857,19.1864
4860,88.5916,169.111,124.966,88.2505,35.9977,92.0329,19.1465
4890,88.4578,166.056,121.348,89.6719,36.36,91.2973,19.1547
4920,86.4456,165.947,125.588,88.9804,36.1179,92.1045,19.1395
4950,89.8023,170.555,123.259,88.1997,35.6059,93.9228,19.5757
4980,86.109,167.778,121.555,89.8001,35.6192,90.8108,19.381
5010,89.383,165.314,122.575,90.0107,36.0849,91.0759,19.1027
