Time,FC,PAS,PAM,PAD,temp,SpO2,FR
-1,101,154,105,84,36.9749,91,26
0,111.1,169.4,115.5,84,36.4572,91,28.6
30,111.873,171.699,117.228,84,35.9396,91,29.2421
60,110.768,172.989,114.404,84,35.422,91,29.279
90,112.23,173.123,116.659,84,34.9043,91,27.9872
120,111.081,166.423,112.99,84,34.3867,91,28.1376
150,113.386,169.26,116.485,84,33.869,91,28.3831
180,111.983,168.688,113.31,84,33.3514,91,29.2032
210,110.596,170.82,117.501,84,32.8337,91,28.4376
240,112.18,167.394,114.501,84,32.3161,91,28.3279
270,110.914,171.712,115.253,84,31.7984,91,29.2643
300,112.247,169.557,115.206,84,31.2808,91,28.2079
330,112.352,167.325,116.312,84,30.7631,91,29.1264
360,123.824,166.21,127.344,84,30.2455,91,28.023
390,119.574,169.707,126.315,84,29.7278,91,28.7932
420,111.865,168.542,126.606,84,29.9875,91,27.908
450,109.783,172.237,128.592,84.84,30.5471,91.91,28.8927
480,109.525,167.949,118.119,85.8559,30.6308,91.3401,29.0015
510,109.985,168.927,115.927,83.6533,31.4919,102.726,28.2529
540,113.393,175.076,117.328,83.7206,31.025,97.1779,28.8434
570,112.817,134.209,90.6135,69.6087,30.9658,91.5899,27.4514
600,111.103,135.912,95.8476,67.2972,31.2058,89.0876,27.1558
630,110.025,139.504,91.3202,68.5324,32.262,84.6134,26.5517
660,107.724,133.849,95.0646,67.4544,32.733,83.5764,25.4416
690,107.487,134.356,93.696,66.7805,32.5173,77.1949,24.4858
720,98.0852,121.369,78.4486,59.1098,32.7212,73.6966,24.712
750,87.3109,117.972,52.3123,58.8828,32.4785,70.4617,23.7557
780,82.5899,113.098,52.8468,56.9786,32.7226,88.3447,22.7721
810,80.9045,117.197,51.0452,59.0358,34.3211,82.3721,23.3677
840,82.8899,114.002,51.5694,59.4639,34.0543,77.2837,22.8974
870,82.7205,113.55,52.1572,55.7933,34.3648,73.0272,21.559
900,79.7787,113.327,54.5813,74.4802,34.294,73.5106,22.198
930,81.3369,113.034,52.2677,75.4295,34.2612,67.9637,21.5209
960,79.8987,146.005,77.523,74.6874,35.3094,69.2723,21.4233
990,87.6933,146.911,101.394,75.1946,34.8963,63.9444,21.4956
1020,87.7644,145.225,96.7432,75.7315,36.3274,58.7749,20.9129
1050,85.2629,141.392,96.9568,75.0233,35.8529,58.2826,20.993
1080,83.447,132.943,86.1297,64.0472,36.1307,54.0848,20.8386
1110,90.3741,136.023,94.4669,63.2668,36.1251,50.0069,22.7733
1140,86.8748,131.944,91.8694,64.926,36.8703,45.8144,23.5029
1170,87.4175,136.32,92.5361,63.4552,37.2268,42.8779,22.7789
1200,90.6775,134.696,95.9959,63.027,37.5811,39.8805,22.7289
1230,105.042,161.88,116.241,64.7329,38.1238,34.8278,27.9601
1260,89.8447,158.771,102.371,62.1546,38.2381,30.2045,27.6548
1290,92.1369,155.467,97.915,64.2834,37.3961,28.6045,27.8734
1320,93.2095,151.594,102.003,63.3032,38.0331,29.5082,27.4055
1350,78.2273,123.402,86.308,61.1447,38.5634,27.2173,20.9041
1380,80.9469,124.786,87.0205,63.2364,38.0474,28.5007,22.149
1410,102.955,159.648,109.51,64.1695,37.3381,28.4264,27.8787
1440,110.349,176.786,117.731,63.9166,39.0219,30.873,29.761
1470,114.845,181.111,123.42,62.5977,39.0254,30.9736,30.7651
1500,116.565,176.815,123.877,61.6975,38.3776,27.2929,31.1609
1530,92.2737,145.278,102.622,62.5416,37.3691,31.1849,24.6727
1560,92.7555,143.614,103.535,61.8451,37.6867,31.3492,24.3572
1590,93.3188,148.21,100.245,63.4234,38.1212,30.7745,24.4434
1620,94.7459,147.092,101.776,61.5526,38.7759,27.6817,24.9293
1650,81.0181,122.147,84.7974,63.2678,38.6576,31.3852,20.6338
1680,81.932,124.986,83.255,61.1132,37.5943,27.6315,20.6636
1710,79.7445,118.098,83.9077,64.1271,38.9278,30.3226,20.7827
1740,79.595,121.898,84.839,60.8529,37.6497,27.5057,20.4799
1770,77.7809,119.327,85.6696,63.8072,37.9898,30.9778,20.6248
1800,86.0021,135.653,92.4577,61.8666,38.3044,29.7483,22.7323
1830,72.2429,107.668,76.2582,62.808,38.4531,27.2786,22.6398
1860,71.2205,108.078,76.3793,61.928,37.5072,28.035,22.6662
1890,70.1566,104.261,75.1251,64.0004,37.9504,27.7305,22.9297
1920,67.0003,110.128,76.9779,62.2062,38.381,27.721,23.0954
1950,69.3653,107.833,77.9379,62.3326,37.6817,30.0584,23.4502
1980,67.7735,107.588,72.7472,64.6031,37.7029,31.0009,22.5056
2010,70.6771,102.24,74.9625,61.751,37.5426,31.6917,22.2466
2040,71.6309,102.956,74.983,64.3307,37.1124,28.4519,22.5076
2070,71.7215,105.432,76.9185,61.9411,37.1371,30.5331,23.1622
2100,69.7511,105.122,75.1168,63.4997,37.0017,30.0934,23.0278
2130,85.0864,130.342,92.9839,61.2519,37.8734,28.1676,23.2206
2160,87.3484,128.055,90.5031,63.6667,37.5171,30.9856,23.4734
2190,85.0361,127.274,92.8339,61.9984,37.8708,29.4657,23.5317
2220,86.2812,128.313,89.6874,61.4538,38.0146,30.4954,23.8686
2250,86.3965,129.406,90.6061,61.3457,38.4399,27.6376,23.0859
2280,84.8087,129.041,92.1305,61.852,37.8486,31.5365,24.0564
2310,87.6424,132.987,91.2991,62.2436,38.5218,28.0279,23.6322
2340,85.2297,132.168,89.6396,61.3668,38.5551,29.1598,23.16
2370,85.8604,127.677,89.0255,61.927,37.8019,29.3787,23.3102
2400,84.9485,131.284,92.5371,64.2834,38.4918,28.4121,22.8547
2430,85.339,128.22,88.4927,62.471,36.8226,29.4939,23.7892
2460,88.0252,132.22,90.8078,62.6764,37.4994,29.9651,23.5662
2490,84.6452,126.695,94.0343,64.8454,37.1539,27.2565,23.0664
2520,87.0177,130.578,92.4483,61.7087,36.9209,28.6406,22.8072
2550,82.8645,131.351,89.2063,63.1167,38.2548,27.9897,24.0793
2580,87.5681,132.149,92.8362,64.4322,37.4367,27.6764,23.2239
2610,87.2258,132.442,94.1165,61.6372,38.1309,30.9157,23.0616
2640,82.7428,133.425,90.9055,64.2859,37.3276,27.4679,22.9452
2670,85.3057,129.602,88.9941,63.0917,36.6502,28.3501,23.062
2700,87.5878,130.031,88.7069,64.0786,36.9021,30.7526,23.8342
2730,80.9449,125.879,88.1419,62.7066,37.7921,31.1029,21.6413
2760,84.9905,134.11,101.178,73.1732,37.5899,28.0629,21.2256
2790,92.4036,140.665,98.5566,72.9752,37.8252,29.3912,22.1311
2820,91.3312,144.759,96.6056,73.7172,36.9103,27.7825,21.2219
2850,89.6971,146.229,102.157,75.4674,38.0193,31.2027,21.2704
2880,90.3658,144.718,102.303,75.4359,37.238,30.5753,21.3708
2910,93.2027,146.42,100.872,75.3277,36.7908,27.6629,21.2305
2940,92.7581,143.486,97.9625,74.0474,36.9914,28.7556,21.0131
2970,90.8921,142.53,99.2325,75.5115,37.0516,29.0724,22.0425
3000,89.1397,140.957,97.7416,74.6977,36.3813,28.1054,22.3267
3030,90.5027,146.499,96.9228,73.618,37.9557,31.0749,22.4971
3060,88.4644,146.828,100.967,71.7535,37.3409,27.2809,23.4239
3090,92.9952,141.972,101.713,73.7545,37.8753,28.7061,23.7336
3120,89.3305,145.345,98.9341,73.9203,36.3717,33.7276,24.0834
3150,88.33,146.467,96.774,74.1925,37.7715,35.0905,24.3801
3180,91.7741,139.61,100.238,75.2481,38.1016,39.34,26.083
3210,90.905,142.484,100.75,73.7642,37.5736,43.6831,25.4133
3240,90.9243,146.48,100.462,75.2604,37.2803,49.5038,26.5305
3270,91.0752,144.845,102.081,74.6224,37.1204,52.5537,26.9741
3300,89.2234,139.798,100.403,71.5845,36.3304,52.6902,28.2871
3330,87.0758,143.194,102.668,74.1111,37.6448,56.3158,27.2263
3360,88.6822,149.4,100.034,71.6951,37.2027,59.493,28.1007
