Time,FC,PAS,PAM,PAD,temp,SpO2,FR
-1,131,75,59,43,35.4627,93,27
0,144.1,82.5,64.9,43,34.9662,93,29.7
30,146.546,82.3444,64.4955,43,34.4697,93,29.7982
60,147.452,81.5189,66.2642,43,33.9732,93,29.9143
90,144.286,80.9984,64.4261,43,33.4768,93,30.2293
120,146.413,81.2358,65.0006,43,32.9803,93,29.9589
150,141.445,81.5322,64.2801,43,32.4838,93,29.7106
180,144.134,82.6326,66.42,43,31.9873,93,29.1704
210,143.712,83.6137,64.5901,43,31.4909,93,29.6082
240,140.59,80.7527,65.1374,43,30.9944,93,28.9651
270,142.106,82.1581,63.9189,43,30.4979,93,29.3661
300,143.586,83.9431,65.0283,43,30.0014,93,29.3024
330,142.261,82.1311,65.7547,43,29.5049,93,29.8013
360,157.292,83.4725,70.9537,43,29.0085,93,30.2759
390,156.159,80.9169,72.9787,43,28.512,93,29.7881
420,146.085,83.3389,66.4429,43,28.8385,93,29.9907
450,143.673,84.3989,65.104,41.5602,29.8413,94.8103,29.8685
480,141.071,84.552,64.2786,44.4752,29.6366,92.4817,29.145
510,142.033,83.5001,62.5064,44.2487,30.2792,101.891,29.2851
540,143.26,83.1389,64.9003,43.4101,30.6126,95.5346,29.3079
570,143.419,68.3029,50.4452,35.1563,30.934,92.9364,27.7544
600,139.879,64.3295,52.7932,32.9245,29.9623,89.1909,27.6205
630,137.743,64.9869,50.2993,33.5982,30.0991,83.6947,26.6111
660,136.365,66.5078,52.3015,33.0712,31.3463,82.1144,26.5229
690,136.011,63.8712,50.9737,34.3489,32.0848,76.7196,25.9941
720,190.521,36.2031,51.8302,19.7444,31.4011,76.8233,25.602
750,191.058,31.7158,50.5226,20.7558,31.9941,84.884,24.0489
780,187.712,33.975,53.5596,19.2145,33.0092,82.2776,24.2828
810,185.604,35.2541,51.3283,20.3038,32.8639,79.2166,23.935
840,179.531,31.9707,53.4842,21.5071,32.7505,72.9989,22.6131
870,183.974,33.7834,50.5377,21.3093,34.035,69.1605,21.8913
900,184.331,37.8825,52.4794,20.8234,34.1514,69.5957,21.8023
930,182.962,33.078,50.9679,20.1381,34.6728,66.0908,22.1459
960,182.516,49.9415,68.1137,29.4554,34.5843,60.269,21.6289
990,182.704,48.9649,64.2508,27.8682,36.0542,54.8862,22.0634
1020,180.812,46.9282,63.782,30.3589,35.2004,54.0936,22.0268
1050,189.524,51.4109,64.7096,28.7283,36.3217,49.989,22.9924
1080,180.261,48.7625,63.2857,28.5885,36.1055,48.4316,22.3156
1110,182.884,49.196,65.2967,30.5001,36.925,40.242,23.0577
1140,183.656,49.2167,65.149,28.0368,36.1069,39.1895,21.7638
1170,181.389,48.623,66.1506,28.7949,36.6804,34.4907,22.7103
1200,185.161,52.0192,66.4104,29.3465,38.0318,29.7684,22.9172
1230,126.215,75.5898,66.8906,37.8159,36.9279,28.4921,21.8311
1260,125.441,65.661,52.1896,30.8887,38.4702,22.7011,22.491
1290,110.694,55.1447,39.2974,31.164,38.1176,20.3974,21.9191
1320,111.46,60.9025,38.421,31.8496,37.083,79.5623,22.7688
1350,112.889,60.5506,38.9638,32.976,37.5914,79.7788,22.3841
1380,110.852,58.8804,35.9077,32.4737,37.7781,77.8938,22.9706
1410,113.698,62.1956,37.4867,32.6583,37.5365,81.0254,22.2298
1440,110.69,59.6946,37.7877,30.9331,36.4841,80.0425,21.8891
1470,113.519,57.6327,35.7947,31.4213,38.1032,77.3487,21.7582
1500,110.903,55.4576,38.4092,32.4246,38.0385,84.3052,22.3468
1530,120.506,56.5757,51.8168,31.9712,36.7399,85.0692,21.8773
1560,118.619,58.4039,49.8509,30.7799,36.2771,81.3233,21.871
1590,119.321,56.2051,51.2107,32.5668,37.4879,84.4449,22.1626
1620,113.325,50.3228,43.956,28.3218,37.2214,81.5265,22.1172
1650,121.496,52.6113,47.3647,28.0747,37.379,86.1337,24.1042
1680,122.241,49.227,48.4499,28.3586,36.9998,81.6277,24.3958
1710,122.713,51.7006,48.793,27.6724,37.2407,82.978,24.501
1740,120.615,53.8512,50.386,26.7484,38.5901,86.1129,24.145
1770,146.649,60.8066,58.9791,27.6896,37.4337,86.0004,29.5863
1800,126.524,49.8304,46.6475,27.5552,37.9078,83.2167,29.512
1830,126.312,52.9537,45.202,28.6749,38.1234,85.9589,29.2956
1860,127.27,52.5906,46.5521,26.3038,37.5057,84.0305,29.2097
1890,127.932,52.2139,47.2514,27.2685,38.0732,82.3718,29.7089
1920,129.336,52.8538,46.3871,27.6741,37.7996,82.4287,29.4533
1950,128.463,50.8238,46.1707,27.6129,37.8919,89.6345,29.3512
1980,126.435,50.5153,46.3242,28.11,37.033,89.7471,29.3976
2010,128.546,51.6642,47.9602,27.3846,35.9223,87.7081,29.2377
2040,129.175,53.9216,47.4216,26.8076,38.6509,89.6063,29.458
2070,149.856,62.3736,57.6985,27.109,38.2431,89.2577,31.7387
2100,149.545,62.1816,59.4402,26.5315,36.5035,88.6824,31.8623
2130,151.851,63.8711,59.2932,26.4823,38.1563,87.2677,31.5791
2160,151.62,61.406,60.6615,28.1191,36.6231,86.8417,31.5807
2190,151.772,62.9625,61.0839,27.7192,37.0852,87.4707,31.6653
2220,151.775,66.2386,60.873,26.5808,36.7582,86.6031,31.4508
2250,148.605,64.9929,59.3398,27.9867,38.0061,86.5865,31.6192
2280,151.935,61.0207,58.6358,26.1643,37.5971,88.5521,31.672
2310,148.359,63.9728,58.45,26.8601,36.8591,90.4171,31.3915
2340,150.631,65.8861,59.0692,28.7534,37.0847,86.7946,31.555
2370,149.796,65.2882,58.0161,26.0987,37.0301,88.7637,31.6554
2400,150.049,60.6718,60.3036,26.4467,36.8594,89.7837,31.6374
2430,151.666,61.6161,61.1312,26.3887,38.3429,87.3494,31.5607
2460,151.3,65.5559,59.1033,26.5491,37.2523,88.9792,31.8054
2490,150.143,65.967,61.2391,26.3061,36.7255,89.4113,31.7329
2520,150.642,63.8628,61.2192,26.6184,38.1784,89.7812,31.7621
2550,160.518,69.4805,66.8582,28.4096,37.0419,87.1382,32.5344
2580,157.661,69.3304,66.057,27.9482,36.8073,88.4083,32.1936
2610,158.38,68.0032,63.3962,27.974,37.0244,87.8469,32.6919
2640,158.674,67.3064,63.1365,27.0175,37.1761,86.4958,32.3571
2670,159.706,65.8726,63.2964,27.435,36.8069,85.9472,32.6594
2700,157.852,69.9952,64.7321,28.1454,35.7377,89.2814,32.6745
2730,159.224,70.1015,64.8701,28.3699,38.2529,88.8184,32.3967
2760,158.52,69.1736,65.7568,28.0289,37.8648,85.4596,32.4814
2790,157.458,65.4087,62.8143,28.0424,36.0884,88.0019,32.6967
2820,156.974,70.5177,65.2562,27.1151,35.5703,86.5819,32.6055
2850,157.99,69.0281,64.9399,26.3279,36.4751,87.9453,32.2907
2880,160.41,65.9992,66.4144,27.9088,36.6793,86.2958,32.3747
2910,157.009,65.7041,62.9153,27.695,36.2469,87.7334,32.3666
2940,158.858,65.0206,65.6843,27.6366,37.2457,86.8763,32.6257
2970,159.365,69.4797,66.3791,27.0728,35.4462,88.303,32.7781
3000,159.125,67.3791,65.4891,28.2209,36.8941,85.8536,32.4109
3030,156.977,65.3245,66.7791,26.8381,36.7331,88.3981,32.3049
3060,161.265,67.0174,68.2624,28.7927,35.2464,88.7519,32.981
3090,162.64,68.4468,66.4094,28.7275,37.9835,89.8397,32.7792
3120,160.714,68.518,66.4132,28.1648,36.011,85.7683,33.3056
3150,161.248,65.6134,68.0234,26.583,35.9636,87.1657,34.273
3180,162.879,66.1783,69.0243,28.5833,35.9599,89.0294,34.3464
3210,162.592,65.6838,69.3398,26.3056,37.7786,88.2374,35.0717
3240,164.962,70.6616,69.3379,28.499,34.9631,86.1777,35.9666
3270,165.13,70.5242,69.1026,27.8114,35.0429,87.9808,36.537
3300,167.538,68.1611,67.3901,27.8299,36.5735,88.5015,36.81
3330,168.398,69.2153,65.9825,26.5815,36.4349,87.3527,37.8582
3360,169.522,67.8224,67.8587,28.5141,36.3753,84.9062,37.441
3390,169.522,68.1438,69.3319,28.1083,36.3234,80.8478,37.5932
3420,170.423,70.3648,67.477,28.7149,36.2883,80.9885,36.9362
3450,169.546,66.149,66.545,26.5077,36.8937,77.9089,36.8315
3480,170.389,68.8046,65.5501,27.1606,35.7225,73.9267,36.3761
3510,169.864,69.8012,67.0581,27.654,35.8147,69.433,35.7394
3540,166.791,71.2976,68.7102,27.2471,37.5515,66.722,34.8146
3570,166.565,70.2612,68.6401,27.5919,36.3313,64.8759,33.8559
3600,163.074,70.1627,68.1552,27.3276,35.493,58.9838,32.9616
3630,161.157,68.8819,67.8918,26.5682,34.731,55.7454,32.4921
3660,162.962,70.968,69.3018,28.9514,36.182,55.3438,31.5655
3690,158.768,67.9926,68.6149,27.7262,35.3124,53.6356,30.742
3720,158.919,68.7984,67.8006,27.4205,37.2347,49.0061,31.1504
3750,158.923,66.4494,69.5539,27.2602,34.6925,48.1597,30.6345
3780,161.536,71.0307,69.285,27.6088,35.8344,44.3517,30.8696
3810,161.354,69.0445,69.2174,28.8656,37.6092,37.9271,30.7297
3840,159.103,69.6979,67.8433,26.4655,35.1379,42.8703,30.926
3870,158.878,71.5325,68.9655,27.0126,35.8475,40.032,31.1729
3900,160.576,67.1107,67.0374,28.935,35.9759,40.7551,30.9663
3930,160.676,67.219,67.3433,28.1921,37.1552,43.8903,30.7443
3960,158.857,68.3018,66.638,27.6551,35.7228,45.1806,31.0154
3990,158.918,70.8118,69.2381,26.763,35.8715,41.311,30.7738
4020,159.68,68.693,66.123,26.5162,36.3849,44.7176,30.7936
4050,161.809,67.946,69.0722,28.1557,37.0004,46.15,30.5034
4080,127.598,54.3837,52.58,28.1579,35.5381,43.972,30.3415
4110,127.299,54.9113,54.3466,28.2795,36.6275,47.7014,30.4956
4140,127.979,54.1744,55.0617,28.8622,36.4379,47.3739,30.1608
4170,129.397,54.2492,55.0153,27.1429,37.3255,50.6542,30.0417
4200,130.008,56.0085,54.2041,26.7918,37.4083,57.2364,30.4651
4230,127.651,56.2706,53.1717,27.9575,35.5191,58.9991,30.3331
4260,128.588,55.2097,53.066,29.1855,36.9407,61.7829,30.3111
4290,129.358,54.2587,54.6578,27.7786,37.5762,66.9616,30.4162
4320,128.051,55.048,54.896,29.055,35.8399,71.1535,30.2558
4350,127.026,54.3417,55.3929,26.9741,35.9038,75.1015,30.5712
4380,123.038,51.6705,53.5787,27.4473,35.9947,79.2332,24.0536
4410,121.702,54.701,53.5994,26.3497,36.3369,81.8058,24.3447
4440,123.387,53.9117,53.2409,28.9161,35.5676,83.2827,23.897
4470,123.124,52.1941,51.43,26.4993,35.7923,85.4096,23.9378
4500,122.049,56.0924,52.3554,26.383,35.4068,91.112,23.9813
4530,121.538,52.7738,51.1525,28.5024,35.9487,95.6062,24.1289
4560,122.91,53.4053,51.5765,28.2619,37.5054,99.9914,24.1761
4590,124.361,51.7994,52.6883,27.9098,36.329,103.271,24.2193
4620,123.095,52.8486,52.8244,28.1865,36.3196,104.094,23.8493
4650,122.773,52.0831,53.1922,27.2518,35.7087,103.766,24.3091
4680,124.175,52.3079,51.9143,28.8755,36.7997,101.876,24.3896
4710,122.7,51.6722,51.983,28.7584,36.5258,102.041,24.1094
4740,123.217,52.0659,50.446,27.7649,35.2807,102.291,24.3765
4770,121.998,52.8975,50.9942,27.9042,36.189,101.366,24.2652
4800,122.379,55.8797,52.4525,27.4156,34.9699,101.222,24.2361
4830,121.914,55.8083,52.0938,26.6814,34.7868,102.653,24.2956
4860,121.956,55.2806,51.1424,28.3201,37.5858,102.621,23.913
4890,121.804,56.0376,52.8102,26.4686,34.6684,103.597,24.0937
4920,124.406,53.3777,53.3771,26.7272,35.8485,103.786,24.3334
4950,121.164,53.0817,49.9197,26.886,36.4691,99.5559,24.2778
4980,109.144,47.0454,45.6929,27.0461,34.968,101.624,20.4088
