Time,FC,PAS,PAM,PAD,temp,SpO2,FR
-1,116,113,75,53,37.3473,94,22
0,127.6,124.3,82.5,53,36.8244,94,24.2
30,126.681,126.213,81.2841,53,36.3015,94,23.9348
60,126.481,121.741,82.392,53,35.7787,94,24.5329
90,129.138,127.087,82.0219,53,35.2558,94,24.1743
120,125.739,125.078,84.0824,53,34.733,94,24.7411
150,128.792,127.125,80.7806,53,34.2101,94,24.072
180,129.068,127.044,81.275,53,33.6872,94,24.7375
210,125.789,121.747,80.5757,53,33.1644,94,23.6961
240,127.377,126.56,80.5739,53,32.6415,94,24.2409
270,126.502,126.859,81.0973,53,32.1187,94,24.3762
300,125.435,122.568,82.9172,53,31.5958,94,23.8234
330,128.468,121.54,80.979,53,31.0729,94,24.6767
360,142.254,122.474,92.5869,53,30.5501,94,23.7242
390,142.988,123.431,92.5344,53,30.0272,94,24.4117
420,127.378,124.525,90.9599,53,31.1893,94,23.743
450,128.256,125.195,89.7754,51.8796,32.8764,95.0178,23.9515
480,126.795,125.843,79.7104,53.7952,32.9176,92.2792,23.4497
510,124.159,126.393,83.8783,52.0991,34.979,101.855,24.1729
540,127.831,125.887,81.9163,52.3894,35.9074,96.2486,24.4092
570,127.851,101.833,69.091,43.4747,35.7444,96.1283,23.0228
600,122.488,101.418,65.4247,42.2279,36.9299,89.3244,21.707
630,125.026,98.443,66.8062,41.9542,36.388,84.3959,21.2335
660,120.738,99.5988,64.5143,41.8029,35.882,80.6356,20.7015
690,123.04,97.3707,63.5274,42.2009,35.7517,80.1809,20.4344
720,167.717,45.4904,64.3967,25.1881,36.3303,75.3375,20.9481
750,162.987,46.8999,63.5177,25.3265,37.2535,87.5215,19.8445
780,168.543,48.5451,68.1653,24.9262,36.7553,85.0662,18.7684
810,164.471,51.0572,63.9809,25.2338,37.2418,79.9754,18.952
840,162.977,78.978,65.3523,25.6464,36.7298,75.4463,18.4629
870,164.023,78.0005,65.8149,25.8393,35.8926,73.0327,18.3906
900,162.517,73.7687,83.188,24.9685,37.5846,65.7353,18.2367
930,163.902,75.3784,80.5122,25.9079,37.4261,63.5046,18.1356
960,166.746,74.0499,83.2126,35.4702,37.3241,58.0741,18.0425
990,165.464,75.8451,82.7897,36.8101,37.4281,53.9796,17.9126
1020,166.102,74.98,81.6697,35.0364,37.2279,50.1428,18.1168
1050,164.048,77.1909,81.8942,36.2484,35.9731,47.5844,17.8985
1080,161.523,73.0758,81.9526,34.6855,37.586,42.9502,18.5726
1110,164.758,71.4439,82.5956,35.0885,37.032,41.4817,18.8741
1140,165.559,78.0807,79.8337,37.0962,36.8755,35.2132,18.5869
1170,166.076,74.129,82.4224,34.7636,37.2161,30.6395,18.095
1200,164.253,78.634,83.073,36.0149,36.0065,28.0556,18.0956
1230,116.736,105.25,82.386,45.6065,37.5476,25.7038,18.1716
1260,113.258,99.5412,69.8083,44.5223,36.9616,21.8513,18.3714
1290,98.7003,89.1847,50.4796,40.881,38.6318,17.2891,17.926
1320,100.254,89.0282,50.8171,40.3922,36.5103,74.5874,17.8832
1350,101.671,89.623,50.7873,38.9635,38.3611,77.021,18.3621
1380,101.79,91.7904,48.5526,39.7864,37.4102,75.0882,18.0889
1410,101.298,89.4268,49.6248,38.9006,36.5229,75.8522,18.4544
1440,100.898,87.4346,50.187,38.6831,36.3908,77.2232,17.8062
1470,99.9055,94.2305,51.3723,38.9032,37.4422,77.9599,18.2795
1500,97.6049,87.6547,50.0008,40.3818,36.9324,78.3283,18.8872
1530,104.006,87.4575,67.7668,39.1893,36.1638,79.3052,18.1176
1560,103.34,86.6306,67.6722,40.3103,37.5433,80.0534,18.1875
1590,106.738,87.5492,68.8664,38.8803,37.3294,79.3387,18.1201
1620,99.4425,78.3434,59.1559,37.5534,36.7909,80.5113,18.1269
1650,109.323,82.4185,66.0259,33.1405,35.6798,80.3577,19.4907
1680,106.603,82.0501,66.2731,35.0096,36.8505,79.5242,19.5654
1710,108.669,82.6946,64.4746,33.3048,37.6255,80.7942,20.1124
1740,107.733,79.8241,65.1115,35.2356,36.918,79.7816,20.1361
1770,131.745,94.956,80.9333,35.0078,36.5496,82.3107,24.4573
1800,111.446,81.6385,76.5449,34.3339,38.8382,81.5029,24.6749
1830,114.345,83.2662,74.8766,33.4134,37.863,82.3582,24.1617
1860,115.598,80.0346,75.7793,34.53,37.4484,79.8909,24.0902
1890,114.487,79.5213,75.1841,35.0436,36.8221,80.3211,24.6903
1920,114.381,83.1501,76.4268,34.5333,37.3556,80.4016,24.4003
1950,111.628,80.9614,77.7109,34.8789,37.1684,82.6844,24.019
1980,111.072,80.2862,77.9201,34.0279,36.0469,85.411,24.6795
2010,113.238,82.4672,77.4167,33.2737,37.4486,82.2204,24.4681
2040,111.564,80.6606,75.8938,32.8364,38.1512,84.6885,24.7252
2070,130.727,96.7784,84.6682,34.2295,37.0938,85.4474,25.8745
2100,130.11,97.897,84.5866,33.6112,37.6659,82.7795,26.0327
2130,130.134,99.321,84.0775,33.1355,36.5552,85.5395,25.9502
2160,129.141,95.2326,83.1378,34.6543,38.5259,84.8713,25.915
2190,130.015,96.4822,85.029,33.6056,36.5621,84.4134,26.0588
2220,129.493,95.868,84.6637,35.2358,37.965,83.491,26.5124
2250,132.62,99.2005,85.652,34.8347,37.3952,82.3878,26.1502
2280,132.919,96.7068,82.8228,34.4569,37.1528,86.1354,26.1071
2310,129.474,98.3623,84.8344,33.4369,36.1356,84.9565,26.0127
2340,131.151,96.5695,83.1578,32.8596,36.6876,86.0019,26.5782
2370,131.184,99.0661,84.6683,34.9835,37.6557,83.5763,26.0013
2400,129.492,97.5815,85.678,33.6151,37.4259,85.5004,26.1309
2430,131.662,97.3996,84.6775,34.6946,37.2025,82.4226,25.8635
2460,132.267,96.7722,82.8506,34.9002,37.1082,85.3948,26.0899
2490,133.452,97.0569,83.0773,33.8633,36.6397,85.4612,25.9893
2520,129.5,98.508,84.4121,33.9451,36.9227,86.205,25.7856
2550,140.538,105.098,88.6323,34.3356,38.586,85.6795,26.6887
2580,137.555,107.067,87.0099,33.4341,35.5065,85.0945,27.04
2610,138.928,106.735,86.8055,34.6806,36.2809,82.2895,26.7461
2640,140.21,105.477,85.8367,33.7255,37.0477,84.2205,27.0211
2670,139.124,103.667,87.4209,34.1177,36.1325,82.5402,26.6376
2700,137.595,104.647,88.3862,33.6826,37.108,83.3717,26.3055
2730,137.947,105.281,88.9661,35.0442,38.2504,84.4758,26.6367
2760,139.486,105.171,88.8058,34.6053,36.8726,84.9492,26.306
2790,139.579,102.813,88.1512,35.1356,37.4118,84.1415,26.8568
2820,137.77,103.244,85.8655,35.2731,37.0031,82.8618,26.1457
2850,136.15,102.631,88.9026,34.6948,36.0424,83.3422,26.8651
2880,136.364,102.939,87.3211,34.5612,36.2012,86.0401,26.3226
2910,137.316,105.007,86.1697,34.7105,36.837,84.1219,26.8399
2940,140.297,104.822,88.3698,34.2582,38.331,84.4949,27.0527
2970,141.189,104.337,88.4043,33.3034,38.4223,85.9508,27.0606
3000,135.611,103.659,88.221,34.8779,36.6295,82.9515,26.7039
3030,134.045,102.204,87.3128,34.4214,37.5583,76.5732,26.4212
3060,136.12,108.302,90.6582,33.9158,37.2305,73.4267,26.9656
3090,137.815,108.475,90.5415,35.2393,37.8652,72.6374,26.1523
3120,132.111,105.897,89.9253,34.3347,37.5403,66.4172,26.9874
3150,134.002,106.448,88.7686,33.8037,36.3575,65.8019,26.5948
3180,133.238,107.295,90.4887,33.9486,34.9592,59.86,26.9119
3210,135.592,109.232,89.9617,35.4042,36.7464,60.3878,26.6334
3240,134.781,107.458,87.6904,34.9203,35.3316,55.8178,26.7327
3270,133.79,109.429,87.3589,35.414,36.8711,51.9552,25.9836
3300,131.786,106.024,88.5616,33.8725,35.9703,47.5091,26.2493
3330,132.229,108.991,88.0359,35.6403,35.2746,46.293,26.0445
3360,135.087,108.084,90.3404,35.2544,36.8418,42.9294,26.3991
3390,134.827,107.466,88.6763,35.5299,36.3457,41.447,26.3632
3420,134.632,105.968,89.9993,34.3516,37.2981,41.2275,26.8781
3450,139.347,109.397,90.777,33.4672,35.442,39.3739,26.5522
3480,137.608,104.814,89.0111,33.5063,35.2816,41.6702,26.691
3510,140.545,109.451,89.9245,35.3389,37.029,40.8147,26.751
3540,142.243,104.625,88.4368,34.731,36.2117,42.7293,26.562
3570,137.572,107.083,90.1468,33.3388,36.3123,43.952,26.1617
3600,137.679,105.31,88.7224,34.4584,36.538,42.6621,26.6644
3630,142.376,109.475,89.5488,35.0509,37.2019,44.6497,26.4426
3660,142.118,108.921,87.8464,35.2609,37.4375,44.8017,26.8518
3690,138.504,105.676,91.0327,33.8281,36.0995,45.6092,26.1597
3720,141.812,108.953,90.0966,33.2544,36.0385,47.5291,26.6988
3750,142.601,106.443,89.2582,34.7882,35.0696,45.328,26.0604
3780,142.372,106.037,90.8933,35.4648,37.0421,52.2863,26.0995
3810,140.775,108.752,88.9592,35.4091,37.1073,52.8584,26.2645
3840,141.617,108.91,88.7372,34.8936,36.3357,58.2638,26.7722
3870,140.164,109.466,89.1487,35.2246,35.715,64.3708,25.9062
3900,142.3,109.13,90.619,35.5987,36.3472,64.4908,26.8656
3930,140.29,107.428,90.3953,33.4116,37.0795,69.7511,26.2038
3960,141.615,108.667,90.8911,34.9695,36.9698,74.1619,26.3874
3990,139.447,104.798,88.3581,34.3552,36.103,77.517,26.5229
4020,138.085,106.255,89.4026,34.3723,35.785,81.226,26.4987
4050,140.384,107.409,90.668,35.1512,34.9711,83.4427,26.9159
4080,115.774,84.8043,72.531,35.4869,35.6503,88.7486,26.7475
4110,112.412,87.979,71.0166,35.6818,37.3317,93.5797,26.9191
4140,111.218,85.4352,71.6762,33.4753,37.5341,97.8864,26.0168
4170,111.499,86.5691,73.1605,33.9477,36.9648,99.732,26.3313
4200,115.765,89.4502,71.1188,34.1288,35.9619,99.2842,26.3752
4230,112.615,86.8917,71.5639,33.689,36.5214,99.2799,26.1187
4260,111.723,87.7872,71.106,35.7061,37.0922,98.7679,26.4964
4290,112.811,89.251,73.1888,35.3418,36.132,99.5579,26.6535
4320,111.297,87.3317,70.3404,33.8146,35.2311,101.595,26.429
4350,114.533,85.1361,72.5641,35.3329,36.1413,98.5638,26.1551
4380,109.135,82.2299,67.6703,35.5957,35.4258,100.775,21.1958
4410,107.563,82.4601,68.6556,35.6782,36.5652,101.647,21.0865
4440,107.864,84.5694,69.728,34.2537,35.2475,102.635,21.2593
4470,109.414,83.6495,68.8774,34.7523,36.2206,102.275,21.4566
4500,111.1,80.8254,69.9887,33.5441,35.5391,101.977,21.0009
4530,110.209,81.8437,68.4223,33.5709,36.2939,101.523,20.7005
4560,111.165,82.8087,68.9368,35.4384,36.8054,101.095,20.9244
4590,106.868,81.1785,70.4884,34.3971,37.035,100.125,21.0349
4620,110.923,81.6295,69.1444,33.4495,36.0145,100.91,20.7358
4650,109.747,85.3935,68.0767,34.5037,36.2338,101.43,21.4312
4680,108.726,81.6269,69.6666,33.8143,36.1431,101.216,21.211
4710,108.799,83.5096,67.3411,33.3049,35.9077,100.806,20.7086
4740,110.087,81.2249,67.7998,33.6111,36.6655,99.9822,20.6
4770,110.306,83.9035,68.9277,35.0225,35.867,101.136,21.5449
4800,108.6,82.3005,67.7307,35.7317,37.0538,101.403,20.5802
4830,108.615,84.4588,67.115,35.0141,35.8228,102.388,21.4138
4860,110.123,81.1264,66.9508,33.5087,36.584,99.1727,21.0906
4890,111.719,84.1763,67.8029,34.6565,37.51,100.999,20.7865
4920,107.381,84.5473,67.7068,35.1234,37.0199,101.994,21.4907
4950,109.769,84.7999,69.2711,35.2436,35.9778,101.455,20.5771
4980,97.7204,75.4363,59.8134,34.2538,36.7327,102.773,18.3238
