Time,FC,PAS,PAM,PAD,temp,SpO2,FR
-1,102,139,104,77,36.765,98,16
0,112.2,152.9,114.4,77,36.2503,98,17.6
30,111.427,151.187,113.135,77,35.7356,98,17.6871
60,110.956,150.061,112.728,77,35.2209,98,17.8775
90,109.756,149.52,112.223,77,34.7062,98,18.0125
120,113.977,150.134,113.282,77,34.1915,98,17.2961
150,110.616,153.3,112.632,77,33.6768,98,17.4948
180,113.735,154.352,115.289,77,33.162,98,17.5101
210,113.05,149.837,114.546,77,32.6473,98,17.656
240,113.18,156.708,115.089,77,32.1326,98,17.5921
270,113.675,154.027,115.133,77,31.6179,98,17.384
300,110.641,149.265,116.149,77,31.1032,98,17.2792
330,113.836,152.184,116.255,77,30.5885,98,17.728
360,125.519,149.93,127.42,77,30.0738,98,17.7581
390,126.019,154.005,127.048,77,29.5591,98,17.6083
420,121.046,150.626,124.069,77,30.4892,98,18.0072
450,125.986,152.833,128.806,77,31.4193,98,17.7046
480,114.273,154.391,111.689,77,32.3494,100,17.2868
510,111.158,151.687,117.191,77,33.2795,95.1493,17.1315
540,110.656,121.001,89.3015,61.6,33.8769,94.0967,17.0455
570,110.17,125.597,92.9574,61.6,34.807,89.5885,16.4554
600,106.259,122.577,91.5915,60.2533,35.3053,88.7516,16.2046
630,105.242,124.135,92.6906,61.1459,36.1577,84.0621,15.5606
660,103.608,114.79,83.1484,58.5339,37.4839,83.2853,15.3006
690,91.0908,101.699,48.6656,53.1825,36.6632,80.1696,14.8488
720,90.1385,104.543,50.6638,53.3041,37.7434,94.8315,14.274
750,89.1862,102.581,47.5996,52.4508,36.6117,94.3137,14.6329
780,88.2339,100.98,47.7677,50.8985,37.19,91.1435,13.8409
810,87.2817,106.988,51.0835,53.2709,37.4559,84.3852,13.3332
840,86.3294,101.433,49.9669,53.3825,36.7153,82.2074,13.3944
870,86.3294,106.92,72.6052,67.8281,37.3467,80.2554,13.0267
900,88.1399,101.954,73.8657,68.5965,36.9207,83.9256,13.7165
930,91.8268,128.587,98.1925,68.6343,37.2001,80.4168,13.8041
960,91.4324,130.357,96.8163,66.63,36.0903,74.696,13.888
990,91.2811,128.43,96.5387,67.7861,36.7426,71.6471,13.9303
1020,88.527,116.425,90.7557,63.5526,37.6281,69.5516,13.5079
1050,94.566,123.165,93.8021,56.4817,37.0789,66.2676,15.0903
1080,92.3545,121.146,91.0829,58.6646,36.2535,63.7076,15.2682
1110,91.1301,124.026,93.9817,57.5462,36.5882,59.3596,15.2778
1140,93.8733,121.988,94.2926,56.9077,36.8876,58.6924,14.6758
1170,93.1043,122.727,92.7882,56.4977,37.9077,52.6955,14.959
1200,94.2596,123.975,94.2998,58.6352,37.5853,53.5304,15.4522
1230,87.0063,110.86,84.9252,56.4041,36.4103,49.4595,13.8084
1260,84.7432,111.301,85.0298,57.431,36.2523,46.5822,13.6787
1290,83.8869,111.913,86.0204,57.2101,37.652,47.5453,13.9096
1320,86.9664,110.509,84.7158,56.3695,37.6307,47.1843,13.9993
1350,111.365,140.749,108.803,57.6103,37.78,48.246,17.6708
1380,112.498,141.203,109.158,57.4266,37.0988,47.5239,18.0984
1410,111.011,143.233,107.013,58.8362,36.179,47.1818,17.7433
1440,112.345,142.64,110.2,58.4731,37.325,47.9066,18.0946
1470,110.339,144.513,108.913,56.9734,37.4329,47.3884,18.0291
1500,111.054,140.836,110.155,57.9069,36.3027,48.0126,17.5631
1530,111.151,145.245,109.925,57.2047,36.7141,48.6229,17.7419
1560,109.738,145.784,108.867,57.1648,36.6949,48.0531,17.64
1590,107.738,145.891,110.363,57.7338,37.3896,48.1901,18.0604
1620,109.969,143.954,108.56,56.629,37.2674,48.0562,18.0171
1650,111.62,145.34,109.437,57.5122,37.4528,48.3469,18.0628
1680,108.147,143.025,106.852,57.6365,36.83,48.4485,18.0842
1710,111.494,140.999,110.301,58.3174,36.1571,48.8044,17.7445
1740,111.555,142.636,106.853,56.882,37.8984,48.3409,17.758
1770,110.923,145.382,110.606,57.3971,37.5009,48.5863,18.1115
1800,110.334,141.918,109.068,57.9375,37.3208,48.5192,17.6239
1830,108.102,142.05,110.204,58.5014,36.6565,48.7485,17.9385
1860,109.517,144.28,110.054,56.6537,36.1664,48.8659,17.7642
1890,107.863,142.961,109.089,58.092,36.6668,48.4641,17.6024
1920,108.149,142.365,110.239,57.9385,37.0893,48.3277,17.7002
1950,117.296,154.332,118.111,57.1515,36.8636,47.9055,19.1242
1980,119.954,153.596,119.659,56.6164,37.3878,48.397,19.1775
2010,120.049,155.917,118.933,58.4217,37.739,47.8029,19.3418
2040,117.284,157.387,118.948,57.1689,36.199,48.2121,19.6419
2070,119.31,158.427,117.403,58.5335,36.2918,48.2294,19.1323
2100,118.94,156.883,117.941,57.0965,37.339,48.9623,19.2894
2130,118.176,156.285,119.202,56.7581,36.0966,47.769,19.6602
2160,120.831,154.738,118.48,56.7026,37.9158,48.902,19.3295
2190,116.475,155.35,118.296,58.1186,36.649,48.2946,19.3768
2220,118.344,158.366,119.455,58.8763,37.1653,48.8906,19.2051
2250,117.557,158.166,119.368,58.0927,36.8853,47.9216,19.577
2280,118.458,155.19,119.89,57.2959,37.1455,47.8515,19.3616
2310,119.106,153.976,120.547,58.0155,36.9345,48.0176,19.2458
2340,120.13,157.559,120.136,56.884,37.4023,48.2806,19.1513
2370,117.734,155.568,118.54,57.8692,36.634,47.6889,19.2023
2400,119.951,154.885,117.145,56.8515,37.197,48.7639,19.3992
2430,117.108,153.449,117.033,58.3354,36.268,48.9553,19.3006
2460,87.5222,113.211,87.2874,57.2515,36.156,48.3595,14.2462
2490,88.5114,111.942,87.2937,56.5404,36.8593,47.8007,14.3155
2520,88.3306,112.823,88.015,57.5698,36.9283,48.9454,14.3184
2550,84.9555,116.018,85.282,57.0207,37.5453,47.946,13.8992
2580,89.2201,112.938,86.1081,57.5744,36.9433,47.7847,14.4207
2610,87.2355,115.318,85.8773,57.0714,37.3329,47.7058,14.1138
2640,85.1413,112.887,88.384,58.5152,36.7894,48.8401,14.0834
2670,88.9543,116.308,88.2193,58.7364,37.2629,47.8219,14.5636
2700,85.4713,114.144,86.0181,56.836,36.6984,48.4405,15.0083
2730,88.7309,112.188,87.3054,57.953,37.1449,48.1357,15.7481
2760,88.9766,112.137,84.6117,56.8631,36.3737,47.933,15.2647
2790,95.7745,122.163,89.9817,57.1033,36.9311,48.8836,16.7333
2820,91.8895,120.91,91.9127,57.3558,37.085,48.9943,17.3267
2850,94.429,120.683,91.1571,57.1976,36.3318,48.2156,17.0019
2880,94.5455,118.989,91.3371,58.2212,37.6724,48.2656,17.9962
2910,90.9831,122.245,93.5498,56.9846,37.2245,48.4337,17.9412
2940,95.3455,119.21,90.5999,56.7272,36.8752,48.702,18.4829
2970,95.7129,123.051,90.8658,58.1963,36.2961,48.5299,18.3766
3000,92.0095,119.427,89.9689,56.3836,36.2776,48.278,19.3583
3030,95.6844,123.922,91.5622,56.4404,37.1494,48.2339,18.9425
3060,91.7308,119.13,91.9817,56.6471,36.2511,48.7263,18.9246
3090,93.3948,122.029,92.7479,57.6736,36.7681,47.7075,18.8901
3120,93.2222,122.755,90.6551,58.3083,37.5985,48.0384,19.389
3150,95.479,123.056,91.6047,58.7125,37.434,48.9319,19.5515
3180,92.3131,121.029,90.5152,57.7081,36.8889,48.6965,19.2703
3210,93.4329,122.008,93.1604,56.5214,36.4025,48.5138,19.2139
3240,93.5179,122.694,92.7692,56.4771,36.8977,47.6409,19.4219
3270,91.2914,120.628,91.8785,56.8863,36.2788,46.3365,18.4061
3300,93.4667,124.113,89.8788,56.7795,36.7898,45.3074,18.5401
3330,92.5923,119.078,90.9166,57.2973,37.214,43.8951,17.9159
3360,91.6403,123.314,93.5913,57.253,37.0936,43.3724,17.4963
3390,81.682,114.066,85.2267,56.8318,36.5643,41.1387,15.8045
3420,87.2947,123.189,91.0186,62.1802,37.1347,39.7499,15.6572
3450,91.4558,131.17,97.6449,67.0478,37.7395,39.6709,15.405
3480,89.9265,131.724,99.1665,65.6918,37.451,37.4312,14.3759
3510,92.2836,133.471,100.263,65.9933,36.134,36.7564,14.0391
3540,90.29,130.158,98.6675,67.2789,37.0027,35.1991,14.0628
3570,89.8915,133.585,98.9658,66.5504,37.7137,33.8648,13.5251
3600,93.0347,133.014,98.9102,67.425,37.7081,33.0343,12.9759
3630,93.3231,131.358,99.5877,65.5986,37.7391,30.9262,13.4269
3660,95.5401,130.834,97.6364,64.9765,36.4385,29.7861,13.1222
3690,95.5176,130.648,100.338,66.785,37.5369,28.0918,13.3988
3720,96.3864,134.603,97.1453,65.9013,36.8379,27.0521,13.3965
3750,94.7959,132.232,100.542,67.2212,37.3189,25.72,13.2668
3780,95.9516,134.563,97.6487,66.0158,36.0855,24.1421,13.5352
