Time,FC,PAS,PAM,PAD,temp,SpO2,FR
-1,103,174,115,92,36.765,97,18
0,113.3,191.4,126.5,92,36.2503,97,19.8
30,115.201,191.874,123.584,92,35.7356,97,20.1443
60,112.469,191.116,126.367,92,35.2209,97,19.4708
90,115.635,192.091,123.467,92,34.7062,97,20.1361
120,114.125,189.191,128.22,92,34.1915,97,19.351
150,113.542,191.772,127.472,92,33.6768,97,19.3421
180,115.49,187.539,127.043,92,33.162,97,20.103
210,114.848,190.98,125.092,92,32.6473,97,19.9359
240,112.845,194.771,124.668,92,32.1326,97,19.3273
270,112.052,189.953,125.176,92,31.6179,97,19.3242
300,111.024,191.728,126.863,92,31.1032,97,20.1132
330,114.927,193.914,129.105,92,30.5885,97,19.3215
360,122.987,191.04,139.232,92,30.0738,97,19.7127
390,122.503,187.911,137.924,92,29.5591,97,20.2615
420,123.812,194.773,138.247,92,30.4892,97,19.6095
450,126.796,188.594,142.949,92.92,31.7242,97.97,19.6925
480,115.972,195.426,124.788,93.1124,32.6248,100.035,20.4065
510,112.668,197.533,125.332,93.5303,33.446,98.1962,19.8447
540,115.417,194.767,127.766,91.0008,35.2113,92.3686,19.1578
570,111.416,153.141,104.833,76.1732,35.363,91.2448,19.3227
600,111.71,154.802,100.553,75.7308,35.4837,88.6449,18.7448
630,107.882,154.793,99.7355,74.6457,36.3101,84.9494,18.5279
660,111.356,152.15,104.62,73.461,36.9767,82.8682,17.8046
690,107.379,152.938,99.5266,72.1467,37.9335,79.2332,17.3546
720,99.4744,132.695,93.9964,64.0665,37.0567,71.6479,17.0486
750,90.2644,132.474,58.7867,64.3803,37.0482,71.2912,16.5134
780,91.7261,129.368,52.8536,63.3223,36.9835,95.516,16.3597
810,90.5218,133.956,57.6837,61.1717,37.819,90.4472,15.8938
840,87.1341,166.01,59.2036,63.3278,36.7885,88.657,15.6304
870,90.0263,171.467,57.1195,64.7196,37.184,83.2039,14.9561
900,87.5743,170.535,56.7812,79.4714,36.7333,79.8267,15.433
930,88.9309,167.099,57.9376,81.6968,37.2424,78.3983,15.3954
960,84.4854,164.563,84.0829,80.4639,36.6472,77.5939,15.153
990,93.4102,161.848,109.264,79.3195,36.7501,73.5409,15.27
1020,93.041,164.095,108.576,80.0113,36.9926,69.3832,14.6825
1050,91.1474,162.895,106.447,79.6124,37.9489,65.2625,15.0718
1080,82.1124,141.248,100.942,68.0472,37.9829,63.9795,14.8893
1110,94.4299,154.908,101.743,69.2094,36.9883,61.9063,16.3557
1140,91.4157,146.72,103.806,71.3321,37.7171,59.4341,15.9673
1170,94.6989,147.214,103.894,67.7279,37.5842,54.5631,16.1023
1200,91.2416,152.781,107.59,68.8389,37.3092,50.6152,16.4194
1230,110.502,179.038,124.419,71.4615,38.2644,45.7866,19.8277
1260,95.9716,167.341,103.005,69.1224,36.6771,43.0247,19.7816
1290,99.3785,160.605,99.9417,69.4569,37.3293,42.4945,20.073
1320,101.201,163.351,102.948,68.2424,37.0263,42.3703,20.051
1350,87.3361,138.454,92.4477,70.8733,37.3301,39.6686,15.6197
1380,85.4189,139.838,92.0941,69.3494,37.5431,38.6027,15.7847
1410,111.198,178.316,119.475,68.5308,37.8914,41.9914,19.9902
1440,118.787,196.195,131.753,67.8624,37.0091,40.2043,21.2711
1470,124.193,199.261,133.68,68.223,37.7869,39.6313,21.4328
1500,121.744,202.255,139.102,69.6156,36.7438,38.3603,21.4048
1530,102.149,159.288,115.187,68.9186,37.4298,39.6871,17.8426
1560,99.5409,158.693,112.182,69.5944,37.7656,38.5709,17.8442
1590,97.83,162.432,109.363,70.0845,37.6804,39.4497,18.0255
1620,100.307,162.799,115.137,70.1054,36.446,42.4777,17.3385
1650,84.6674,141.909,93.7895,67.14,37.9601,39.68,14.999
1680,84.4355,136.619,90.8413,70.8287,37.226,41.9509,14.7071
1710,83.2253,138.69,90.4434,68.6581,36.4524,39.6945,15.3372
1740,86.6991,135.8,96.164,68.443,37.8041,42.8706,15.2958
1770,87.2315,138.318,91.0287,67.8569,37.0282,40.6193,14.5388
1800,92.6022,151.345,102.95,70.8019,36.3222,42.2199,16.3723
1830,75.5909,118.91,84.9519,71.0239,36.2843,38.8705,15.957
1860,72.9844,117.47,79.4988,71.6684,37.2961,39.0582,16.0485
1890,74.8681,124.224,79.8522,68.827,37.1735,40.5917,16.3062
1920,78.2079,122.783,83.2999,68.6271,36.7985,40.2936,15.903
1950,74.6908,115.582,83.4581,67.135,36.8629,42.223,16.6206
1980,74.9163,122.547,78.6217,70.0025,37.8819,39.892,16.3809
2010,75.6758,118.243,84.5443,67.3299,36.4765,39.4069,16.1939
2040,76.8877,120.349,85.0431,70.7122,36.5812,42.176,15.8839
2070,76.1105,115.494,80.0151,67.5211,36.1398,38.7591,15.874
2100,74.9725,122.323,85.0044,71.4798,36.868,38.8663,16.3407
2130,90.8421,144.928,99.022,67.2596,37.0448,39.2558,16.2202
2160,93.0659,144.736,101.281,69.8125,37.3845,41.1908,16.4969
2190,88.4641,144.366,101.047,70.4522,36.3815,42.3872,16.9415
2220,89.9587,149.723,104.111,70.7172,36.8073,43.1491,16.8534
2250,93.9948,151.468,99.8125,68.9317,36.2756,41.2558,16.5616
2280,92.9314,148.449,101.333,69.794,37.4977,39.0188,16.3012
2310,92.106,147.843,101.448,70.3979,37.2938,38.9354,16.5663
2340,88.1633,150.077,99.4834,68.5788,36.8554,39.7066,16.2351
2370,88.2569,143.339,103.495,71.6474,35.8962,39.5054,16.5086
2400,89.5938,148.95,103.366,67.214,36.3835,40.4815,16.7357
2430,89.1994,146.418,103.131,70.9444,37.6396,40.398,16.6712
2460,92.8237,146.083,104.546,70.7077,36.1506,40.0118,16.233
2490,92.6175,146.856,99.1211,70.624,36.875,39.0203,16.8693
2520,91.892,144.461,98.5672,71.0783,37.4798,43.4298,17.0094
2550,89.3433,145.459,101.156,68.8914,37.1913,40.1932,16.3501
2580,92.6134,148.608,103.021,69.3777,35.8743,42.4943,16.4033
2610,89.3697,142.637,100.307,71.4509,36.743,41.6725,16.8274
2640,88.5141,148.813,100.815,70.2761,37.454,41.64,16.6738
2670,92.9612,147.785,100.72,71.6866,37.4484,43.3902,16.5083
2700,91.9672,144.8,101.873,68.7412,37.4794,40.6191,16.9725
2730,88.0629,133.872,91.7392,67.738,36.1788,41.2737,14.6413
2760,95.7307,156.477,103.801,81.4764,37.2772,39.967,15.0126
2790,95.6057,163.604,105.832,80.0513,36.5782,40.9771,15.0094
2820,93.2244,159.586,111.612,82.18,37.0592,40.9522,14.8354
2850,94.9548,164.043,106.689,80.2361,35.8258,40.0573,15.1955
2880,92.6307,163.816,110.836,82.0613,37.5182,41.3039,15.2179
2910,95.8227,163.951,106.643,79.7036,36.9898,39.4386,15.3999
2940,92.6132,162.488,107.904,79.4883,35.8629,39.4897,14.8194
2970,97.6092,162.796,109.552,79.1521,36.6631,42.0809,15.3217
3000,97.0841,166.202,108.665,80.974,37.213,39.4789,15.1108
3030,99.3615,163.481,107.335,79.7038,36.6785,40.4931,15.3258
3060,96.7078,161.772,110.134,78.5884,36.034,43.3876,15.0422
3090,97.9001,157.778,111.01,81.7914,37.1391,40.3153,14.6649
3120,99.1499,166.537,111.892,80.9279,37.5808,43.7488,15.274
3150,103.552,161.304,111.73,79.8522,36.0846,46.1407,16.1671
3180,103.979,161.24,109.606,81.4324,37.5387,50.0523,16.671
3210,101.724,158.096,108.191,79.2413,36.1371,53.1115,16.3032
3240,108.212,160.891,106.937,78.8692,36.405,56.2882,17.4167
3270,105.619,160.358,106.177,78.7289,37.1078,63.9682,17.5461
3300,109.489,156.96,107.554,81.1344,36.3978,66.8082,17.7959
3330,106.273,166.527,107.036,80.9194,35.7005,68.8157,18.6599
3360,105.929,162.895,111.67,80.0609,35.5431,74.5518,18.762
3390,108.01,158.978,108.59,82.4925,35.7146,74.5347,19.7938
