Time,FC,PAS,PAM,PAD,temp,SpO2,FR
-1,82,123,88,66,36.5778,100,17
0,90.2,135.3,96.8,66,36.0657,100,18.7
30,89.6589,138.565,99.1161,66,35.5536,100,19.073
60,92.2426,132.975,94.3946,66,35.0415,100,18.3563
90,89.7567,137.161,99.1595,66,34.5294,100,18.3866
120,92.4443,136.836,95.1155,66,34.0173,100,18.5686
150,90.1577,137.803,94.5026,66,33.5053,100,18.4184
180,90.5746,134.614,95.263,66,32.9932,100,18.6641
210,90.0312,134.94,97.3657,66,32.4811,100,18.8759
240,90.6328,135.895,96.6272,66,31.969,100,18.977
270,91.3197,138.248,96.9176,66,31.4569,100,18.3751
300,89.1162,136.329,94.4936,66,30.9448,100,18.2719
330,90.118,133.385,96.5084,66,30.4327,100,19.1036
360,97.5244,133.555,105.868,66,29.9206,100,18.7615
390,98.9001,133.964,104.78,66,29.4086,100,18.3194
420,100.075,136.215,94.5238,66,33.2043,100,18.4113
450,99.6185,138.653,99.4025,66.66,37.332,101,18.782
480,89.3032,136.501,97.4154,66.8602,37.6541,102.872,18.6263
510,91.0722,138.714,97.0152,67.3683,37.0691,96.0676,18.8085
540,91.5631,136.81,98.8134,68.0014,37.5005,96.2022,18.9702
570,87.9215,106.088,77.1367,53.9882,36.7525,94.0959,18.0111
600,86.8242,110.223,78.07,53.0426,36.8096,89.1716,17.4375
630,87.6584,106.998,79.2056,52.6284,37.1681,89.8725,17.4525
660,85.3779,109.326,75.4612,53.9047,36.8331,82.9903,17.1412
690,85.7684,107.177,76.1359,51.9925,38.3389,84.1167,16.1777
720,75.9093,103.11,72.0794,45.3239,36.8077,82.4042,15.535
750,70.5136,94.895,41.5882,44.8235,38.0492,75.25,15.6553
780,66.3128,93.4184,45.0524,45.5451,37.9423,102.624,14.8059
810,68.4175,91.1021,45.142,43.2053,36.8471,97.1765,14.3505
840,66.4942,93.0046,40.9165,57.3745,37.7119,93.9359,15.0253
870,66.6292,90.0008,41.0638,59.0258,37.0877,94.403,14.496
900,67.2029,93.9112,42.7357,56.8386,38.2312,91.1638,14.4326
930,66.9544,93.6885,44.0104,56.6636,37.1174,89.6321,14.168
960,64.0808,119.112,62.8721,57.8628,38.8973,91.0043,14.054
990,70.6304,120.216,83.3957,59.2151,37.891,88.4695,13.7816
1020,68.7684,118.704,85.2252,56.7118,38.9272,87.1746,13.8798
1050,70.5665,120.319,82.501,58.4822,37.9447,80.3043,13.8059
1080,63.8364,112.7,74.7905,49.9327,37.7927,80.2703,14.2025
1110,69.5991,110.083,78.7281,51.1345,37.1712,79.1094,15.4222
1140,70.1959,111.973,78.4305,50.3001,37.2729,73.1806,15.4191
1170,68.2608,108.969,78.9179,50.2098,38.7457,73.3446,14.9598
1200,69.6001,113.536,80.9447,50.6103,38.5056,71.3681,15.1337
1230,83.6019,133.644,96.5299,49.5106,38.4721,68.4563,18.3752
1260,75.7365,111.152,81.6952,48.7241,37.466,64.6164,18.8509
1290,73.3063,111.547,84.1215,49.1715,38.5962,60.1496,18.0226
1320,75.4138,112.523,82.275,48.1183,38.2257,60.4044,18.7685
1350,64.6073,103.127,71.9578,49.665,37.7318,63.5235,13.7886
1380,63.2071,99.8756,72.7441,50.8878,37.1892,63.404,13.9103
1410,81.8422,126.511,91.9175,49.8743,38.5724,64.24,18.3676
1440,91.1995,142.416,99.2875,49.1932,38.3857,62.034,19.6667
1470,93.5012,145.945,103.581,50.4957,37.8743,63.4774,20.0532
1500,95.8796,145.12,103.538,51.1408,38.6094,64.3277,20.5743
1530,79.1821,117.999,83.0665,48.8037,38.2607,61.0481,16.8157
1560,77.0456,114.496,86.9849,48.6499,38.7158,64.941,16.5828
1590,77.8595,116.619,83.3053,48.2362,38.5102,62.5358,16.8307
1620,75.9817,115.134,83.8947,48.5663,37.8742,63.1778,16.1749
1650,64.7553,99.481,70.8848,49.198,38.5798,60.9614,14.1297
1680,64.6885,97.1198,71.8705,48.4852,37.4088,62.5502,13.6834
1710,62.8137,97.5469,69.4336,51.1119,38.0798,61.1833,13.3728
1740,64.166,99.0991,73.8758,50.7653,38.0831,61.5308,13.3682
1770,62.5185,100.272,70.4852,49.9105,37.0372,62.2517,13.306
1800,67.6977,108.254,79.4956,50.047,38.0833,61.7487,15.3214
1830,58.9415,87.9949,61.5301,48.6388,38.5576,62.0245,14.7334
1860,57.1075,86.4214,61.6806,48.3212,38.5371,61.8434,15.476
1890,57.1414,86.5606,60.7057,50.5833,37.0289,62.2649,14.9407
1920,55.2887,88.1168,62.4018,48.8015,36.8613,61.1371,15.4096
1950,57.7693,85.8954,63.984,50.2658,38.4697,65.6648,15.4253
1980,58.496,85.5733,61.0455,49.5355,37.945,62.7152,15.1329
2010,57.0876,88.174,63.3572,48.629,36.8208,64.1296,14.5832
2040,55.021,83.8096,62.5506,49.3705,37.8971,65.0706,15.2209
2070,57.5841,90.4203,63.4682,49.3706,37.2165,62.6752,14.7015
2100,55.1556,86.4597,60.8818,48.2482,37.8961,61.8702,15.1126
2130,67.727,107.099,75.47,50.9784,37.2054,64.9609,15.0547
2160,67.8933,106.37,75.2594,49.7252,37.6672,63.8848,15.8399
2190,67.1323,106.186,77.8006,50.9136,37.5344,62.504,15.2435
2220,70.0348,107.908,76.8361,47.8999,36.9174,63.7874,15.0176
2250,70.2869,108.559,77.7869,48.3988,37.5488,65.4383,14.9905
2280,70.2054,108.153,75.4955,48.4548,37.2288,62.7914,15.5844
2310,70.6736,103.082,77.8119,48.2617,37.6469,62.8904,14.9342
2340,66.4903,108.201,76.1757,50.7433,37.6255,65.1789,15.7137
2370,69.8708,106.201,79.0178,49.8127,37.2482,64.1518,15.5932
2400,70.6456,107.051,78.2602,50.2699,37.3526,60.9261,15.7364
2430,70.1375,105.916,77.2806,50.2436,37.5152,62.3403,15.6752
2460,66.7609,107.978,78.3919,48.5842,37.5851,61.785,14.9767
2490,66.9744,103.474,78.8074,50.9544,37.6675,65.2314,15.3782
2520,66.2496,106.769,75.4868,50.9875,36.9212,60.9169,15.515
2550,69.6205,103.363,76.9241,49.5491,37.5317,61.4011,15.1064
2580,66.7697,105.949,74.5123,48.7685,36.9204,65.0652,15.3537
2610,70.4153,103.319,76.9592,47.9872,36.8331,63.0534,15.7969
2640,70.4828,105.273,76.5326,50.8801,38.2301,64.1291,15.6852
2670,67.2974,107.726,76.6614,51.0025,37.9592,60.746,15.3181
2700,68.3061,103.777,77.443,49.8551,37.5779,64.0613,15.6894
2730,66.5184,99.505,71.4222,50.5917,37.5661,64.9691,14.2045
2760,73.619,106.04,79.2475,58.3775,37.6725,61.7155,14.0611
2790,72.7631,117.976,83.6481,59.1061,37.5197,65.5063,14.2797
2820,71.6864,118.532,82.8854,59.1287,36.5458,65.5263,13.9283
2850,73.2357,116.21,82.9872,58.4829,36.5705,63.9532,13.9159
2880,73.479,115.304,82.7634,58.5857,37.7075,60.9142,13.9033
2910,72.0396,113.597,81.9624,57.1394,36.3895,63.7212,13.6654
2940,73.2729,115.719,81.8633,57.2427,37.0482,62.8095,13.6818
2970,72.7467,114.505,84.9068,57.9174,36.0359,61.0971,13.671
3000,70.3835,116.894,84.7881,56.5193,36.4349,60.7348,14.2187
3030,69.7031,112.261,82.7715,58.4477,36.5762,62.7938,14.3344
3060,71.6996,112.024,82.1442,57.2515,37.0832,62.0253,14.0295
3090,70.008,116.601,85.4267,59.1151,36.1411,63.6779,13.8097
3120,69.9895,116.519,84.2427,57.4719,36.7618,64.7701,13.9117
3150,72.8853,114.149,82.699,58.8605,36.7245,68.5138,13.9316
3180,73.2793,111.929,83.2794,57.0382,36.0353,70.9345,14.04
3210,72.8915,117.786,82.1551,58.9206,36.9664,70.6481,14.1796
3240,72.9711,116.388,81.6277,58.816,36.54,76.3478,13.7145
3270,73.612,119.016,84.2965,57.6772,36.5806,80.0085,13.8067
3300,73.7308,115.613,84.718,57.8704,36.8576,78.4172,14.3027
3330,72.1004,116.984,82.9028,56.7996,36.8981,80.7196,14.2656
3360,69.4759,117.173,85.2896,58.5301,35.6443,82.4813,13.739
