Time,FC,PAS,PAM,PAD,temp,SpO2,FR
-1,97,147,101,85,37.1491,97,19
0,106.7,161.7,111.1,85,36.629,97,20.9
30,105.123,157.886,113.362,85,36.1089,97,21.0639
60,104.245,163.943,112.73,85,35.5888,97,21.28
90,104.098,164.434,112.017,85,35.0687,97,20.6374
120,108.92,162.015,109.014,85,34.5486,97,21.2915
150,106.026,164.183,111.762,85,34.0285,97,21.2217
180,107.843,164.919,112.961,85,33.5084,97,20.8316
210,105.528,162.05,109.505,85,32.9884,97,21.3696
240,109.033,161.744,112.703,85,32.4683,97,20.976
270,108.573,158.232,108.948,85,31.9482,97,21.0055
300,108.569,161.838,110.595,85,31.4281,97,20.4869
330,105.522,162.386,108.343,85,30.908,97,20.9075
360,117.513,161.602,119.443,85,30.3879,97,20.9465
390,118.379,161.7,119.439,85,29.8678,97,20.5904
420,114.982,165.375,109.844,85,31.0565,97,20.8135
450,119.928,165.63,114.605,85.85,32.5558,97.97,20.7906
480,106.532,165.81,111.087,85.9837,33.5714,97.0032,21.2601
510,108.368,165.85,110.506,84.0728,35.4966,103.196,21.2614
540,106.438,164.707,110.241,85.655,35.6032,96.2504,20.8473
570,104.672,133.89,89.7502,67.1651,36.7168,92.5124,20.4866
600,103.876,127.541,87.7687,69.5495,37.3182,90.1871,19.0892
630,103.223,132.558,90.212,67.1216,37.6986,86.6987,19.466
660,100.815,133.393,90.1037,67.8148,36.8617,81.6197,18.7783
690,101.529,125.535,90.0486,68.3517,36.9403,79.3262,18.5162
720,93.0714,113.257,82.0627,62.5743,37.1729,75.1667,17.9927
750,84.5487,108.089,49.004,59.5817,37.9772,71.5973,17.8032
780,86.466,110.084,47.1553,58.0581,37.9225,94.1006,17.3352
810,84.9195,110.002,47.3314,55.963,38.4443,86.7275,16.6218
840,82.5588,106.307,72.7789,73.7543,37.7451,85.8641,16.128
870,81.343,107.498,69.7985,75.2227,38.0305,80.9332,15.5601
900,83.0396,112.765,71.5326,74.2611,37.9783,78.2454,15.3507
930,79.9524,108.952,71.7168,75.2754,37.7759,75.3991,15.7223
960,78.5342,141.151,70.4729,73.0628,37.372,75.8114,15.727
990,87.7275,139.157,96.4419,75.3656,37.9785,70.4206,15.0558
1020,83.3447,142.162,94.6388,76.3824,38.0029,66.8202,15.0693
1050,89.0526,143.62,93.5982,74.0359,37.4533,62.5245,15.792
1080,79.1228,122.079,86.8295,69.9738,37.2839,58.1083,15.6152
1110,85.2946,131.304,88.1137,61.8616,37.1988,55.0057,17.1027
1140,86.9308,129.002,91.893,64.1152,37.3545,53.2113,16.8545
1170,87.4963,131.873,90.6544,64.4688,38.3134,47.6591,17.4155
1200,88.7808,127.152,91.8933,63.6735,37.268,45.4355,16.5368
1230,104.656,154.346,111.25,63.809,37.1957,44.9754,20.4839
1260,89.5805,134.859,102.079,64.653,37.9941,36.8676,20.1934
1290,92.6368,138.308,104.772,63.0463,37.5284,34.6546,20.9356
1320,94.2461,137.067,106.113,65.1856,38.0343,36.9973,20.2157
1350,81.108,114.853,82.7738,65.4452,37.6918,34.4694,15.7192
1380,79.8671,115.684,85.6879,64.1623,37.3379,34.0479,15.6118
1410,103.908,147.897,107.251,63.26,38.0041,34.6356,20.2696
1440,114.276,163.865,116.551,65.0059,38.3923,36.4799,22.035
1470,115.558,168.837,121.493,61.6813,37.5705,35.0611,23.0397
1500,117.821,170.224,118.043,62.4371,38.0422,34.6517,22.9106
1530,96.1674,137.088,93.7822,63.9236,37.582,36.6476,18.8218
1560,96.9372,141.274,96.8309,65.0488,37.3262,35.1109,18.4758
1590,91.6806,141.579,94.4899,63.3283,37.0609,34.1864,18.2895
1620,94.1863,137.366,95.0814,62.5698,38.2615,36.6147,18.2888
1650,79.6173,120.28,80.2965,62.621,38.5936,34.9721,15.9121
1680,77.8816,118.956,81.56,62.9839,37.74,35.2612,14.9898
1710,80.3173,116.61,81.6573,65.1826,37.2685,38.2326,15.1069
1740,78.1275,119.881,81.2916,65.4161,37.04,38.4963,14.9783
1770,81.3015,115.917,80.6098,63.1655,36.8564,37.2897,15.4888
1800,84.394,130.44,87.8469,63.3947,37.6678,38.9558,17.1403
1830,67.5056,99.241,72.9658,65.1883,37.8427,36.527,17.0689
1860,72.4926,100.057,73.2067,62.9721,36.8821,36.4168,16.5834
1890,68.8835,100.209,69.9661,62.6505,37.8645,37.8418,17.0025
1920,71.5131,100.581,69.3359,65.0298,36.8271,36.53,16.5923
1950,70.9268,101.185,73.4721,64.5893,37.6555,37.6678,16.9236
1980,68.4039,98.9844,69.3076,62.1269,37.3291,39.0918,16.827
2010,70.2823,101.224,71.7714,65.1314,37.8394,38.4058,16.4349
2040,69.2952,102.484,71.9144,62.0618,38.1814,37.9755,17.3149
2070,73.0303,99.5141,68.8574,64.3895,37.6377,38.9285,16.728
2100,68.252,103.079,73.0447,63.276,37.9202,38.9487,16.9014
2130,82.5059,129.061,89.506,64.6535,37.0959,36.5933,17.2079
2160,81.6433,123.876,87.5638,63.2861,38.0531,35.0045,17.1704
2190,85.8438,128.768,86.4739,64.8685,36.613,36.2311,17.0789
2220,85.5354,124.15,88.4296,65.3921,38.2063,36.7671,16.9345
2250,85.7507,125.098,88.5823,65.5402,37.0958,37.2596,17.308
2280,85.596,121.922,85.1446,64.7882,37.0704,37.3974,16.7891
2310,82.8482,127.783,87.744,65.862,37.5866,38.7305,17.4395
2340,85.8665,123.812,85.1574,63.5814,37.5106,38.1733,17.0093
2370,84.9565,123.776,87.6606,63.0679,37.6931,35.63,16.9198
2400,82.1669,128.614,89.1599,65.1752,38.0612,38.8068,17.2517
2430,83.3039,125.931,88.1726,63.9844,36.9188,35.3418,17.223
2460,87.1949,122.296,85.9179,64.8082,37.0803,35.9553,16.8663
2490,81.7298,122.392,87.3007,64.3794,37.0936,34.4982,17.6845
2520,82.4057,123.906,85.6107,62.8168,36.6545,34.3298,16.7689
2550,82.1831,129.035,88.0663,63.4928,37.1963,35.6264,17.6918
2580,86.0928,125.338,87.2498,64.9755,37.4185,37.803,17.2076
2610,87.2972,121.761,88.3477,61.8258,36.6472,35.1049,17.3804
2640,84.9181,123.011,88.0415,64.8507,37.2597,38.2309,16.6895
2670,85.4624,128.053,85.0992,65.0884,37.6665,37.8011,16.9132
2700,83.5478,129.531,85.6147,65.8957,37.175,37.5352,17.8992
2730,78.3097,116.792,79.9712,61.8771,37.104,38.8615,16.0277
2760,90.9943,133.283,89.4449,67.5745,36.8629,36.1045,17.3335
2790,93.0631,133.912,97.1992,73.965,38.1193,34.3898,17.0775
2820,93.3914,138.814,94.7848,75.7411,37.6367,37.6017,18.1353
2850,91.2369,135.725,95.5466,72.8558,37.6247,38.6311,17.919
2880,91.8795,139.964,93.9693,74.993,37.9962,34.7516,19.0073
2910,93.1921,137.207,96.5799,76.1575,37.4755,37.9405,18.9783
2940,96.404,139.944,96.1233,73.1555,37.2223,35.4053,19.1033
2970,94.9979,141.321,92.3415,73.4721,36.7442,37.6271,19.9485
3000,100.157,138.529,96.7083,72.1422,37.0154,35.2017,20.597
3030,97.283,136.115,95.7152,73.9364,37.6668,36.63,20.7234
3060,97.693,135.652,97.1412,75.9463,38.121,37.4862,20.5061
3090,98.3242,141.124,94.2748,74.7058,37.7425,36.504,20.3055
3120,101.43,134.903,95.2976,75.9318,37.5922,36.3747,21.3382
3150,96.0151,138.882,96.1197,73.4873,37.9388,36.2237,21.1881
3180,99.1473,141.06,93.4799,76.1729,36.4265,35.1518,21.298
3210,95.9705,140.692,92.6429,74.3583,37.5113,36.7702,20.5591
3240,98.3312,141.776,92.9503,74.1829,36.3276,37.9448,20.7835
3270,101.562,136.448,94.6469,75.826,37.0493,34.6325,20.8427
