Time,FC,PAS,PAM,PAD,temp,SpO2,FR
-1,75,147,102,78,36.7663,100,15
0,82.5,161.7,112.2,78,36.2516,100,16.5
30,83.3133,158.678,114.556,78,35.7369,100,16.8966
60,84.3435,160.254,113.123,78,35.2222,100,16.3987
90,82.1149,164.481,111.767,78,34.7074,100,16.7789
120,82.828,161.848,111.596,78,34.1927,100,16.8517
150,81.169,161.206,113.823,78,33.678,100,16.3856
180,82.1821,158.885,112.124,78,33.1632,100,16.2481
210,81.7805,162.135,112.283,78,32.6485,100,16.8878
240,81.9524,160.452,113.968,78,32.1338,100,16.6691
270,83.0282,165.566,110.653,78,31.6191,100,16.5398
300,84.3427,159.669,114.927,78,31.1043,100,16.4512
330,80.8473,165.397,112.714,78,30.5896,100,16.2513
360,91.7336,162.724,124.882,78,30.0749,100,16.6571
390,89.6172,165.605,120.875,78,29.5601,100,16.447
420,83.6778,160.908,122.994,78,30.3041,100,16.4888
450,82.7393,160.65,124.785,78,31.0481,100,16.3106
480,84.5002,159.327,110.678,78,31.7921,100,16.7396
510,81.9186,163.925,112.592,78,32.5361,98.5915,16.4649
540,82.2182,125.921,91.1235,62.4,32.9547,95.6173,15.4267
570,80.5154,132.915,92.1053,62.4,33.6987,93.2586,14.9239
600,79.0871,129.429,90.9416,61.8586,33.814,95.2757,15.0753
630,77.3109,131.532,90.6474,63.4255,34.9522,91.7462,14.5786
660,75.0339,117.141,81.6764,56.6915,35.7575,88.107,14.2847
690,65.795,109.775,46.7221,53.1903,36.6843,87.5056,14.0768
720,65.0909,111.897,46.8454,53.1547,36.1317,95.5604,13.4724
750,64.3867,111.27,47.7608,52.7525,36.2843,91.7326,13.1464
780,63.6825,109.115,49.1777,52.723,36.0712,94.5139,13.1785
810,62.9783,107.906,49.5746,51.674,36.9504,89.9828,12.447
840,63.521,109.143,46.7437,53.5538,35.8194,88.1959,12.1537
870,62.2497,142.672,70.861,53.5691,35.6727,89.7179,12.2161
900,63.5174,137.941,70.718,53.7294,36.1169,88.669,12.2507
930,68.0929,134.791,96,68.4862,37.2229,88.4661,12.1183
960,67.2287,136.38,92.6217,69.7818,37.7823,89.2093,11.9607
990,64.711,137.813,95.4493,68.1612,37.8125,84.6336,12.2717
1020,64.2051,126.988,88.7386,64.2774,36.7891,85.1541,11.8479
1050,66.0361,127.5,90.4236,57.9257,36.7702,81.7597,13.0094
1080,69.2226,130.668,88.8966,58.8746,36.7543,78.1523,13.2531
1110,66.5448,125.439,89.4183,57.8817,37.344,80.8486,13.2712
1140,67.819,126.813,91.411,57.6858,37.6371,77.5234,12.88
1170,67.0406,128.223,90.8542,57.9592,37.8651,77.1439,13.4933
1200,67.3147,127.725,89.4653,57.8326,36.8092,72.0447,13.1751
1230,62.2299,114.002,82.8921,57.0627,36.6432,74.5174,12.0128
1260,63.101,117.886,80.4823,58.5835,36.5375,72.4426,12.3255
1290,59.691,115.244,80.0065,57.7922,36.1409,70.4574,12.2033
1320,59.3446,114.307,81.7301,57.8514,37.4189,70.6458,12.1873
1350,76.8075,149.414,106.555,59.3034,37.8511,70.88,15.9057
1380,77.3546,148.272,105.01,57.6185,36.9126,70.8608,15.867
1410,79.0032,147.508,106.669,59.0601,37.6315,71.8447,15.3856
1440,79.6658,146.951,106.858,59.2843,37.137,70.4112,15.4525
1470,77.4813,150.374,107.167,58.0592,37.1372,71.5536,15.5061
1500,78.37,146.642,104.621,59.0772,37.3706,71.4291,15.3487
1530,76.9207,146.127,107.279,59.2184,36.9475,71.8606,15.7222
1560,77.5288,148.528,106.625,57.429,37.5577,71.5662,15.3528
1590,77.7665,150.63,104.793,58.7391,37.5397,70.4496,15.3729
1620,77.7301,150.433,105.239,59.3433,36.2393,71.8698,15.7557
1650,79.3316,147.031,106.604,59.4512,36.7895,72.0732,15.8145
1680,79.593,147.972,105.378,57.3774,37.8956,70.6803,15.5377
1710,79.3258,150.15,105.309,57.3565,37.4657,72.2544,15.8419
1740,78.4051,150.76,107.273,59.3682,37.6021,71.207,15.8244
1770,79.8075,145.632,105.641,58.8075,36.6256,71.0651,15.7175
1800,78.9313,151.08,105.349,58.3716,36.894,72.871,15.7601
1830,77.9616,146.151,103.931,57.4948,37.8296,71.7168,15.5483
1860,79.0009,146.813,104.491,57.5789,36.4042,70.6918,15.408
1890,76.3516,148.394,107.38,59.3852,37.0767,71.6668,15.7019
1920,79.5216,149.829,104.668,58.321,37.5084,72.32,15.348
1950,85.2364,163.057,115.802,58.6536,37.3987,72.7393,17.1186
1980,86.9339,161.683,113.741,57.9036,37.1631,71.5745,16.9615
2010,87.3149,163.167,115.784,58.9858,36.3311,72.4186,17.0083
2040,86.9871,160.99,114.003,58.3103,36.0855,71.9155,16.5978
2070,87.3695,161.27,113.218,59.6016,37.7,72.8263,16.981
2100,86.6675,163.757,114.761,57.6171,36.2221,72.4246,16.9705
2130,86.9405,160.828,113.746,58.0807,37.5902,70.2389,16.7004
2160,88.0425,163.898,116.239,58.6295,37.8857,70.791,16.6706
2190,88.145,163.99,113.571,58.9732,36.1624,71.0954,17.0564
2220,87.9215,160.683,114.384,58.3172,37.7376,72.9236,17.0681
2250,88.1215,163.351,114.392,58.6525,37.651,72.1415,16.6218
2280,86.9605,163.38,113.898,58.6107,36.8306,70.7091,16.7414
2310,85.8816,161.734,114.441,57.9184,36.316,72.0448,16.6592
2340,85.077,164.801,116.28,57.1896,36.2367,71.1188,16.9672
2370,88.1517,160.909,114.372,59.5111,37.6777,72.6273,16.9593
2400,87.1404,162.267,115.466,57.9712,36.2908,73.0929,16.5861
2430,86.3984,160.46,113.93,59.3705,36.994,72.323,16.7529
2460,63.6174,117.632,83.9682,59.075,36.5128,71.1639,12.6822
2490,62.4654,119.312,84.3699,57.7478,37.627,72.9784,12.2819
2520,63.9224,119.947,85.7429,58.0638,36.4404,71.9091,12.628
2550,62.4277,118.818,85.578,59.1683,37.3148,70.5893,12.584
2580,61.8755,120.489,82.4774,59.0518,36.3718,71.5645,12.4868
2610,62.7429,120.146,84.2696,58.8501,36.814,70.2835,12.126
2640,62.1471,121.143,83.5052,59.4605,37.3542,70.7557,12.3446
2670,64.6134,120.026,83.0801,57.4591,36.6111,70.2979,12.1329
2700,64.8832,116.703,85.3769,57.259,37.9105,72.6577,12.6931
2730,61.8209,117.36,84.3356,58.3932,36.1679,70.2569,12.2783
2760,62.9429,116.054,83.4829,58.7662,37.9122,71.9856,12.5103
2790,67.7923,127.334,87.6714,58.4628,37.0584,70.7904,13.4281
2820,68.3048,124.243,90.7853,59.0175,36.7818,72.0054,13.5117
2850,66.6124,125.349,90.8393,58.337,37.3651,71.2393,12.984
2880,68.0244,125.006,88.9757,57.4432,36.8195,72.1151,13.4959
2910,66.6933,124.297,89.6369,57.138,36.1006,71.7628,13.3523
2940,67.2556,126.983,89.318,57.9,37.8127,70.9482,13.0282
2970,66.4113,127.731,87.8615,58.7918,36.5801,72.8434,13.078
3000,68.8716,124.264,88.8121,58.8468,37.1653,72.1349,13.5149
3030,68.9531,124.577,90.7137,57.9609,37.0342,71.1401,13.2338
3060,67.2061,127.636,88.1417,57.1211,37.0893,71.8803,13.2155
3090,67.0434,127.497,89.9122,59.0974,37.2911,72.1239,13.2575
3120,68.7194,125.918,90.4686,59.3394,37.4671,70.3099,13.3275
3150,66.4892,126.78,89.6941,57.8162,37.8558,71.1844,13.3939
3180,67.0189,126.555,88.3935,56.9533,36.9478,71.1629,12.9921
3210,65.2655,127.899,89.6936,58.2852,37.3465,70.5621,13.1379
3240,66.4999,127.231,90.8312,57.6582,36.6027,71.8766,13.0471
3270,65.3328,126.297,90.7055,57.94,36.5789,71.178,13.5875
3300,67.9012,124.304,90.1586,58.0923,37.4017,71.0761,14.0193
3330,67.3979,127.243,91.3026,59.1242,37.5213,71.5834,13.8652
3360,65.1619,125.873,89.4583,58.5582,37.6685,68.6958,13.9837
3390,57.9418,115.237,83.7302,57.7608,37.0964,68.6666,12.9344
3420,60.5476,127.63,91.987,62.3221,37.2716,66.0977,12.6695
3450,65.4608,132.535,98.5953,66.912,37.3943,66.337,12.7645
3480,66.0801,134.176,99.0246,67.251,37.3988,64.241,12.7204
3510,64.8083,136.839,98.8281,67.0292,36.5513,62.5396,13.4817
3540,65.1448,133.927,97.2536,68.2601,36.8701,62.6517,13.3608
3570,67.0836,132.403,98.5285,68.564,36.3455,62.136,13.1231
3600,67.2135,132.946,97.155,67.3379,37.035,60.3409,12.942
3630,65.5077,135.475,95.3936,67.0447,36.8286,60.7824,13.2924
3660,66.9142,137.313,98.4007,68.4795,36.4894,57.7554,12.9522
3690,67.5855,135.91,97.1601,67.3181,37.4113,56.6816,12.7245
3720,68.9256,137.102,98.4673,67.932,36.113,55.5335,12.5913
3750,68.6556,135.643,96.368,68.0654,36.4509,54.5726,12.5619
3780,69.5702,133.087,95.4229,66.6211,36.2243,54.993,12.5601
