Time,FC,PAS,PAM,PAD,temp,SpO2,FR
-1,83,191,148,113,37.1318,96,18
0,91.3,210.1,162.8,113,36.612,96,19.8
30,92.3241,213.372,163.785,113,36.0922,96,20.1332
60,89.6364,207.072,166.121,113,35.5723,96,19.6989
90,91.712,211.417,166.618,113,35.0525,96,20.205
120,92.0942,209.769,159.404,113,34.5326,96,19.3673
150,91.5321,211.449,161.503,113,34.0128,96,19.4558
180,91.6861,207.128,166.567,113,33.4929,96,19.3841
210,89.2192,215.29,161.096,113,32.9731,96,19.718
240,90.6155,206.468,159.084,113,32.4533,96,20.0723
270,90.0678,209.158,160.72,113,31.9334,96,20.077
300,90.7236,209.067,162.061,113,31.4136,96,20.1959
330,92.9649,207.724,159.69,113,30.8937,96,20.2717
360,102.456,210.338,182.607,113,30.3739,96,19.8351
390,101.122,213.502,180.305,113,29.854,96,19.7259
420,90.9975,208.776,181.492,113,30.1518,96,19.9835
450,89.4566,208.831,182.633,114.283,30.7034,93.7955,20.154
480,92.7864,205.052,165.96,113.124,30.5084,94.4786,19.3005
510,92.86,208.108,164.711,115.195,31.1432,99.1024,19.8065
540,87.8582,211.957,156.29,115,32.1455,98.4402,19.5887
570,91.4022,163.084,128.265,89.3953,30.5138,95.2707,19.2134
600,90.9299,168.019,132.126,91.7755,32.5107,91.826,18.4382
630,87.1327,168.794,126.833,90.476,32.3484,90.7286,17.7333
660,89.5184,168.862,134.291,91.7263,32.6879,85.045,18.0793
690,85.9427,160.898,130.907,90.2096,32.6293,83.9601,16.4946
720,79.1781,152.697,115.952,84.5259,33.4887,79.35,17.3598
750,72.8609,143.537,69.3338,75.9835,32.5448,77.798,16.4904
780,73.9111,141.752,67.4216,76.1236,33.8739,86.973,16.2657
810,71.8555,140.147,71.1414,75.5583,34.1913,85.4011,15.8089
840,71.079,144.259,68.3032,97.4126,33.5885,81.4341,14.7612
870,69.5563,138.034,70.6554,97.7607,34.0092,77.9609,14.661
900,71.4667,185.263,102.601,99.9234,35.0768,75.3322,14.7957
930,71.4242,188.834,100.487,97.3235,35.8824,72.963,15.3694
960,68.5344,185.238,101.386,99.0098,35.9353,74.5315,15.1156
990,75.9993,186.44,135.657,96.3528,35.8495,70.2189,15.1607
1020,75.6596,183.265,131.418,99.9897,35.668,68.8483,14.9831
1050,74.8593,184.64,132.179,97.7041,37.525,61.7295,15.036
1080,66.375,176.888,124.833,92.6372,37.1073,59.1874,15.194
1110,74.5355,175.949,129.265,83.8509,38.1115,57.1767,16.5997
1140,73.5806,173.011,126.416,82.2873,36.7606,53.2032,16.9453
1170,73.604,174.386,127.676,86.0834,37.639,49.9353,16.5638
1200,75.523,178.085,128.854,85.2439,36.9531,47.2044,16.7677
1230,89.5116,215.056,153.398,84.6677,36.4317,43.2889,20.5601
1260,78.8074,171.545,116.455,84.4636,36.999,42.3106,20.4832
1290,79.5554,176.933,120.652,82.4266,36.5238,39.7571,20.1653
1320,79.9502,171.048,117.219,82.562,37.4027,41.1439,20.3344
1350,78.5325,170.584,117.767,85.101,36.7636,39.6061,20.4787
1380,79.7175,174.796,118.594,82.427,37.214,41.3608,20.3964
1410,80.4804,175.183,121.419,83.8305,37.7103,42.9802,20.2475
1440,79.9659,169.528,120.471,83.1663,37.5716,43.4035,20.5908
1470,80.2264,170.9,120.232,82.3145,37.0401,43.4838,20.1048
1500,80.7918,172.077,119.232,81.5868,36.7956,42.3023,20.0268
1530,92.3051,210.045,152.418,86.0553,36.5488,41.1272,21.8478
1560,93.8456,206.612,149.479,82.3212,37.0801,39.4838,21.6745
1590,92.8988,211.7,153.103,86.2571,36.8101,40.5906,21.2012
1620,91.9606,212.084,148.643,83.6119,37.2085,42.3685,21.5599
1650,92.7726,208.296,150.931,83.6231,38.6018,40.7237,21.5976
1680,91.711,209.625,152.535,85.6814,37.9582,41.8289,21.1895
1710,93.6903,208.106,148.406,84.6515,36.0038,42.8347,21.3294
1740,92.0788,211.835,152.136,83.6641,36.7646,44.0894,21.8602
1770,94.0192,208.712,150.143,84.4022,36.8777,40.2493,21.437
1800,92.0619,212.621,149.542,85.4507,37.7828,43.7759,21.3701
1830,91.7992,212.773,153.741,82.3638,36.7239,41.4812,21.4588
1860,93.0757,205.72,153.172,86.1434,37.214,43.7008,21.1755
1890,92.2274,206.73,151.97,83.8769,38.0084,43.6849,21.9065
1920,93.9851,205.866,152.775,83.192,37.7168,42.5758,21.8572
1950,93.463,209.819,148.547,85.1185,36.2102,40.1957,21.6248
1980,93.3814,213.305,151.528,85.6211,37.1507,43.8637,21.8961
2010,98.6906,226.04,163.648,83.2819,36.0514,41.0633,22.6594
2040,97.7909,222.389,162.909,82.1704,37.9776,39.6264,22.0722
2070,98.2558,222.389,166.901,84.528,36.1271,40.61,21.9148
2100,96.7524,228.215,166.349,85.3167,36.6775,43.0764,22.4928
2130,97.5274,222.973,161.772,84.1528,36.4729,41.984,22.4879
2160,98.3692,228.416,166.334,82.3755,37.8776,41.4635,22.0306
2190,100.121,224.752,165.851,83.777,35.762,41.9297,22.301
2220,99.4456,224.777,162.877,86.0316,35.1332,42.8818,22.1955
2250,97.1199,228.364,166.619,84.1766,36.0287,40.958,22.4497
2280,97.3246,223.101,166.304,85.8902,35.4173,39.9063,22.6927
2310,98.8266,228.97,163.89,81.7784,38.1984,42.2551,22.4088
2340,97.6862,228.833,164.579,83.4842,36.8945,43.3504,21.9057
2370,96.7139,227.574,164.475,82.6878,36.579,44.0945,22.1493
2400,100.298,228.404,162.456,81.7006,35.4358,39.6849,22.4223
2430,97.1241,225.864,165.352,81.5897,36.0681,42.7232,22.4883
2460,96.9276,223.667,161.992,86.0865,37.3574,44.2317,22.3178
2490,98.8427,226.092,165.705,84.9469,36.7003,39.6702,22.1882
2520,100.548,228.958,169.17,84.0487,36.5146,40.4255,22.5684
2550,102.139,234.275,171.006,83.1512,35.6305,39.9139,22.2087
2580,100.883,228.727,167.941,81.7643,35.2505,42.3436,22.6149
2610,101.211,229.701,169.563,81.6104,35.6686,41.3932,22.4242
2640,101.466,233.346,167.01,82.7881,35.4386,44.2083,22.0988
2670,99.0934,232.365,169.436,82.6353,35.6036,41.849,22.4778
2700,101.469,232.413,170.544,85.6618,36.4611,42.5363,22.39
2730,100.716,227.508,169.693,84.1678,37.1824,39.8429,22.2443
2760,101.094,227.861,170.073,85.4525,36.0197,44.0518,22.3377
2790,99.3027,230.239,170.583,82.2511,36.2955,43.1047,22.4983
2820,101.58,230.331,169.582,84.2188,35.6052,39.6853,22.1089
2850,99.2773,231.816,170.542,84.8621,36.3615,44.3401,22.878
2880,101.644,232.107,171.688,81.9078,35.8192,41.8965,22.252
2910,99.0909,228.815,168.739,86.1431,34.9029,42.3132,22.9199
2940,100.233,228.296,169.98,86.1897,35.638,39.6277,22.3741
2970,98.986,233.552,172.438,83.8905,36.713,41.6428,22.2889
3000,100.4,230.41,167.866,84.1933,37.4383,42.7072,22.2675
3030,101.605,236.535,167.012,86.7869,35.5403,44.2553,22.5346
3060,101.084,232.486,168.887,85.748,35.1466,44.4412,22.2862
3090,98.7455,236.142,169.952,83.9617,37.7121,41.7952,22.429
3120,99.4686,233.523,171.429,83.2364,35.5755,40.9714,22.2251
3150,99.9715,230.849,173.169,84.0205,37.7578,43.4555,22.6101
3180,100.255,229.277,168.798,84.4897,35.6159,42.4605,22.5708
3210,99.1375,228.982,172.285,86.8971,34.7856,40.9502,22.3693
3240,101.78,236.419,170.081,82.6045,36.1302,40.2571,22.7251
3270,102.234,228.947,173.944,86.0478,37.5564,41.2879,22.5183
3300,101.171,232.575,172.979,83.6263,36.3094,42.2513,22.7828
3330,98.8771,232.508,172.391,84.3195,37.361,40.5108,22.4646
3360,99.8964,236.579,171.034,83.2986,36.4919,40.4343,22.4133
3390,98.1077,235.262,169.371,85.169,36.2577,39.8632,22.2541
3420,98.6898,235.015,171.546,85.4403,35.1591,35.9884,22.3487
3450,97.1819,229.662,173.528,84.4256,35.4613,37.0122,22.6269
3480,95.3432,231.586,168.758,82.5976,37.8385,33.9499,22.2358
3510,94.2225,236.653,169.79,83.6867,34.829,33.2052,21.9024
3540,75.5631,184.815,139.923,86.8793,35.5788,31.272,21.9023
3570,73.6012,186.348,139.06,84.1843,36.9084,29.3432,21.9433
3600,75.5605,186.824,137.49,86.0871,36.6347,27.9608,21.706
3630,74.3752,186.356,137.478,85.9527,36.8886,29.626,21.7429
3660,73.4764,188.703,136.164,85.0928,36.9902,27.8179,21.6769
3690,77.3095,186.57,138.288,86.1701,37.4806,23.3496,22.1575
3720,75.3349,187.254,138.284,85.0135,36.403,27.7044,22.274
3750,75.803,191.648,138.99,84.8316,37.0279,29.8429,21.6149
3780,76.5693,190.454,138.96,86.8372,35.8714,28.3622,21.8604
3810,79.6909,187.876,136.159,85.3279,35.4581,31.532,21.9921
3840,76.9553,182.533,129.388,82.4554,36.7732,35.9697,17.6391
3870,77.6546,179.734,130.232,85.3369,37.8755,36.6408,17.1428
3900,77.9308,177.826,135.006,83.2475,35.6406,37.7781,17.3676
3930,77.2714,181.19,134.805,86.7112,36.625,38.9964,17.5584
3960,75.5486,179.618,132.645,85.7551,35.6079,40.6623,17.7533
3990,78.7284,180.622,131.721,86.8574,35.5345,40.5144,17.2834
4020,76.4555,184.002,131.573,87.0821,36.2421,43.8871,17.5729
4050,77.3924,178.127,132.085,84.8338,37.2059,44.5267,17.6432
4080,76.5873,181.534,131.418,85.0681,36.2138,48.9878,17.1994
4110,76.5439,182.69,129.467,86.63,36.2968,50.7319,17.3216
4140,75.3778,180.296,130.664,82.9279,36.4564,56.6438,17.1696
4170,78.4592,177.591,132.702,84.7087,36.0108,57.0301,17.516
4200,76.6585,180.494,129.605,85.2514,35.9969,62.7837,17.6793
4230,76.3384,182.423,132.782,83.6937,37.4403,64.97,17.8412
4260,76.2669,182.655,129.369,86.2818,36.6573,69.7095,17.3459
4290,75.1256,180.075,133.868,83.1392,36.6776,71.6505,17.6007
4320,77.2193,182.246,130.469,86.8548,36.7258,74.5819,17.5613
4350,78.0481,178.17,134.215,85.5891,35.3112,77.3092,17.3697
4380,76.1066,181.24,130.025,85.7687,35.3836,77.4865,17.4361
4410,77.3814,182.644,132.582,86.4441,36.4617,82.765,17.3874
4440,67.1802,162.439,116.9,84.056,37.5248,88.004,14.8108
4470,75.2558,175.153,125.759,90.7494,36.2507,89.7842,14.8206
4500,75.8052,187.596,135.875,100.078,36.5525,87.9165,14.8492
4530,74.44,187.973,136.934,100.149,36.3412,87.6907,14.622
4560,76.4229,185.21,138.233,97.3339,36.4026,90.2166,15.0765
4590,75.4747,188.18,135.563,98.664,37.2022,83.0958,14.5029
4620,76.7626,182.677,140.453,98.8527,35.8035,83.4641,14.8555
4650,74.8158,184.778,137.197,97.5589,36.3546,85.6417,15.1902
4680,75.1104,181.963,136.189,99.6769,35.7655,85.6976,14.4539
4710,77.7469,186.677,138.318,98.9069,36.7041,86.2886,14.6206
4740,77.6906,186.155,139.804,97.9072,37.9867,87.4276,14.5023
4770,76.1026,183.566,137.299,100.135,34.5323,86.8609,14.6446
4800,74.9395,181.197,135.026,100.232,35.8136,87.3413,14.4596
4830,75.6782,184.977,138.664,100.53,35.4963,83.7755,14.5266
4860,74.4275,180.969,137.917,100.711,35.4048,83.236,14.8605
4890,77.4121,184.898,137.218,100.217,35.8967,83.6036,15.0104
4920,75.4775,182.361,138.464,98.0468,37.0651,85.1449,14.6309
4950,74.5793,181.717,135.989,97.3716,36.1587,84.8663,14.884
4980,75.9887,188.536,138.114,98.4212,36.4732,83.0928,14.6636
5010,74.9254,184.541,135.844,99.448,36.4453,85.0588,14.4808
5040,76.3913,181.291,137.748,98.1018,37.4568,84.1822,15.0208
5070,74.6298,188.076,135.482,99.0931,35.3957,81.8541,14.8356
