Time,FC,PAS,PAM,PAD,temp,SpO2,FR
-1,112,147,100,78,37.2078,95,22
0,123.2,161.7,110,78,36.6869,95,24.2
30,125.012,157.909,111.156,78,36.166,95,24.4371
60,125.927,160.908,110.263,78,35.6451,95,24.489
90,120.776,158.392,112.446,78,35.1242,95,24.5077
120,124.379,159.264,110.797,78,34.6033,95,23.6068
150,123.3,163.374,108.611,78,34.0823,95,24.4425
180,122.476,158.266,111.268,78,33.5614,95,23.6118
210,124.978,157.789,109.532,78,33.0405,95,23.6682
240,120.596,162.441,108.077,78,32.5196,95,23.8049
270,124.902,164.688,109.291,78,31.9987,95,23.6504
300,122.774,163.456,111.385,78,31.4778,95,23.6347
330,122.453,165.329,107.839,78,30.9569,95,23.8111
360,133.124,164.378,119.1,78,30.436,95,24.4166
390,136.04,159.646,119.528,78,29.9151,95,24.1393
420,138.023,158.024,109.012,78,30.3087,95,24.2259
450,134.431,164.906,108.568,78,30.7023,95,24.5702
480,120.859,165.358,111.407,78,31.0959,100,23.6721
510,124.031,160.921,108.272,78,31.4895,98.4987,23.9951
540,123.029,128.057,85.8498,62.4,31.5682,96.2029,22.4887
570,119.028,133.428,87.5627,62.4,31.9618,93.0046,22.268
600,121.163,130.403,89.5597,61.0848,32.6623,90.8507,22.5302
630,120.11,130.65,85.8314,61.8157,32.6549,89.5463,21.5899
660,104.306,117.458,77.5025,57.1976,33.2036,89.8424,21.5607
690,95.2281,107.727,53.5688,53.4071,33.6696,84.1209,21.0865
720,94.221,106.03,51.8929,51.9781,33.3009,92.9487,19.7764
750,93.2138,113.791,54.1133,53.677,34.5108,88.5561,20.2893
780,92.2067,109.723,51.9432,51.9763,34.745,89.8797,18.6223
810,91.1995,107.866,53.7994,68.7276,35.4242,88.5492,18.3225
840,89.8645,111.774,53.0548,68.2164,34.9436,86.0568,18.6166
870,88.9331,144.986,53.9547,69.245,36.2128,84.3847,19.0503
900,88.2479,141.761,54.0364,68.3673,36.6064,84.9596,18.4541
930,96.5227,142.057,94.5606,69.9453,37,83.0982,18.2326
960,96.2598,142.905,94.794,68.733,37,81.5281,18.2865
990,92.2733,138.974,94.3358,69.5394,36.8091,79.1772,18.1635
1020,85.0289,132.744,80.1506,62.5372,37.084,76.0546,17.712
1050,97.2421,134.004,89.3586,57.7247,36.5224,75.1394,19.465
1080,97.0791,132.487,91.7142,58.3951,36.5393,73.1628,19.4388
1110,96.337,130.76,92.165,59.1319,36.5015,70.0168,19.9115
1140,95.6537,134.57,89.9425,59.0911,37.3215,69.8818,20.1835
1170,95.5696,135.313,94.8136,57.3499,37.2173,65.0294,20.2196
1200,99.0234,133.411,94.1566,58.9477,37.8752,64.0138,20.1057
1230,86.3678,120.801,84.0123,59.5474,37.67,63.373,17.9929
1260,89.4672,117.301,84.2236,58.0967,37.4053,59.9259,18.3752
1290,87.9853,122.025,83.5166,58.1752,36.3817,59.3622,18.2226
1320,86.7991,121.013,84.392,58.8858,37.2252,58.2579,18.0636
1350,111.976,157.335,108.813,58.7058,36.4726,58.8608,23.0696
1380,111.005,152.41,107.819,59.5733,36.4349,60.0089,23.3993
1410,114.925,157.156,107.066,58.1289,37.744,59.1052,23.8294
1440,110.336,154.234,108.191,57.9612,36.4334,60.4988,23.1175
1470,114.391,156.562,108.3,57.4718,37.6279,60.6899,23.786
1500,110.262,152.54,110.164,57.6302,36.4933,58.9169,23.2396
1530,112.243,156.347,109.285,57.8587,37.4967,60.3153,23.721
1560,113.614,157.18,109.341,58.9261,36.8008,58.7485,23.1313
1590,113.143,156.482,107.703,58.0354,37.3438,60.2161,23.5565
1620,112.823,154.443,108.498,58.5084,37.1708,59.63,23.7727
1650,114.407,154.273,107.159,57.6086,36.5363,60.6395,23.5428
1680,110.064,153.953,108.179,58.7946,36.7072,61.3537,23.4167
1710,113.948,157.388,108.917,57.8216,37.6192,60.7564,23.6763
1740,112.798,153.692,108.053,57.1113,37.5548,60.7106,23.595
1770,112.1,152.093,108.6,57.5392,36.9651,60.1849,23.4334
1800,113.929,153.052,107.013,58.9466,37.1779,59.8085,23.4236
1830,115.057,153.826,110.102,58.7459,36.7343,59.9321,23.9195
1860,111.006,152.74,109.525,58.8554,36.9872,58.976,23.7138
1890,111.56,155.984,108.361,58.786,37.535,60.9832,23.8366
1920,111.437,153.84,108.204,56.9879,37.1402,59.8252,23.7028
1950,120.757,168.993,117.147,57.2743,36.2258,59.0728,25.9878
1980,122.192,167.551,119.277,58.6329,37.2297,60.1036,25.5927
2010,120.459,167.722,116.84,58.0636,36.5213,60.1305,25.3741
2040,119.987,166.845,120.092,57.7759,37.3611,59.768,25.5576
2070,121.295,168.9,116.653,58.1493,36.8732,59.5154,25.7835
2100,122.6,166.595,117.688,59.4732,37.4711,59.1999,25.8043
2130,121.882,168.235,119.811,58.289,36.2285,58.9915,26.1016
2160,121.574,167.819,116.489,57.9123,37.644,58.9452,25.8741
2190,122.776,166.881,119.952,59.125,36.1698,58.961,25.5195
2220,122.436,166.339,119.43,59.591,37.0673,59.3015,26.1324
2250,121.404,166.396,118.359,58.7456,37.633,59.9993,25.4374
2280,124.842,167.518,116.746,57.6356,37.8683,59.1408,25.8261
2310,124.267,165.443,117.4,57.9389,36.8645,59.4565,25.4474
2340,122.41,166.203,118.067,59.4991,36.9369,59.5527,26.1412
2370,119.834,167.205,119.725,57.7564,37.2897,59.9423,26.1528
2400,122.534,169.699,116.954,58.0992,36.6483,59.4491,25.8901
2430,121.34,166.599,117.464,57.2451,36.7703,60.2219,25.7015
2460,91.735,124.219,87.2695,57.7176,37.8554,59.1378,18.5888
2490,89.7098,121.954,85.6244,58.1168,37.4341,59.1465,19.0265
2520,89.5086,122.867,87.4463,59.3238,36.7231,60.9327,18.6594
2550,90.9606,120.291,88.5329,59.4486,36.6783,59.5766,18.4097
2580,91.1876,124.495,86.7553,58.306,37.0644,59.2864,19.078
2610,90.0846,121.343,85.007,59.4169,37.1056,59.4504,18.6973
2640,88.9674,121.739,85.2382,58.78,37.5419,60.813,18.8925
2670,88.16,123.419,88.1817,59.0914,37.2433,61.0716,19.0418
2700,92.578,120.902,87.7746,58.7132,37.8054,59.6216,18.5212
2730,89.9378,122.452,88.3733,59.527,37.2718,61.2749,19.1802
2760,88.49,121.079,85.8613,58.288,36.9461,59.761,18.5379
2790,94.3796,128.288,93.1147,58.0552,37.3902,60.5114,19.7022
2820,94.8072,130.602,93.8293,57.774,37.3227,60.7155,20.3742
2850,96.2611,127.744,90.8023,57.2009,36.8872,59.1038,19.5588
2880,93.412,127.84,93.8089,57.7473,36.4614,59.4321,20.2194
2910,96.6307,130.662,93.883,59.4593,37.2861,60.6943,20.4351
2940,94.8517,129.69,91.7225,58.46,37.3866,61.1299,20.9259
2970,92.9993,130.875,91.2673,59.5277,36.4299,59.5819,20.9284
3000,94.428,131.56,90.935,57.8367,37.535,59.403,21.6027
3030,93.38,129.871,92.0882,59.2597,36.221,58.9827,22.7012
3060,93.0615,131.383,92.3992,57.9632,36.1471,61.2017,23.2853
3090,97.0018,132.318,91.9995,58.9718,36.8538,60.6342,23.5277
3120,96.2666,133.008,93.3379,59.3068,37.3116,61.3021,23.4271
3150,94.6312,128.588,92.1137,58.3981,37.1227,60.0388,23.6497
3180,94.8386,133.057,91.2371,58.732,37.2691,58.4474,23.2471
3210,94.2495,131.744,93.9041,58.1164,37.1432,58.4858,23.6802
3240,90.7601,133.193,90.8134,59.3866,37.2038,58.9778,24.0286
3270,92.6548,130.407,93.1209,58.8492,37.3793,60.3804,23.72
3300,92.4053,131.849,91.9772,57.3651,36.3757,60.5086,22.4084
3330,93.7929,131.845,93.1414,57.5233,37.5427,63.0679,22.8538
3360,95.9975,132.533,92.25,57.4903,36.2025,64.1837,21.6919
3390,89.2883,117.409,83.8943,58.8677,37.2289,63.1959,19.685
3420,99.4012,126.202,96.3024,62.9335,37.0312,63.8297,19.5156
3450,100.588,135.834,98.1308,68.9667,37.3773,66.8735,18.8011
3480,101.837,136.354,98.741,69.1762,36.367,69.0222,18.1256
3510,100.486,139.601,98.3247,68.6324,37.7828,65.523,17.7724
3540,102.724,137.838,95.7303,66.8724,37.8686,69.3179,17.663
3570,103.081,138.557,95.2809,67.1046,36.1955,71.8053,18.1538
3600,105.273,137.383,96.6646,68.6648,37.8368,70.0695,17.7984
3630,102.5,136.057,98.3699,68.0219,36.5923,72.4447,17.4409
3660,102.89,138.81,95.5733,69.1573,36.9022,71.4793,18.1413
3690,103.793,134.444,95.9367,69.3341,37.6064,72.1397,17.376
3720,105.796,136.349,98.7017,68.6158,37.8352,73.0911,17.6296
3750,105.85,139.503,98.2433,66.7124,36.5616,75.414,17.7511
3780,104.317,137.345,97.1804,68.8623,36.7479,76.3583,17.8522
3810,105.449,135.506,96.7888,67.3376,36.6509,77.0908,17.4462
3840,102.622,135.338,95.5149,66.7598,37.1948,74.728,17.9442
3870,104.385,137.752,94.8987,68.0323,37.0925,79.1456,17.7542
