Time,FC,PAS,PAM,PAD,temp,SpO2,FR
-1,105,179,120,105,37.305,94,18
0,115.5,196.9,132,105,36.7827,94,19.8
30,113.894,200.358,133.558,105,36.2604,94,19.4815
60,113.313,195.311,135.006,105,35.7382,94,19.4577
90,117.137,196.372,133.983,105,35.2159,94,19.4357
120,115.825,194.538,130.465,105,34.6936,94,19.8879
150,117.708,193.123,129.916,105,34.1713,94,19.8691
180,113.328,201.504,131.485,105,33.6491,94,19.4885
210,112.833,200.908,132.151,105,33.1268,94,20.0737
240,113.466,195.019,130.178,105,32.6045,94,19.6871
270,113.076,193.484,132.957,105,32.0823,94,20.0644
300,118.009,196.459,134.524,105,31.56,94,19.9289
330,116.589,192.519,132.653,105,31.0377,94,19.6878
360,125.98,201.33,143.911,105,30.5155,94,20.115
390,127.709,192.887,142.811,105,29.9932,94,20.0206
420,125.456,193.158,147.74,105,31.161,94,19.7483
450,129.09,197.857,149.395,106.05,32.6404,94.94,19.9981
480,116.869,202.111,131.048,104.508,34.4173,96.0308,19.819
510,118.492,195.066,134.233,107.385,34.8363,98.5924,20.1919
540,114.21,194.199,135.376,105.295,36.6892,96.6841,19.1792
570,112.196,164.474,109.048,84.5281,36.7937,91.378,19.3076
600,112.565,158.078,103.897,83.0593,37.0717,85.171,18.9467
630,114.662,164.335,105.971,85.256,36.9649,85.463,17.9235
660,112.281,154.915,109.261,86.2452,37.9234,77.6382,18.0468
690,112.352,161.237,104.24,84.318,36.8078,73.7152,17.5265
720,98.4476,138.205,97.4294,80.5873,38.0773,70.9784,17.1584
750,91.3283,131.998,56.675,72.98,36.8037,68.4848,16.2869
780,86.3396,132.698,60.9156,72.0911,37.2447,92.782,15.9094
810,87.3523,135.739,60.6741,72.9573,37.7998,88.3915,15.101
840,84.158,133.662,81.6043,71.2437,37.8555,85.6248,15.0435
870,82.6568,134.17,86.8904,70.6743,36.6456,78.2429,14.9294
900,87.1251,171.842,83.5745,94.7555,36.6953,77.2316,14.8358
930,86.1391,170.772,83.7511,90.6064,38.1419,71.6386,14.7218
960,85.0093,176.248,83.5447,94.5346,37.9093,70.5199,14.5149
990,91.9278,174.646,113.02,92.2205,38.1294,68.7562,14.2392
1020,88.9198,175.268,109.364,92.8793,38.2328,66.4614,14.3564
1050,90.9928,174.536,111.198,94.7257,37.9769,61.1817,13.7097
1080,83.4635,145.401,102.817,87.9763,38.4455,57.207,14.5153
1110,91.2067,164.582,111.153,76.3519,37.203,52.5351,15.6768
1140,94.0284,157.441,105.424,76.196,37.8128,47.4849,15.7714
1170,90.1478,158.034,107.009,79.975,37.7864,45.8437,15.8341
1200,89.1811,159.498,110.086,79.3376,37.5037,39.2205,15.781
1230,108.797,197.861,131.74,79.4949,37.8137,37.0902,19.3652
1260,98.0141,168.644,106.483,79.1841,38.6085,33.8822,19.2774
1290,96.5732,167.228,106.534,80.022,38.4314,31.1704,19.1504
1320,95.948,164.102,106.053,78.6898,38.0951,28.1493,18.78
1350,81.7356,145.264,101.296,77.5087,38.3151,29.7794,14.153
1380,83.6228,151.947,101.163,76.4157,38.0391,29.2106,14.8843
1410,109.398,196.132,128.391,76.8171,37.7148,32.3703,18.1978
1440,118.134,212.57,140.077,80.2689,36.8663,32.6344,19.9218
1470,124.038,213.215,144.962,80.5715,37.1169,30.8169,20.4462
1500,119.471,212.565,142.285,78.3285,38.2401,29.0937,20.8141
1530,99.1564,174.81,115.488,77.1925,37.2409,32.7153,16.87
1560,101.091,178.745,116.199,77.4945,37.7316,28.9995,16.5807
1590,100.009,171.387,117.017,78.6059,37.0367,29.7186,16.8467
1620,98.6318,178.6,117.77,78.9224,38.2605,28.5594,16.4844
1650,86.4592,147.759,101.132,77.7345,37.9687,29.1445,14.5282
1680,80.9647,143.32,95.1643,75.7736,36.5906,31.6603,14.0206
1710,84.3923,150.324,98.1118,77.7372,36.5025,29.3187,14.5989
1740,81.855,146.857,96.9821,79.7526,37.1921,29.0793,14.0422
1770,82.2284,143.851,97.5526,76.3285,37.2736,29.4686,14.1701
1800,89.4521,159.715,104.637,77.5586,37.3501,29.9963,15.4138
1830,73.5708,124.159,87.7928,76.8169,37.9722,29.7322,15.6436
1860,75.5436,128.539,86.3928,76.3444,38.1245,32.8602,15.9338
1890,72.2476,124.74,84.399,79.1902,36.8128,31.9546,15.8251
1920,74.5016,133.414,84.5421,80.5946,36.9452,30.5739,15.3252
1950,75.361,131.661,87.2204,77.7035,37.7528,30.1385,15.6373
1980,74.0779,130.224,83.8281,78.2808,36.4437,31.827,15.657
2010,70.2604,130.386,86.1466,77.619,37.5792,32.0335,15.0725
2040,76.1236,128.95,88.4062,79.1208,37.0845,28.8247,15.6191
2070,75.027,129.254,88.756,78.9223,36.7887,30.7514,16.0333
2100,70.6004,132.318,86.7432,79.4355,37.0764,32.0499,15.2431
2130,89.1341,158.358,107.19,78.7251,36.4039,29.8576,16.1949
2160,90.8635,154.277,108.333,79.7879,37.1829,32.0222,15.682
2190,91.9812,161.866,108.585,79.8056,36.8126,32.4049,15.6479
2220,89.8439,156.877,103.983,79.6038,36.4265,32.9339,15.7065
2250,89.6507,160.632,105.955,76.635,36.4355,30.5214,16.0098
2280,87.5222,160.905,106.294,76.301,37.5386,31.4638,16.1469
2310,87.7888,157.554,103.482,77.4596,36.4752,29.8349,15.3728
2340,89.3457,154.993,104.883,76.9738,36.8895,32.5355,16.2388
2370,89.5144,161.63,104.353,76.9533,37.0141,28.7163,15.6766
2400,90.0435,158.56,102.416,80.9066,36.4835,32.4369,15.362
2430,85.7534,158.406,108.535,77.5391,37.6653,29.8029,15.9418
2460,86.2309,159.382,107.081,79.2418,37.3646,29.7693,16.1707
2490,86.6199,155.127,107.826,79.7086,37.8163,29.9065,16.2547
2520,88.5934,157.296,104.248,76.5113,37.6453,31.1351,15.4015
2550,86.1908,157.731,102.958,76.2017,37.6988,29.4697,15.7053
2580,90.4212,158.631,102.122,80.1419,36.2082,32.7507,15.7713
2610,90.6095,155.569,104.328,80.6251,36.6669,29.8906,15.95
2640,87.4045,159.709,106.293,79.5945,37.8633,28.8642,16.1501
2670,90.9163,160.125,101.408,80.5229,36.1784,29.6729,15.2712
2700,91.6519,158.364,104.687,79.3872,37.8615,31.1407,15.7986
2730,81.0335,147.76,94.9375,80.0966,37.2852,30.6317,14.5542
2760,96.5036,174.758,105.907,83.4011,36.7574,29.0625,14.8119
2790,92.4704,169.424,117.105,89.2885,37.6709,32.7559,13.9333
2820,96.1514,168.94,111.359,92.9849,37.2452,31.0125,14.439
2850,94.1348,168.374,111.598,91.8491,37.1423,29.1656,14.3829
2880,91.8087,173.268,112.812,89.5652,36.7574,31.7697,14.4049
2910,95.0059,175.394,114.68,88.8655,36.1492,30.1981,14.2154
2940,96.0513,170.019,113.774,92.8212,36.8843,30.6158,14.6834
2970,90.7883,177.03,113.252,92.0206,36.2603,30.3495,14.3434
3000,94.7338,172.688,117.373,93.2819,36.3649,28.9199,14.151
3030,93.8863,175.101,115.918,89.8628,37.2259,29.0961,14.3717
3060,94.864,172.508,115.97,91.4621,37.4477,28.5524,14.4212
3090,92.1404,172.523,112.216,89.9757,36.8207,30.5689,13.991
3120,94.5013,176.394,113.719,89.7741,36.6178,29.4099,14.1903
3150,94.4869,171.349,113.771,88.865,36.0054,28.5177,14.3716
3180,95.6606,170.151,116.778,90.5623,36.9675,30.5017,14.9757
3210,93.9241,173.307,114.221,92.018,37.4036,31.2619,14.954
3240,95.0172,170.694,119.241,93.789,36.783,30.1059,14.1535
