Time,FC,PAS,PAM,PAD,temp,SpO2,FR
-1,90,133,93,80,37.0639,97,17
0,99,146.3,102.3,80,36.545,97,18.7
30,98.8929,148.68,100.138,80,36.0261,97,18.2758
60,99.1681,144.954,103.604,80,35.5072,97,18.5276
90,96.9123,148.496,101.211,80,34.9883,97,18.6139
120,99.988,149.459,104.326,80,34.4694,97,18.9918
150,99.863,144.521,101.786,80,33.9505,97,18.2802
180,99.5129,146.362,104.22,80,33.4316,97,18.7989
210,100.115,147.975,104.452,80,32.9127,97,19.1497
240,100.464,144.275,103.743,80,32.3939,97,18.7662
270,98.9539,148.967,102.319,80,31.875,97,18.7494
300,97.5189,146.936,103.879,80,31.3561,97,19.0168
330,99.7387,147.288,101.524,80,30.8372,97,18.7406
360,107.154,142.951,111.293,80,30.3183,97,18.6237
390,106.678,144.976,113.172,80,29.7994,97,18.9858
420,98.4507,149.164,103.176,80,30.6995,97,18.7784
450,98.6506,142.492,98.9064,78.6434,32.0168,98.6858,18.487
480,99.2266,143.718,100.815,80.7251,32.822,96.8744,18.1484
510,97.7254,144.597,102.669,80.2474,33.599,99.5253,17.9852
540,97.5352,145.336,103.296,80.3051,34.8659,96.0323,18.7608
570,123.7,117.968,78.3168,74.2225,35.5491,93.1609,0
600,118.885,120.713,72.061,73.7507,35.2862,91.2912,0
630,119.57,117.784,74.875,73.7177,38.0101,89.4514,18.826
660,119.558,116.106,74.436,72.6954,36.4359,87.716,17.6103
690,118.679,120.515,76.7159,72.5077,37.8529,85.3577,17.1189
720,112.142,109.381,62.7492,69.7587,37.0873,84.9923,17.5392
750,99.5841,98.506,40.8394,63.0317,36.9834,80.6966,16.3806
780,99.4356,104.057,41.682,62.3238,38.3895,94.1531,16.0819
810,100.643,96.9372,41.0289,62.4587,37.5099,94.0374,15.8172
840,98.5936,100.033,41.1985,63.4884,36.7108,89.2342,15.9427
870,98.5589,96.3435,42.483,62.9814,37.7605,86.546,15.2076
900,99.1767,99.0036,41.8032,63.1881,37.4498,83.1787,14.726
930,98.4369,101.755,41.7351,61.2389,37.6625,81.573,15.6582
960,95.5343,101.313,42.0647,62.3411,36.5893,84.7622,15.5882
990,102.508,97.9861,57.1191,64.2266,37.0345,78.9891,14.913
1020,101.645,95.4996,57.5206,63.7824,38.7494,77.7868,15.4712
1050,102.923,95.0123,57.664,61.9654,37.0909,78.8696,14.9818
1080,100.682,89.6953,48.956,57.4952,37.228,72.2895,15.1151
1110,105.048,90.0227,54.5041,53.3811,36.1972,71.5616,16.4387
1140,105.054,92.5019,57.2299,52.6169,37.0947,67.3194,16.3826
1170,104.282,90.5862,54.5894,54.3229,37.3245,68.6851,16.7657
1200,105.817,89.1049,57.2869,54.0923,37.4831,62.0175,16.6455
1230,126.99,107.541,70.3027,53.2386,37.2417,62.2923,20.6468
1260,109.033,86.5346,63.8433,54.3611,37.296,61.177,20.5665
1290,111.564,84.3499,65.4633,53.3252,36.9646,55.2287,20.6137
1320,111.102,89.6539,65.4793,53.862,36.7087,55.1056,20.2742
1350,112.172,89.3647,66.4063,53.2969,36.7161,57.0785,20.2759
1380,111.882,87.8223,63.6332,53.2861,37.2157,56.4448,20.4919
1410,108.716,89.3114,63.73,52.9365,36.6734,59.1085,20.0287
1440,109.626,89.151,65.6017,52.8006,37.6342,61.2833,20.2756
1470,111.109,87.1826,66.4886,54.9123,37.652,59.4584,20.4917
1500,88.0755,114.856,89.432,60.6579,37.1945,61.3052,20.3408
1530,95.7614,149.442,108.744,60.2037,35.9473,62.0543,21.7703
1560,94.1771,147.127,108.259,59.2527,36.5495,62.5343,22.0233
1590,117.63,120.72,81.3602,56.3861,35.7496,61.1184,0
1620,120.14,120.985,78.3846,53.6749,37.3968,60.9012,0.46145
1650,120.353,118.801,80.7968,56.1835,37.3436,59.2813,22.3897
1680,117.647,116.274,78.9905,53.9796,36.4965,57.9381,22.297
1710,121.532,120.592,79.998,53.6044,37.1559,58.6403,22.3211
1740,121.543,117.326,80.9458,54.446,37.6412,58.456,22.4147
1770,120.752,120.417,80.5045,54.621,37.306,57.9862,22.1465
1800,121.27,117.403,80.1995,54.6538,36.9262,62.3126,22.2199
1830,118.917,118.02,80.2037,54.0484,37.287,61.5939,22.2632
1860,121.203,118.491,81.5384,56.2668,38.2732,60.6354,22.3064
1890,120.484,116.784,82.0371,56.5484,36.9601,58.992,22.5675
1920,118.487,120.215,79.5739,55.3446,36.104,57.7602,22.3512
1950,120.031,118.804,81.6085,53.5081,36.5183,60.3419,22.0063
1980,117.73,117.862,82.1617,55.8089,36.6098,59.1186,22.6144
2010,132.156,118.341,79.3439,55.5254,35.8463,60.7041,23.1336
2040,133.314,122.53,75.313,54.0078,35.4682,61.7648,23.3906
2070,131.501,120.797,78.8627,55.4838,36.1891,61.3153,23.0421
2100,132.299,121.037,75.3041,56.5448,35.9684,62.5861,23.4471
2130,131.42,122.622,77.5653,55.4695,35.6344,57.9793,22.9661
2160,129.772,117.545,76.7466,54.1212,35.4778,57.9438,23.2595
2190,132.627,122.363,76.3011,53.3006,37.3034,59.0284,23.5216
2220,132.01,118.739,79.3249,56.0663,37.7506,61.2814,22.9079
2250,133.018,118.687,78.2028,53.4612,37.1068,58.6835,23.1903
2280,132.715,120.317,78.3373,56.2388,37.6931,60.0959,23.201
2310,132.175,121.331,77.3778,56.4686,37.6203,62.455,23.0881
2340,129.608,122.446,75.9237,55.2351,38.1097,60.8831,23.3622
2370,129.989,119.102,78.6206,55.0467,36.8896,57.7845,23.4599
2400,131.613,121.461,78.5426,54.0709,36.3388,61.4005,23.0063
2430,133.374,118.567,75.8999,55.4804,35.0836,62.6353,22.9032
2460,129.528,117.996,77.8785,56.1717,35.3637,60.7859,22.9685
2490,164.203,96.967,58.6487,51.5733,36.85,60.5427,0.520504
2520,158.587,116.395,74.1815,56.6256,37.6269,58.4039,-8.55166
2550,157.512,116.056,74.4327,54.0013,35.949,58.6835,14.2999
2580,158.342,119.087,74.5436,54.7136,36.5472,60.249,14.4681
2610,158.058,115.403,74.7954,55.7974,37.9951,60.8805,14.219
2640,157.834,119.059,74.3196,56.2692,36.7557,59.78,14.6102
2670,159.426,118.137,73.5573,53.5345,36.7819,59.7887,14.1916
2700,157.194,118.299,75.9372,53.8264,35.9826,61.5186,14.589
2730,158.305,114.895,75.6724,53.8966,36.87,59.7069,14.1752
2760,161.256,117.898,73.5901,55.8111,37.3507,60.5838,14.4218
2790,157.906,117.863,75.9465,56.7099,36.3123,58.7052,14.5971
2820,160.424,118.961,77.4451,54.2899,37.7301,58.1505,14.1511
2850,161.022,117.96,74.651,56.0588,37.4711,62.5974,14.5334
2880,159.156,114.485,75.3305,54.3038,35.6682,61.8749,14.4031
2910,160.634,116.88,75.6152,54.9716,36.8937,59.2302,14.1264
2940,160.166,115.89,74.9847,54.823,37.3987,60.5672,14.5433
2970,158.426,119.341,75.7049,56.3378,36.7227,60.7795,14.5858
3000,160.252,114.777,73.9094,56.7873,36.5991,60.4946,14.5042
3030,159.506,114.786,74.3499,56.0999,37.0474,62.3765,14.2289
3060,160.989,116.033,76.7071,55.7762,36.5998,60.1573,14.5661
3090,158.596,120.152,76.7242,55.6833,36.2233,60.3916,14.0719
3120,159.474,117.731,74.225,55.0133,36.7329,58.6259,14.5824
3150,160.703,116.071,76.7923,55.1392,37.1104,61.5483,14.3399
3180,161.367,116.688,74.8193,55.6717,37.0161,59.8091,14.5392
3210,160.541,114.479,75.9907,54.3704,36.8525,58.9173,14.4423
3240,158.785,115.686,74.3696,57.3996,36.3328,60.8407,14.3824
3270,157.291,117.195,77.7191,54.9004,37.3019,58.7002,14.6823
3300,157.881,119.471,75.5195,56.2034,36.4339,55.8382,14.2595
3330,155.475,119.484,74.7353,57.4167,36.233,55.554,14.4529
3360,153.376,118.637,74.9776,55.0771,35.8534,54.6964,14.5481
3390,190.187,95.4806,57.3462,51.6817,34.6841,50.8042,0.561411
3420,158.326,118.026,77.3736,55.3185,36.3737,50.2068,0.512613
3450,156.267,117.966,78.1216,55.6961,36.3525,50.3624,14.7411
3480,156.617,120.029,76.8566,56.6848,36.1177,50.676,14.8278
3510,151.841,126.881,84.8192,56.5774,36.7184,47.9492,20.7168
3540,119.426,100.759,68.1003,55.5796,36.5698,44.1895,21.133
3570,119.593,104.75,66.6135,54.7824,36.6349,43.6358,20.754
3600,121.631,103.934,69.1377,56.0524,37.7262,44.2569,20.9806
3630,120.538,101.446,66.2756,56.732,36.3595,39.6169,20.8751
3660,120.998,103.79,68.5349,55.4757,37.6023,39.0018,20.7394
3690,124.813,102.653,66.6582,54.9385,36.6136,38.3328,20.7753
3720,123.909,101.207,68.4827,55.6882,35.7371,39.7982,20.9087
3750,126.344,100.58,66.0051,54.4347,35.1721,35.7197,20.807
3780,123.835,100.589,67.9646,57.0596,36.4159,32.2067,20.6834
3810,126.35,101.324,66.4922,57.6443,35.746,31.9592,20.9491
3840,117.515,97.0342,68.6684,55.0569,37.0564,32.7171,19.1501
3870,117.906,101.858,66.7245,55.157,36.315,30.6877,18.999
3900,117.908,98.0747,64.8473,55.3511,34.6609,30.9889,19.2524
3930,118.93,101.037,67.218,55.6724,36.6848,34.4747,19.1572
3960,120.772,101.837,67.5505,55.5606,36.434,34.827,19.4457
3990,118.184,98.474,65.3486,55.398,35.9837,34.3843,19.065
4020,120.933,100.027,67.3236,57.5819,35.5144,36.9627,19.4897
4050,120.353,97.7857,66.2791,54.7921,36.7302,39.4154,19.4033
4080,117.942,98.3486,65.5804,57.275,37.3043,42.7096,19.378
4110,118.441,102.148,65.2128,55.7295,36.6496,44.8236,19.1823
4140,118.046,98.8314,66.6868,56.7318,35.1064,46.9556,18.9329
4170,118.067,97.1403,65.7691,54.7608,36.4933,50.6981,19.165
4200,117.659,97.7746,66.1897,56.4562,34.8659,50.4026,19.1303
4230,117.459,99.9571,68.2197,56.3216,35.6792,51.0561,19.0733
4260,120.881,100.014,64.9167,55.0442,36.7312,54.58,19.3397
4290,150.589,80.9454,52.174,50.6347,36.5674,57.8935,0
4320,113.079,105.336,67.594,54.5916,37.0672,60.1374,0.343263
4350,109.357,102.244,69.6432,54.8545,37.144,62.4509,19.5231
4380,109.983,103.409,71.2005,56.7347,35.2597,64.6751,19.6795
4410,112.456,102.226,67.3221,54.8414,35.5455,67.7622,19.0964
4440,96.6655,94.2798,61.3069,55.2993,35.8399,68.4551,16.8942
4470,103.983,104.208,73.6474,62.2952,36.7432,71.9099,17.1919
4500,106.602,110.9,73.7371,66.9371,37.0949,74.284,17.0722
4530,105.757,111.346,74.7815,65.8694,36.6271,75.5539,17.0082
4560,108.792,110.848,74.9419,65.2432,36.1041,77.5779,17.3917
4590,108.23,111.603,75.1811,65.7829,35.379,78.9543,17.206
4620,107.702,109.548,72.9831,65.9961,37.4258,80.7108,16.8327
4650,105.931,110.284,73.4238,65.662,36.3398,82.0788,17.0167
4680,109.125,109.364,73.828,68.4088,35.5513,84.1382,17.2783
4710,105.775,112.06,76.1953,66.6775,37.2668,80.1258,17.028
4740,109.077,110.175,74.8452,68.226,36.737,84.5552,16.8376
4770,107.821,110.134,73.196,65.5815,37.2583,82.024,17.2786
4800,108.81,113.515,75.2975,68.2281,36.3972,82.9968,17.1354
4830,106.35,112.136,76.3936,65.3201,35.3066,81.721,16.9875
4860,106.865,108.82,73.1871,66.253,35.4922,81.6488,17.4188
4890,107.326,112.218,72.659,66.2371,36.1606,80.0269,16.9308
4920,107.15,113.23,72.8234,68.1574,36.7542,81.792,17.2384
4950,107.125,111.022,75.3567,67.9526,35.7014,80.3481,17.3691
4980,106.211,110.71,73.1795,67.118,36.677,82.4206,16.8397
5010,105.819,113.219,74.516,67.3126,35.2627,83.9467,17.011
