Time,FC,PAS,PAM,PAD,temp,SpO2,FR
-1,143,127,87,70,37.4843,98,19
0,157.3,139.7,95.7,70,36.9595,98,20.9
30,160.676,141.441,95.9963,70,36.4348,98,20.7901
60,157.742,139.773,96.1086,70,35.91,98,21.1181
90,156.602,137.51,95.6053,70,35.3852,98,21.2337
120,154.809,137.856,95.1025,70,34.8604,98,20.8953
150,159.955,137.953,95.8225,70,34.3356,98,21.0002
180,158.006,136.48,94.9642,70,33.8109,98,20.739
210,157.666,140.811,97.4003,70,33.2861,98,20.8938
240,159.979,137.39,96.5585,70,32.7613,98,20.4614
270,154.485,140.792,94.8161,70,32.2365,98,20.6179
300,153.468,140.598,95.5994,70,31.7117,98,20.9907
330,154.424,139.532,96.2971,70,31.187,98,21.138
360,175.295,137.43,104.793,70,30.6622,98,20.5299
390,170.193,137.246,104.44,70,30.1374,98,21.2001
420,176.153,140.472,105.064,70,30.4493,98,20.6236
450,170.468,145.023,107.144,70.1339,31.3331,96.672,20.377
480,162.398,134.14,95.8281,69.5045,30.9456,100.28,21.0891
510,162.497,141.511,97.8543,68.5325,31.735,96.3243,21.167
540,152.301,141.715,97.3254,68.6554,31.0717,94.6816,20.5243
570,158.835,110.041,77.4959,57.0151,31.7353,89.6593,19.678
600,148.303,111.095,75.1956,57.0559,31.724,84.5824,18.8786
630,148.225,107.046,73.0981,57.4281,31.5591,83.6211,18.7264
660,151.236,112.005,78.817,55.5309,31.8882,81.7935,18.8001
690,148.664,113.899,74.2666,57.5091,33.4038,77.6121,18.0097
720,136.978,99.7886,67.9439,46.7922,32.8421,71.3778,17.1886
750,123.275,92.2057,39.188,46.0218,33.0127,67.4133,16.9367
780,125.789,94.991,38.9443,47.0514,33.7181,94.2294,16.2386
810,123.117,91.0291,39.7872,46.9038,35.1227,91.582,16.1118
840,122.86,90.1342,41.9816,46.1262,35.1316,90.2459,16.0002
870,120.804,93.114,40.8396,47.2623,36.1173,86.3028,15.56
900,122.823,118.107,39.1239,61.7347,35.6201,81.323,16.0281
930,118.513,122.883,42.5675,61.6042,36.944,79.1636,16.051
960,121.143,117.408,59.3473,60.7955,36.4978,79.03,14.8401
990,128.67,121.558,81.0089,61.5265,37.283,72.5312,15.0985
1020,130.611,122.245,79.0154,60.6687,37.196,68.939,14.9009
1050,126.659,120.64,80.3433,59.3814,37.6329,67.1311,15.129
1080,115.229,99.5226,72.7969,50.8558,37.3368,64.8871,14.9238
1110,126.771,111.625,77.5155,52.9455,38.0494,60.3172,16.2547
1140,130.287,109.589,75.9888,52.8288,38.7291,55.871,15.8255
1170,128.783,110.557,76.9877,51.241,37.4557,54.1375,16.3731
1200,128.364,112.545,77.9444,52.4165,37.7901,48.6151,16.4606
1230,157.092,132.985,93.2247,51.2682,37.5626,47.0858,20.0813
1260,137.86,122.549,74.7847,52.1179,35.7653,42.4667,20.0558
1290,137.672,122.759,72.6039,51.534,38.201,36.2631,19.5769
1320,138.545,126.998,75.8267,51.4186,37.2321,36.6388,19.6947
1350,136.511,125.298,74.8746,51.6413,37.8517,37.1831,19.9437
1380,137.652,125.819,73.2294,52.9083,38.2931,39.1496,19.8268
1410,134.089,124.801,75.8262,52.5995,37.8559,42.7783,19.6617
1440,138.841,125.777,74.9183,52.239,36.7496,42.9311,19.8577
1470,136.226,124.401,76.1072,51.4199,37.3787,43.0906,19.9774
1500,139.089,121.949,74.4113,52.5718,37.1936,39.5089,19.4192
1530,162.083,135.769,92.3134,50.9139,38.287,40.7896,21.3201
1560,160.514,135.88,91.2444,51.8445,37.5181,38.6352,20.8126
1590,163.537,141.039,91.7433,53.2317,36.3918,41.6238,21.4424
1620,162.05,135.978,92.2385,52.3265,37.2963,41.8789,21.3717
1650,163.734,137.673,89.7588,53.2852,36.2885,42.7453,21.0162
1680,161.59,137.011,93.2293,51.7354,38.2422,42.2475,21.1459
1710,163.229,137.086,91.7359,53.3311,37.082,43.644,21.0659
1740,159.664,139.538,90.1922,51.8808,37.8376,40.959,21.1213
1770,159.206,138.291,91.6927,51.1955,35.9014,42.6626,21.1573
1800,161.791,139.774,89.8428,51.4289,37.8869,43.7804,21.1216
1830,158.411,138.844,91.7536,53.1699,37.5627,41.2983,20.6613
1860,159.399,139.395,91.6483,53.0086,37.7995,41.3536,21.217
1890,160.568,135.724,93.3074,51.8406,37.2764,39.6704,20.7006
1920,160.696,136.801,91.2413,50.9393,35.9397,42.85,20.7065
1950,158.053,137.701,89.6394,52.7815,37.7484,43.2017,20.7772
1980,159.024,137.979,89.7543,52.4816,36.7912,41.0477,21.3295
2010,169.554,144.277,96.9072,50.6443,36.1682,39.971,21.9082
2040,170.081,145.779,98.7764,52.6682,36.3042,43.2764,21.4791
2070,165.906,147.431,99.2026,53.2647,37.262,39.8043,21.9144
2100,167.236,143.244,96.9178,52.3023,37.8362,41.3997,21.7371
2130,166.939,146.839,97.6083,51.43,36.8182,43.7711,21.3927
2160,168.117,146.657,98.6589,51.8747,36.9105,42.0418,21.7255
2190,169.425,145.149,97.0693,50.5904,36.5386,42.4494,21.8631
2220,170.514,142.088,96.4492,52.2059,37.6928,39.2094,21.3663
2250,169.118,145.181,96.9279,52.9985,35.9684,43.3658,21.9301
2280,166.684,145.964,96.2007,52.0716,36.941,43.7662,22.1893
2310,167.899,143.981,95.7206,52.4982,37.8628,40.4006,21.9645
2340,170.573,144.866,96.7893,52.2682,35.8523,42.0343,22.0295
2370,171.234,147.669,98.1178,50.9993,36.3381,43.1999,21.7381
2400,167.315,141.91,99.4681,52.2272,38.0532,41.8238,21.4989
2430,167.922,145.516,98.9251,51.187,35.6694,43.6998,21.5083
2460,169.734,143.46,98.6696,53.0616,36.6647,42.2609,21.8312
2490,168.172,143.728,98.5015,52.4803,37.4798,39.6584,21.4688
2520,173.3,144.866,101.933,51.7661,35.5185,41.9791,21.8153
2550,174.998,146.935,101.916,51.2991,37.1576,41.2782,21.6589
2580,175.262,145.654,99.7429,52.2351,37.5374,39.7935,21.484
2610,170.524,149.612,102.077,50.536,37.3706,39.8188,21.5682
2640,169.773,149.539,101.535,50.8659,35.5748,42.0117,21.549
2670,173.744,146.182,100.84,51.4205,36.5119,42.0157,21.4445
2700,170.627,148.876,101.577,53,37.3793,43.5711,22.1023
2730,173.737,148.395,102.387,51.1452,35.8964,41.0533,21.9786
2760,174.912,144.38,102.248,50.8091,36.0771,40.4004,21.4366
2790,174.129,148.56,100.482,52.8975,37.7566,43.1805,22.14
2820,174.069,147.122,101.948,51.6298,36.5102,40.0441,21.4438
2850,171.728,144.443,100.312,53.3725,36.1645,42.1556,21.4221
2880,173.948,146.882,99.8527,50.5612,37.1187,39.3582,22.0219
2910,170.525,146.689,101.415,52.8871,36.0896,42.2915,21.6217
2940,174.727,146.462,101.81,50.9894,36.1736,40.0916,21.8449
2970,174.689,147.103,101.195,53.2851,35.02,43.6789,22.3101
3000,172.896,144.798,99.6618,51.7187,35.5925,39.6167,22.1128
3030,172.958,148.209,101.767,53.1918,34.8473,39.6024,22.3172
3060,173.681,148.798,100.225,52.3854,36.0318,39.5051,21.9177
3090,175.25,147.646,101.364,50.528,36.1512,43.9293,21.6911
3120,173.213,144.657,102.09,53.365,35.8673,42.4823,22.1145
3150,172.766,146.063,101.965,51.5312,36.4301,40.616,21.6504
3180,173.219,147.323,102.589,53.2527,37.2596,40.9605,22.1195
3210,172.972,149.471,102.327,53.2334,35.7568,39.4766,22.0903
3240,174.889,148.793,101.989,52.7744,35.4304,40.9907,22.1814
3270,173.825,150.556,100.023,53.3036,36.0513,43.8788,22.4189
3300,175.418,149.021,103.277,52.185,35.6392,38.2451,21.803
3330,176.681,149.586,102.409,50.9876,36.3613,39.3216,20.7258
3360,172.686,146.298,102.745,52.6904,35.3557,36.092,21.0262
3390,176.453,147.222,102.902,52.4414,36.9785,35.3832,20.1882
3420,172.713,147.306,103.478,53.26,35.5398,34.0891,19.8622
3450,174.962,146.295,102.409,51.3163,36.5862,30.5374,19.0973
3480,173.301,150.416,103.096,53.7013,36.4027,32.2553,19.2667
3510,175.174,151.383,103.479,51.4176,36.6802,29.6115,17.7023
3540,138.98,120.657,82.6937,53.6012,37.176,27.4298,17.3685
3570,138.114,118.214,82.5685,51.095,36.1225,24.8433,17.8545
3600,139.393,118.011,84.1213,51.9994,35.8976,23.4204,17.6475
3630,138.117,122.006,84.2102,52.4328,36.3799,21.2093,17.8582
3660,142.361,121.059,84.2381,52.3181,35.9354,26.0321,18.0663
3690,139.322,118.415,83.8848,53.3663,37.4538,27.7316,17.946
3720,137.37,120.554,82.566,51.7667,35.8314,30.8775,18.562
3750,139.4,122.223,84.0136,51.1918,36.4114,28.3823,18.8175
3780,139.89,122.79,83.094,51.0789,35.1852,33.7414,19.6252
3810,139.464,120.463,82.3284,51.2316,35.3197,32.8158,20.0337
3840,133.697,115.1,79.9958,52.8387,36.1721,38.4428,16.8509
3870,133.544,115.927,79.679,52.9844,36.873,39.6498,16.8154
3900,134.113,113.58,77.4265,53.1978,37.0682,39.2775,17.5814
3930,132.639,115.575,77.2478,53.3909,36.0496,41.4345,16.8949
3960,135.182,112.502,80.0793,50.9908,37.3156,44.8593,17.0378
3990,133.006,113.887,77.0321,50.9978,36.0228,44.1817,17.3173
4020,131.151,113.173,78.592,52.9687,35.9079,48.8282,17.1138
4050,132.628,116.311,77.9094,50.9822,37.2952,48.4693,17.3812
4080,134.77,111.773,79.9082,52.6636,36.4989,55.5466,16.8495
4110,135.062,117.539,77.478,53.5078,36.2259,57.2098,17.4411
4140,133.425,117.614,78.862,52.706,35.9572,58.2963,16.7543
4170,135.949,113.455,77.0207,53.6401,36.4052,64.8759,17.2255
4200,131.914,114.312,77.4762,53.8044,36.0551,65.6518,17.2367
4230,130.712,113.118,78.625,53.2332,37.0643,71.6472,17.5424
4260,136.077,112.278,78.9855,52.803,35.8906,75.4172,16.8734
4290,135.504,115.77,77.1303,53.0738,37.3274,77.247,16.8196
4320,131.366,114.327,77.0972,53.8357,35.5368,82.0864,17.1625
4350,132.671,117.753,77.9278,53.4292,37.7315,86.7175,17.4919
4380,136.069,113.597,78.8799,51.516,36.2438,88.1914,17.3257
4410,135.281,114.18,78.4694,52.9914,35.849,93.8137,16.9334
4440,116.848,104.068,69.0412,52.7319,37.511,90.5103,14.6743
4470,133.119,118.297,74.3317,61.6336,36.4098,92.8349,14.5325
4500,130.026,116.622,80.6562,59.7544,36.0085,93.6887,14.4318
4530,129.219,117.054,82.112,60.0782,36.7747,91.9738,15.2077
4560,130.529,119.718,81.4426,60.2725,36.1152,92.5977,14.4611
4590,134.479,120.066,82.2672,60.0549,35.9349,87.4785,15.038
4620,131.075,119.786,82.471,61.3521,35.8402,89.0008,14.6835
4650,132.825,117.89,81.2654,61.0857,37.3683,88.1573,14.4429
4680,131.503,121.87,80.4141,61.8972,36.832,90.0495,14.8464
4710,131.312,119.452,81.9827,62.4277,37.6775,89.3586,14.6021
4740,131.996,118.901,82.5479,61.9406,36.9364,86.5481,14.9737
4770,132.862,119.569,80.0146,60.8637,36.2352,88.2747,15.1596
4800,131.861,120.409,81.9226,59.7495,36.1049,88.776,15.1727
4830,134.686,117.405,82.6725,62.0814,35.5872,86.3114,14.9919
4860,134.45,121.277,81.2095,62.3747,35.8443,88.906,15.199
4890,129.506,120.578,80.7596,61.1729,36.3998,88.0239,15.1044
4920,131.719,116.365,82.7696,62.4523,36.048,90.1672,14.8271
4950,132.458,120.233,80.6365,61.8423,35.3616,88.1492,14.5259
4980,129.717,122.1,79.8525,60.8681,35.8439,87.7556,14.6277
