Time,FC,PAS,PAM,PAD,temp,SpO2,FR
-1,84,128,85,68,37.1916,99,18
0,92.4,140.8,93.5,68,36.6709,99,19.8
30,90.11,137.496,94.4667,68,36.1503,99,19.3085
60,91.0682,137.463,95.3462,68,35.6296,99,20.2267
90,91.8781,140.805,95.282,68,35.1089,99,20.2046
120,90.5761,143.595,92.1907,68,34.5882,99,20.294
150,91.4482,142.325,95.704,68,34.0675,99,19.6452
180,94.115,139.54,92.9081,68,33.5468,99,19.4202
210,92.7765,143.46,91.8235,68,33.0262,99,19.3553
240,91.9813,140.148,93.7362,68,32.5055,99,19.5974
270,91.0198,137.945,92.0665,68,31.9848,99,19.625
300,92.0311,144.193,91.3538,68,31.4641,99,19.6591
330,93.4868,138.062,94.3309,68,30.9434,99,19.6473
360,100.478,139.192,101.646,68,30.4227,99,19.5474
390,101.357,138.395,103.64,68,29.9021,99,19.9391
420,100.645,141.85,104.027,68,30.7893,99,19.7247
450,102.981,141.959,105.315,67.0227,31.8953,100.262,20.3169
480,90.952,145.207,92.3701,67.8938,32.8718,100.141,19.7838
510,91.6155,146.64,95.3248,67.7321,33.9907,96.9616,19.3254
540,89.7811,136.513,93.1458,69.2665,33.4602,96.0172,19.0773
570,89.0308,115.688,74.0067,53.1606,35.1309,91.5759,18.6459
600,90.2609,115.226,75.3098,52.6781,36.5901,91.3591,17.8172
630,93.0277,116.225,72.7493,55.3114,36.661,88.7663,17.861
660,85.5327,114.322,73.5556,54.1434,36.5527,84.841,16.9849
690,86.8452,116.733,71.8074,54.114,35.6495,81.3744,17.462
720,81.2288,95.1465,71.5387,50.2247,36.0077,76.0601,17.0554
750,73.9728,96.2115,40.3296,45.6797,36.5475,75.0842,16.2278
780,72.6303,97.6939,42.0077,46.0855,37.1137,94.907,16.4999
810,73.1886,94.2801,43.6688,46.65,36.738,93.4668,15.0715
840,69.7468,93.8815,61.5404,58.9207,37.2053,91.3057,15.6093
870,71.053,92.3899,59.8563,58.9013,36.8704,84.1816,15.2337
900,69.8653,93.72,60.3304,60.297,37.0181,81.1292,14.424
930,68.1246,96.2477,61.5903,59.8104,36.5666,80.683,15.257
960,69.2518,120.023,61.9396,58.934,38.2734,81.2352,15.2818
990,73.6021,118.376,81.5495,60.5487,37.5242,80.2425,15.4219
1020,73.9832,121.392,79.8595,58.9672,36.1465,73.2588,15.4767
1050,73.6946,119.256,81.287,58.3713,38.638,71.8104,15.1927
1080,68.1666,101.87,75.2077,53.6122,36.4962,68.9907,15.078
1110,76.3882,111.209,77.2132,50.9687,36.0127,66.725,16.68
1140,73.2726,109.611,79.8015,50.0524,38.4106,62.6689,16.9942
1170,74.957,110.253,76.5738,50.4242,37.0651,63.442,16.9538
1200,73.3935,108.812,79.9644,49.7181,37.5551,58.6138,16.8149
1230,89.1357,134.436,94.3979,49.9008,38.7416,56.7658,20.0199
1260,78.5711,113.052,76.7905,49.1161,37.6613,54.6384,20.0693
1290,78.1683,109.485,77.5779,51.0835,37.3295,49.7716,20.4416
1320,80.8638,111.905,78.6614,51.4259,37.5535,49.4203,20.638
1350,78.1178,113.757,75.8595,49.6849,38.255,48.1521,20.7062
1380,79.6032,112.391,79.2929,49.7312,37.3805,48.6182,20.2914
1410,81.0417,113.949,75.5772,50.5065,37.1994,49.9097,20.2091
1440,77.6029,114.052,75.5959,51.6608,36.8585,53.1748,20.3543
1470,78.6125,113.888,78.1324,51.9668,38.4455,54.1936,20.2689
1500,79.0765,114.016,77.724,50.9658,38.4149,49.8678,20.5487
1530,93.8825,132.049,92.9916,49.351,37.1159,51.665,22.078
1560,91.5453,134.088,94.7866,50.2422,37.7856,54.1575,21.7374
1590,91.7535,134.685,93.3251,51.9246,36.4763,51.4937,22.1696
1620,91.2122,136.689,94.3318,51.5401,37.7339,52.7698,21.8599
1650,93.454,135.989,94.5262,50.0097,37.1063,50.5452,21.6161
1680,92.481,135.818,94.4103,50.1354,36.1882,53.5085,21.6942
1710,94.7186,137.161,93.0278,50.2172,36.523,51.6199,21.6472
1740,92.6026,136.288,92.2356,49.6041,36.9821,53.5685,22.2242
1770,92.3351,133.008,93.3116,50.2009,36.2677,53.0086,21.9094
1800,91.4152,132.122,95.885,49.6565,37.2114,52.6894,21.8172
1830,93.1587,135.5,95.4884,51.2035,35.7339,54.9316,21.9414
1860,94.5652,137.007,95.3274,49.8833,36.9411,51.6217,22.1276
1890,93.6626,134.653,93.0418,51.6715,38.2384,52.4942,21.4936
1920,94.3232,133.494,92.9221,50.1053,38.0369,54.242,21.8293
1950,92.2819,134.974,92.7782,50.6587,36.5109,51.0348,21.922
1980,91.0271,136.764,95.6064,50.6538,35.882,52.2556,21.492
2010,98.183,144.115,102.854,50.6207,36.2698,52.9566,22.0076
2040,98.1727,144.763,101.452,50.6315,36.2956,55.1902,22.3734
2070,99.2505,141.42,100.1,50.7526,36.0242,51.0616,22.0128
2100,96.634,146.281,102.239,50.725,35.3109,53.1182,22.3591
2130,98.4431,143.062,99.968,49.1563,37.5792,51.4423,22.0865
2160,97.286,144.912,102.617,51.291,36.5121,52.4389,22.544
2190,99.2925,144.197,101.173,49.3313,37.8156,51.7653,21.9721
2220,97.9639,146.378,102.113,50.8971,35.5557,51.6941,22.4232
2250,98.2878,143.148,102.439,50.0607,36.9734,53.4553,22.2264
2280,98.5316,143.125,100.161,51.257,36.4724,53.5082,21.9245
2310,96.6677,141.187,99.9214,49.5411,36.9787,51.8426,22.0301
2340,97.4003,146.292,102.672,50.5281,35.4491,51.5085,22.4903
2370,97.7426,146.356,99.9195,50.8797,38.1078,50.7898,22.3499
2400,96.5125,142.366,100.798,50.2078,38.4271,52.6284,21.9635
2430,96.0595,144.169,100.427,51.2952,35.9934,55.1199,22.1923
2460,97.8846,145.136,103.059,51.2822,36.6846,53.1955,22.1212
2490,96.2246,144.825,103.152,49.2748,35.7721,53.8972,22.3651
2520,99.0191,144.343,102.448,49.688,35.8574,52.028,22.3116
2550,98.1829,147.397,105.866,49.412,36.6505,53.0832,22.7371
2580,100.146,146.531,104.061,50.3582,37.73,54.1747,22.7339
2610,100.621,147.927,105.408,49.6347,36.9457,54.5909,22.9597
2640,99.9168,148.992,103.087,50.8274,36.4159,53.9009,22.5459
2670,98.3141,147.188,104.557,49.926,35.6261,55.222,22.9299
2700,99.9605,146.221,103.849,49.4304,35.7155,54.383,22.2762
2730,101.117,147.113,103.373,50.6683,34.9467,52.9758,22.6086
2760,101.727,148.001,102.721,50.1785,36.6387,54.2673,22.4847
2790,99.3163,145.8,104.827,51.453,36.5485,53.8548,22.9545
2820,101.8,144.34,102.496,50.3622,36.6686,52.5707,22.2912
2850,99.6135,147.927,104.576,50.5651,36.3095,54.99,22.8705
2880,101.17,144.095,102.768,52.3932,37.909,52.0157,22.4576
2910,99.0565,149.296,106.192,51.3409,36.8449,53.1474,22.6931
2940,101.073,147.381,105.791,52.2591,36.0587,54.9919,22.9786
2970,102.22,146.668,103.315,51.914,36.0293,53.0733,22.5971
3000,99.2496,147.672,103.538,49.6955,36.8695,51.5046,22.9458
3030,100.751,144.856,103.817,49.8167,37.8877,53.1358,22.7711
3060,100.693,146.389,104.049,52.5003,36.5428,54.3847,22.8797
3090,101.867,144.601,104.203,50.6096,36.8578,53.5645,22.7079
3120,101.055,149.888,104.449,49.9925,36.9489,54.7246,22.4818
3150,101.928,146.077,103.488,51.4118,36.3352,50.8504,22.9018
3180,99.176,147.658,105.507,51.9468,36.9455,52.4496,22.8396
3210,100.616,149.752,106.812,51.6825,37.0409,50.88,22.6484
3240,100.643,148.098,104.901,49.7265,35.5203,51.0998,23.5178
3270,100.941,146.852,105.394,51.7448,35.8339,52.2622,23.2705
3300,98.4323,150.828,106.769,52.3988,35.9023,51.4228,23.7668
3330,97.5396,147.502,105.444,52.2114,37.5382,48.3447,23.3487
3360,96.9908,148.769,105.003,50.7084,37.3769,47.544,23.3219
3390,98.9913,150.274,103.942,52.4213,36.5592,44.6795,23.3734
3420,96.8567,150.602,105.568,49.6522,35.1154,47.3388,23.0698
3450,95.8124,147.869,104.065,51.1141,35.4638,46.005,22.961
3480,93.1575,147.46,105.963,49.7188,34.476,45.4069,23.322
3510,94.4939,150.507,107.749,51.0988,36.7257,44.9645,23.6246
3540,75.2902,120.565,86.5031,50.0664,37.5968,48.0781,23.1745
3570,73.0067,120.519,86.4718,51.0437,36.3767,50.8543,22.9843
3600,72.757,119.055,83.9255,50.5145,36.9948,49.3044,22.6758
3630,74.0042,116.591,86.7028,52.4977,34.6982,53.9284,22.5085
3660,76.0821,120.803,82.7823,52.1657,36.6596,52.2912,22.5768
3690,74.4819,117.278,84.5123,51.3027,35.0262,56.4327,22.105
3720,77.0158,116.981,85.3112,50.6895,36.0334,57.8169,22.3094
3750,78.4673,120.857,85.0441,52.5769,37.0933,59.3187,22.5448
3780,76.59,121.327,85.8874,52.5199,35.4023,61.0357,22.4631
3810,77.2848,118.4,84.2413,50.711,36.0689,61.2376,22.1961
3840,75.5893,112.959,82.0706,50.8629,36.0857,59.2573,17.1095
3870,76.8211,114.447,79.4494,51.162,34.6944,62.6649,17.2484
3900,78.7048,112.255,80.1391,51.0668,35.5355,63.3288,17.3962
3930,77.6351,114.904,82.5966,50.836,37.3612,67.4865,17.2023
3960,74.9437,114.932,81.7334,50.4751,36.5571,66.9506,17.6267
3990,76.4208,114.836,80.3538,51.1641,37.4083,70.3645,17.5195
4020,75.2356,112.438,79.6294,50.9075,36.49,67.2987,17.1824
4050,75.8101,116.485,81.5867,50.2275,36.6804,71.1587,17.4678
4080,75.9822,112.498,82.6665,51.7001,35.3818,74.3174,17.3147
4110,75.431,110.925,82.7722,52.4163,37.6929,77.66,17.6937
4140,75.5235,116.211,80.373,51.9506,36.0943,77.5348,17.5074
4170,76.4603,115.446,82.543,49.8598,35.99,83.7764,17.4694
4200,77.8124,115.122,80.2279,52.1463,36.5889,84.4661,17.2304
4230,78.702,112.739,79.8962,52.2442,36.6663,89.9974,17.2673
4260,78.4545,112.508,79.4561,50.8747,36.2501,86.508,17.0652
4290,75.1214,111.462,79.5873,51.0543,37.3127,86.5533,17.2136
4320,77.7163,114.045,79.4298,52.4878,36.3293,87.3411,17.3451
4350,78.1327,114.501,80.2931,49.8873,36.0357,88.2339,17.3695
4380,76.9795,114.928,82.6753,50.4857,36.4605,87.8875,17.0078
4410,75.7433,114.707,80.9225,52.1075,36.9531,86.6029,17.2582
4440,68.0032,100.788,71.393,52.0663,37.3139,87.4029,14.7907
4470,75.5905,120.423,78.6838,56.5665,35.0169,88.2929,14.6601
4500,74.4677,119.019,84.1741,57.863,36.0859,86.2884,14.8925
4530,78.0817,120,83.5623,59.6383,36.7393,85.9298,14.7377
4560,75.2991,118.512,82.6483,58.1925,36.1008,90.1075,14.5622
4590,76.5278,120.266,82.2881,59.4789,36.1753,82.3936,14.3089
4620,75.9306,121.875,81.2074,57.9001,35.3696,86.263,14.4229
4650,77.9187,119.784,84.2943,58.6824,37.0421,86.5316,14.8136
4680,75.6063,118.83,84.4559,59.062,36.4121,85.9995,14.8785
4710,76.3567,117.713,82.4528,59.4714,35.7994,85.0034,14.6891
4740,76.5613,120.797,83.3626,60.3322,35.5661,82.2363,14.9698
4770,75.1361,121.859,81.8563,59.9318,36.5746,84.154,14.4244
4800,77.2034,118.572,83.5053,57.8342,35.8446,86.0613,14.8003
4830,77.5808,118.013,82.0101,57.817,36.0418,84.7829,14.5951
4860,77.4814,117.788,82.0653,60.3484,36.8184,85.8724,14.2974
4890,76.0559,116.967,84.006,58.8405,35.7164,84.7248,14.3513
4920,77.1754,117.918,81.4022,60.6244,36.1075,85.2094,14.7645
4950,75.8345,116.41,83.6647,58.6298,35.1182,85.5038,14.8762
4980,76.8227,116.998,83.9171,59.2651,35.9985,84.5874,14.0126
