Time,FC,PAS,PAM,PAD,temp,SpO2,FR
-1,70,140,93,72,36.7068,97,18
0,77,154,102.3,72,36.1929,97,19.8
30,75.693,155.536,103.916,72,35.679,97,19.5834
60,77.8168,151.647,102.633,72,35.1651,97,19.6769
90,75.1762,154.133,103.036,72,34.6512,97,19.8674
120,76.3354,151.082,103.407,72,34.1373,97,20.2608
150,76.6914,155.531,101.299,72,33.6234,97,19.8169
180,76.5558,153.922,100.855,72,33.1095,97,20.2449
210,76.9295,152.768,100.483,72,32.5956,97,19.3079
240,76.7013,152.465,102.398,72,32.0817,97,19.5763
270,77.5179,153.071,101.758,72,31.5679,97,20.1109
300,76.3008,157.723,102.371,72,31.054,97,20.1398
330,75.6131,150.866,101.452,72,30.5401,97,20.2553
360,83.8166,156.111,111.427,72,30.0262,97,19.8745
390,84.3775,152.031,114.363,72,29.5123,97,20.2226
420,76.0204,157.421,101.314,72,30.0471,97,20.1672
450,77.1654,159.77,101.228,73.0722,30.3537,97.7561,19.6345
480,77.547,151.903,101.773,72.1571,32.0025,99.1312,20.3715
510,77.3838,153.967,98.2477,73.0183,31.3608,100.114,19.9168
540,76.7372,150.891,100.185,70.4171,31.5864,93.427,19.7094
570,75.7304,124.772,84.2547,56.3629,32.4528,91.7173,18.3082
600,75.3621,124.853,83.0956,57.8319,32.42,85.3253,18.6173
630,72.0954,122.22,82.9042,59.1595,33.2433,82.5573,18.2258
660,75.1763,120.72,84.4789,56.0345,35.0269,78.5358,17.6524
690,73.0285,125.472,81.8963,58.5114,35.5537,78.5295,16.623
720,101.716,65.0382,79.2822,35.3132,35.5127,70.6612,16.6419
750,100.371,60.0128,80.0696,35.0606,36.686,95.6221,16.2341
780,102.39,63.9018,79.8379,33.1166,37.2292,94.3426,15.6109
810,100.242,58.9772,81.9783,33.2369,37.7876,91.7432,14.6777
840,97.1117,58.0125,101.92,47.9859,36.4009,83.6846,15.3625
870,97.4947,57.0469,97.3743,47.1411,37.3072,83.2717,14.3511
900,98.3254,91.083,100.666,46.6128,37.3936,78.0374,14.7332
930,97.3071,84.3665,106.218,48.0583,38.3474,75.7482,14.011
960,98.3182,89.8365,105.148,49.1531,38.5331,69.8554,14.6163
990,99.6369,90.6234,106.347,50.063,38.2244,70.4234,14.342
1020,99.7903,89.1648,98.0883,49.6882,37.1683,64.4669,14.921
1050,97.0897,97.8044,102.975,47.4329,36.1601,63.4543,14.3401
1080,99.6625,86.4426,99.6326,49.5392,36.6663,59.2493,15.2714
1110,100.948,86.1246,102.894,48.2237,36.8423,53.6507,14.2608
1140,100.198,86.1678,102.993,46.9042,36.1228,48.4547,14.8952
1170,97.3632,91.3597,101.074,47.3908,36.1178,46.1909,14.6275
1200,98.7975,93.15,102.993,49.2622,36.5167,41.2408,14.7964
1230,68.8951,127.225,103.027,64.993,37.0293,39.7196,14.6239
1260,63.4155,117.62,87.0413,57.4037,37.5179,38.2543,14.866
1290,59.9608,108.211,59.0681,52.5346,37.1948,35.1028,14.2274
1320,59.4699,105.782,60.8768,54.322,36.693,69.7594,15.0137
1350,60.6183,110.137,60.5169,55.0623,37.6915,67.3887,15.2898
1380,60.177,112.15,60.719,54.1392,36.6326,69.6401,14.4493
1410,60.564,112.928,58.939,52.766,38.0176,67.7182,14.4756
1440,58.0112,109.169,61.7405,54.8181,37.9202,67.1281,15.1731
1470,60.4958,113.724,62.184,52.7907,36.7888,69.9113,14.4115
1500,58.4831,109.849,58.9635,53.36,37.0935,70.976,14.472
1530,62.878,104.89,83.7276,52.1391,36.7934,73.4475,14.0513
1560,63.2347,105.3,83.7147,53.4716,36.8915,71.9281,14.5047
1590,61.8001,104.453,83.1242,53.1965,37.7988,73.5464,14.3952
1620,58.6677,94.6058,71.7062,49.6252,36.2396,73.3406,14.6569
1650,63.9486,94.6148,81.4422,46.9674,37.5761,74.8638,15.5436
1680,62.923,96.553,79.9093,45.7334,38.8287,71.0992,16.2533
1710,63.4657,97.0081,79.0992,43.9729,35.8554,72.801,16.224
1740,62.9272,94.4087,79.4591,45.9293,35.9169,72.2977,16.066
1770,76.4097,114.551,97.7029,46.4372,38.2859,74.2295,19.1236
1800,65.8906,103.247,90.5793,46.98,37.6193,74.4549,19.5473
1830,67.0081,102.31,90.6619,45.7,36.4152,72.4778,19.3926
1860,66.9193,106.698,88.0083,45.6114,38.1928,71.3954,19.1698
1890,68.329,106.473,91.6919,46.5255,37.6578,74.8688,19.3659
1920,66.249,105.249,89.1608,45.337,36.8354,70.9268,19.7552
1950,67.1632,106.579,89.6523,46.3403,37.3302,74.9455,19.3931
1980,68.3124,103.153,87.6193,46.6491,37.3866,74.0288,19.5633
2010,66.1039,101.072,89.6498,45.6797,37.6264,73.8549,19.7645
2040,66.1268,103.455,89.2542,46.0999,37.4359,76.8059,19.0639
2070,78.1859,116.841,102.449,45.6641,35.4688,73.9978,20.9151
2100,78.1364,116.456,102.052,44.7202,37.2025,78.5433,20.5159
2130,79.3224,119.166,102.979,45.9004,38.6493,76.5815,20.214
2160,77.9746,122.419,101.892,47.164,36.6888,74.1105,20.9254
2190,78.2113,121.792,100.893,45.4838,37.7711,75.7019,20.4451
2220,78.5852,116.831,101.42,46.7319,37.7769,75.0361,20.7232
2250,77.0319,117.356,100.11,47.0602,36.9196,78.5075,20.5741
2280,79.389,120.346,100.875,44.9289,37.7941,74.984,20.4892
2310,78.111,120.583,102.595,44.8878,35.8451,76.8547,20.7652
2340,78.0201,117.41,101.358,44.619,37.9313,78.1631,20.8094
2370,76.9769,117.16,101.997,44.3261,38.1227,76.8472,20.837
2400,77.9618,116.565,99.5181,44.8203,36.747,77.0271,20.9577
2430,77.1358,119.438,100.109,44.6308,38.0178,78.4343,20.2766
2460,77.2451,119.431,100.401,46.7335,35.9864,76.818,20.4532
2490,78.1452,118.243,100.978,45.177,35.1324,74.7972,20.4642
2520,77.4643,118.23,101.645,46.3842,36.733,77.226,20.7913
2550,83.9072,128.299,108.106,45.7456,38.2043,77.0394,21.6446
2580,82.8425,128.495,107.317,46.4824,36.0623,74.3056,21.3812
2610,83.7313,125.714,104,46.4191,36.4775,74.2829,21.5474
2640,83.1284,126.704,106.37,44.6434,35.3064,78.6101,21.5348
2670,82.2349,128.317,105.517,44.1901,36.44,74.1165,21.1663
2700,81.6076,127.575,104.467,44.7408,35.5371,78.1344,20.8969
2730,83.8801,127.888,107.199,45.4107,36.3562,75.2431,21.4138
2760,83.2573,127.637,107.863,45.8892,36.3673,75.8396,21.193
2790,84.0788,127.131,106.237,46.4693,36.9318,74.4211,21.5704
2820,82.7288,123.625,104.784,46.1759,35.2929,77.2156,21.0962
2850,84.2582,125.061,107.437,43.9708,35.0422,77.2493,21.6175
2880,84.1527,125.961,106.66,43.925,37.0272,75.8465,21.1694
2910,83.6649,127.92,105.099,45.7128,35.7032,75.8072,21.5802
2940,82.9871,125.484,107.025,47.2177,35.8763,74.969,21.2592
2970,83.6701,128.257,106.95,44.1376,36.6065,78.5604,21.5751
3000,83.9789,125.233,108.572,45.1149,35.7592,77.1383,21.0051
3030,82.166,127.266,107.746,46.4107,34.699,76.531,21.3254
3060,85.9541,126.365,109.431,44.7759,36.4643,77.0477,21.1707
3090,86.8271,126.782,107.852,46.5779,35.3593,76.5764,21.276
3120,87.1835,128.838,109.546,44.4056,36.25,74.8282,21.9228
3150,86.0885,131.927,110.105,44.6218,34.8612,76.9946,21.6843
3180,87.6625,127.396,110.835,46.8159,37.0684,77.8051,21.7103
3210,89.3341,132.711,108.719,44.7089,36.2543,75.4404,21.7893
3240,89.0473,132.29,110.473,44.9369,36.3659,74.6951,21.3626
3270,91.1786,132.303,108.241,47.4775,36.1778,76.6743,21.622
3300,89.4763,129.533,107.849,44.4092,37.8735,77.2116,21.7773
3330,92.7551,126.966,110.251,44.4489,36.1796,77.5996,21.5355
3360,92.6211,130.117,109.247,47.8271,36.4318,72.079,21.1323
3390,91.2858,129.353,108.281,46.2705,36.3875,73.4614,20.697
3420,89.8288,127.68,108.719,44.8859,34.577,69.7995,20.3962
3450,88.5647,130.008,107.341,47.7057,36.7419,64.8,20.6842
3480,88.5658,131.821,108.964,46.9179,36.138,61.2017,21.0131
3510,89.884,129.082,108.965,45.1163,35.3753,60.8243,20.5795
3540,87.9207,132.807,109.369,46.4468,36.61,58.4099,21.0191
3570,87.9615,131.026,111.109,45.3281,35.5014,56.1224,20.7522
3600,87.8043,127.516,108.892,45.6263,36.4829,51.234,20.6583
3630,86.615,131.015,110.588,47.7339,35.0903,49.1068,20.5872
3660,84.1805,132.344,107.78,45.0672,35.9743,45.5618,20.8255
3690,83.7475,127.328,107.84,47.0868,36.4232,44.3218,20.2811
3720,85.3926,132.325,109.728,46.3959,36.4928,40.3206,20.611
3750,83.9666,133.117,107.719,46.0449,35.8108,36.9349,21.359
3780,83.4898,127.846,110.534,45.8153,37.7555,35.5959,21.1107
3810,82.612,129.704,107.461,45.3325,35.8125,33.9957,21.0521
3840,83.626,127.522,110.54,46.6822,37.8326,32.8207,21.1892
3870,85.3341,132.924,110.836,45.1791,36.703,30.1703,21.4361
3900,82.6593,130.75,107.623,47.5276,36.0795,24.4307,21.3178
3930,85.0591,128.458,110.642,44.6998,36.348,22.2451,20.9616
3960,83.8425,127.364,110.412,45.5316,35.4812,25.0273,21.6404
3990,84.096,130.497,107.925,47.4365,36.9864,25.1441,21.2481
4020,84.3356,131.179,108.734,44.7682,35.4801,26.2984,21.5848
4050,85.828,131.372,111.676,46.2269,36.2662,26.9711,21.1395
4080,67.2766,104.599,87.448,45.5963,36.5289,26.1418,21.3469
4110,68.6236,105.123,86.6552,45.0868,36.8397,28.6699,21.0083
4140,67.9673,102.214,85.8109,46.4674,36.8246,31.2893,21.2654
4170,66.9684,104.959,88.9735,47.7926,36.5537,33.3008,20.9988
4200,68.9031,106.586,86.7803,47.1775,37.2316,37.1715,21.532
4230,66.6001,105.9,88.9852,46.2364,36.2181,42.1137,21.0136
4260,67.8937,106.572,87.9318,44.6715,35.4014,44.9499,21.5307
4290,67.886,104.062,88.0702,45.1065,37.3629,47.4228,21.5166
4320,67.828,105.848,87.2374,45.79,36.0904,50.2534,21.242
4350,67.1666,108.353,88.8611,46.9916,36.0047,57.1178,21.0016
4380,63.3993,100.267,82.2696,46.2007,36.2575,57.7785,16.5864
4410,65.5696,103.191,82.9034,46.4107,36.4836,61.4657,16.7149
4440,63.2258,102.198,84.4282,45.1799,36.4033,66.3892,17.1228
4470,65.058,100.132,83.8339,44.7623,36.2715,67.8219,17.2472
4500,65.0907,98.9759,83.5206,44.8882,36.7812,71.5882,16.9745
4530,64.4762,100.332,82.3305,44.8025,36.6238,75.7246,17.2684
4560,63.3076,103.547,82.3756,45.9781,36.6778,78.4875,16.7362
4590,63.2802,101.68,83.2751,47.21,36.793,84.4513,16.9619
4620,65.1107,98.0457,84.6292,45.6433,37.0902,88.9136,16.6255
4650,63.877,104.032,82.7367,44.7441,35.9399,92.9088,16.8612
4680,64.4324,98.3077,85.4371,44.4235,35.789,92.709,17.1947
4710,65.0347,101.242,84.4849,46.052,36.7669,99.8444,17.0776
4740,64.223,101.728,81.9326,47.8177,36.8641,95.4469,17.1109
4770,65.7935,99.427,85.2436,45.098,37.2763,97.8929,16.7282
4800,65.8087,100.348,82.8156,46.5852,35.9845,97.1652,16.5942
4830,63.1743,97.9166,84.1099,47.8316,35.9381,98.2072,17.1078
4860,63.5809,101.897,84.7716,46.4187,36.7902,96.4232,16.9
4890,63.2598,98.0826,84.5589,47.2035,36.3423,95.2064,17.1432
4920,65.0477,99.2254,83.4419,44.5459,37.1315,95.4983,17.1145
4950,65.6809,101.596,84.8247,44.979,35.2295,99.2204,16.7649
4980,59.2793,89.5985,76.1786,46.2532,35.1494,99.752,14.2932
