Time,FC,PAS,PAM,PAD,temp,SpO2,FR
-1,122,82,50,47,35.2703,91,27
0,134.2,90.2,55,47,34.7765,91,29.7
30,137.255,90.2233,56.192,47,34.2827,91,29.1869
60,136.787,88.5634,54.9323,47,33.7889,91,29.5089
90,136.374,88.2654,56.1524,47,33.2951,91,29.0263
120,133.465,88.8978,54.5558,47,32.8014,91,29.9074
150,136.132,91.5142,54.3806,47,32.3076,91,30.3194
180,132.333,89.7728,54.7889,47,31.8138,91,30.0438
210,132.923,90.009,56.011,47,31.32,91,29.9349
240,131.894,91.5507,55.6275,47,30.8262,91,29.9895
270,131.662,91.1784,56.1142,47,30.3324,91,29.1095
300,131.515,90.5194,56.08,47,29.8387,91,29.4665
330,132.802,91.6831,55.6793,47,29.3449,91,29.4314
360,147.121,89.2738,61.3262,47,28.8511,91,30.0731
390,150.649,89.0049,60.7101,47,28.3573,91,30.2616
420,133.512,89.8892,55.2643,47,28.6454,91,29.5203
450,135.393,91.036,54.8688,47.4282,29.215,90.4501,29.4554
480,134.121,92.5978,53.3818,47.7475,28.7365,89.0566,30.5832
510,135.453,89.1893,54.5971,47.0149,29.713,102.632,30.3671
540,132.583,90.2125,56.4507,47.1095,29.3159,100.581,29.9637
570,134.228,73.0318,42.1657,36.972,29.6986,96.0526,28.0895
600,126.788,74.7476,42.1382,37.5872,30.307,91.3444,27.6756
630,127.805,70.6471,43.6034,38.6311,30.9325,84.8353,27.126
660,131.039,71.7222,44.2455,38.0613,30.3802,83.9262,25.7395
690,128.896,70.3316,41.0961,38.494,30.7614,78.4743,25.7572
720,176.643,35.5198,42.2986,20.9856,32.2413,76.9216,24.9674
750,178.732,34.8006,43.2673,20.9736,31.419,78.6937,24.5605
780,173.847,34.5319,40.994,22.2368,32.0991,76.3,23.2389
810,173.241,35.2454,42.249,20.8026,32.1414,73.0204,23.0027
840,170.426,38.0664,42.6663,20.7381,32.6516,70.6505,22.8625
870,169.555,35.8387,42.3554,22.98,33.2627,66.4828,21.8617
900,170.283,53.0731,43.4564,30.4396,34.4487,62.6835,22.373
930,174.042,57.9663,43.1079,32.6616,34.2105,56.0787,21.5245
960,169.215,57.8377,54.8212,30.6459,34.8102,53.9286,23.1219
990,175.588,56.0091,56.8298,32.6947,35.1765,50.1937,22.5202
1020,172.893,52.6224,51.9918,30.3278,34.361,44.1742,21.1807
1050,175.046,53.3667,52.953,30.4429,34.4149,40.0353,22.4892
1080,174.25,54.292,52.7611,30.423,35.7794,40.6584,22.183
1110,173.017,56.3742,53.2947,32.2648,35.8912,32.5326,22.1294
1140,175.117,56.027,56.1477,32.839,36.3551,32.5059,22.9216
1170,169.756,52.2427,56.6216,30.9962,35.2368,27.071,22.7009
1200,170.4,51.5673,55.7594,30.7862,37.1781,25.3008,22.936
1230,120.419,77.2093,55.6878,40.6353,36.8709,19.6003,22.5561
1260,118.66,63.542,50.2269,39.0786,36.3841,13.6211,21.6668
1290,102.073,65.2056,29.2078,34.8997,37.7915,14.4359,22.1656
1320,101.761,61.6323,32.1112,33.4117,37.7401,74.6212,22.2178
1350,104.293,66.3637,32.1992,33.527,36.0763,76.6084,21.5436
1380,103.697,65.3269,32.5594,35.1803,38.4964,74.8379,22.3594
1410,104.103,58.8529,29.3049,33.9383,37.2021,78.6269,23.0439
1440,102.151,65.0105,29.1408,34.8505,37.1537,76.8431,21.7266
1470,104.435,67.7545,31.9179,35.3347,37.2681,77.0162,22.8158
1500,103.267,66.6907,31.2477,35.0845,36.4166,81.748,21.5669
1530,110.479,62.1534,42.4326,33.5378,37.5245,81.3948,21.3304
1560,109.013,65.0972,43.5705,33.4658,37.3488,81.8828,21.1492
1590,110.98,61.0271,42.7246,34.8964,37.0265,78.5534,20.9164
1620,104.191,54.8478,40.2439,32.2127,37.4417,82.2065,20.9694
1650,112.701,60.2124,42.0152,29.2678,36.6068,79.3626,23.3767
1680,112.828,58.287,44.5367,30.2997,38.3495,79.6077,23.2537
1710,112.788,57.3271,41.4173,28.3868,36.2408,79.5901,23.0923
1740,109.327,58.2297,44.4232,29.7819,37.0381,82.3313,22.9241
1770,134.55,67.9554,52.4959,28.6632,37.2395,78.7337,27.976
1800,116.567,63.4325,46.8228,28.5368,37.2816,82.4832,28.2843
1830,117.837,57.648,46.3416,30.4346,36.2632,79.3242,28.0824
1860,117.921,58.017,46.8556,30.4839,38.3998,82.9203,28.1587
1890,118.771,60.0596,45.837,28.4143,37.2254,80.2162,28.1901
1920,118.23,59.5475,45.8831,29.5746,37.5426,79.7084,28.0433
1950,117.412,58.268,43.246,30.6982,36.3922,83.8504,28.4471
1980,116.645,59.17,46.1754,28.5662,36.824,85.9383,27.8772
2010,115.795,60.27,43.4963,28.9804,36.8327,86.86,27.9088
2040,118.521,61.4439,45.3369,29.4183,37.3513,86.3643,28.3548
2070,135.699,73.8588,53.8353,28.7022,35.7874,83.6218,30.4098
2100,136.819,68.7352,54.275,29.0686,37.7671,84.4466,30.6067
2130,135.761,71.8972,52.0051,28.8089,35.9193,84.2876,30.0563
2160,138.953,68.3728,52.9584,28.2487,37.478,87.0297,30.5619
2190,136.708,72.3456,51.3004,29.4949,37.2176,83.1834,30.0348
2220,137.375,74.2128,52.3191,28.6852,37.6669,83.4905,30.3733
2250,137.172,71.4314,54.3545,29.5932,36.9719,85.3447,30.3934
2280,136.606,69.0992,53.7165,28.3158,37.2016,82.5315,30.4698
2310,136.924,69.2984,51.7524,28.0287,36.8787,82.656,30.6256
2340,137.177,70.8625,51.7283,30.8147,36.3644,85.0056,30.3983
2370,139.366,70.6291,51.3829,30.1015,37.6444,84.0242,30.5519
2400,138.997,68.5616,50.6911,28.972,36.3846,82.8333,30.0394
2430,136.361,70.2894,50.9027,30.1214,36.5857,85.9527,30.1061
2460,137.637,74.0119,51.0157,30.1683,36.9225,84.1714,30.2702
2490,139.386,71.3875,51.1842,29.7885,36.3369,84.8157,30.1227
2520,137.47,71.203,52.807,28.4099,36.9989,83.3061,30.4375
2550,146.668,73.5826,55.385,29.8599,35.8028,86.1801,31.3649
2580,143.574,77.2001,56.1185,29.442,37.4893,86.8488,31.1188
2610,144.933,72.351,53.846,30.0964,36.7608,86.6957,31.4202
2640,143.304,74.4194,54.0601,29.4722,37.1758,83.3736,31.374
2670,145.111,75.7384,55.7533,30.3838,36.7007,85.6083,31.3373
2700,143.619,73.5592,54.9108,29.5399,35.5331,87.1328,31.2185
2730,144.048,78.1283,54.9809,29.9358,36.175,85.3403,31.1805
2760,145.307,76.2671,53.8422,29.4087,37.0388,84.1163,31.1258
2790,146.341,77.1439,54.725,29.5349,36.6428,84.019,30.9684
2820,145.055,75.8571,56.6754,28.7239,37.5356,86.6356,30.869
2850,148.456,73.2169,56.5235,28.479,35.9262,85.9323,31.392
2880,150.863,76.6775,55.2517,30.6317,37.9133,84.0539,31.3418
2910,150.713,75.6412,55.072,29.8238,36.8384,86.3605,31.2125
2940,151.015,75.238,57.2675,28.1155,36.369,82.8048,31.97
2970,154.629,76.634,53.7482,28.545,36.0945,82.8752,32.6469
3000,154.314,75.0444,57.241,29.3185,35.3542,83.708,33.1124
3030,156.428,75.889,55.1107,28.565,35.4017,86.3316,33.591
3060,164.77,78.1734,56.9808,30.4654,36.5077,85.6216,35.2867
3090,164.902,78.4125,56.3538,29.2131,36.3587,84.0793,36.2927
3120,168.205,75.6073,56.0562,28.5,36.4268,90.2994,36.4274
3150,166.408,75.7362,55.9424,29.4255,35.4665,94.3681,37.5598
3180,168.481,77.5489,58.024,28.4543,35.6911,95.0767,37.9163
3210,166.088,78.9588,58.4518,29.7709,35.4473,99.2391,38.3622
3240,167.15,78.9466,56.0217,30.4742,35.4445,105.181,39.188
3270,166.896,75.4437,58.5665,30.194,36.4447,107.909,40.1051
3300,165.322,77.0071,59.115,29.4025,36.5936,109.049,39.3153
3330,166.607,79.0883,56.5028,28.8109,37.6297,106.348,38.1966
3360,163.159,78.4664,55.0334,30.4493,37.4244,105.444,37.2812
3390,163.604,75.1367,57.876,28.6091,36.5509,104.587,36.5408
3420,161.13,74.981,56.9611,29.5574,35.6187,105.78,35.8464
3450,157.494,78.7943,56.8994,31.1685,36.6202,105.352,35.3736
3480,157.44,76.3537,57.2737,28.6641,35.8599,104.863,34.6683
3510,157.424,79.8263,55.3949,30.0657,34.8167,107.188,33.7135
3540,153.73,75.6403,55.6353,29.6077,36.0411,107.188,32.7535
3570,152.256,75.7274,56.7615,29.8438,37.3022,105.222,31.8523
3600,153.833,79.9424,56.8116,31.2559,36.546,108.137,31.0597
3630,150.687,75.129,58.8316,29.9341,35.7613,104.623,30.2448
3660,151.698,77.2931,58.1025,28.7349,36.7884,106.153,30.6492
3690,151.22,74.9837,57.0546,29.7996,37.1436,106.911,30.4145
3720,151.58,76.1388,57.3598,29.023,36.8438,105.597,30.216
3750,151.131,77.5338,58.354,30.4652,34.5676,102.775,30.5083
3780,150.805,79.1852,58.753,29.2794,35.6208,103.98,30.5144
3810,150.97,79.4134,56.0382,28.8511,35.5609,106.074,30.2243
3840,149.999,76.7009,57.143,28.4797,36.0368,103.665,30.2942
3870,150.965,75.4114,55.4064,29.9287,34.8714,103.297,30.4374
3900,152.175,75.7536,59.0097,31.3327,36.032,101.678,30.1611
3930,149.084,80.6489,56.4558,30.0949,34.6327,98.2861,30.2306
3960,150.598,76.9361,56.4309,29.0034,36.3435,93.1789,30.6191
3990,151.802,78.9896,56.9596,30.9758,37.229,88.7019,30.4484
4020,152.352,77.4386,57.7074,29.8839,36.3479,85.6569,30.476
4050,148.772,75.5722,57.2166,29.4419,34.8589,81.5899,29.1388
4080,119.458,66.1401,47.8476,30.9893,36.2452,82.3578,29.0355
4110,117.946,61.9105,45.6227,30.9518,37.5925,80.904,29.3452
4140,118.317,61.1981,46.2951,30.8636,35.508,80.9873,29.3487
4170,118.003,65.0631,45.704,28.9131,37.7771,81.999,29.0628
4200,120.985,63.2728,45.835,29.8334,36.186,82.6338,29.3856
4230,118.999,60.9484,48.0697,29.3464,36.5466,79.4905,28.8269
4260,119.406,63.9853,48.2303,31.2803,36.3778,82.6261,29.2882
4290,118.325,61.0521,48.78,28.5896,35.7629,80.8586,29.366
4320,118.447,64.9939,46.3722,28.5154,36.5444,78.486,28.963
4350,119.073,65.2394,47.0802,28.9267,36.1583,79.4736,29.1904
4380,111.851,57.9501,44.921,28.6043,36.0735,82.7229,22.8417
4410,112.443,62.6256,45.4387,30.1008,35.8764,80.8726,22.9393
4440,110.31,62.9434,46.0265,30.9756,36.3635,78.9865,22.8096
4470,112.911,61.6553,45.6813,30.8733,37.1479,80.6798,23.0164
4500,110.518,57.8953,42.455,29.8234,37.0048,79.0224,22.523
4530,113.129,62.5066,45.287,29.301,34.8618,78.9801,22.5073
4560,110.672,63.2717,46.395,29.1774,36.0803,82.6129,22.7939
4590,113.13,61.2784,44.0404,29.0622,37.1258,79.2261,22.8791
4620,113.701,58.6098,43.1814,29.5808,35.1204,80.9202,22.968
4650,110.863,58.693,43.083,28.9277,35.6224,79.743,22.7565
4680,111.23,58.8136,45.6541,28.5669,36.0693,81.5033,22.4887
4710,111.269,57.6645,43.5967,30.9794,36.8445,81.1851,22.9369
4740,112.651,61.977,43.2528,30.4307,35.8364,81.0295,22.5972
4770,113.697,61.6531,44.1777,29.1612,37.4809,82.1527,22.6039
4800,113.688,60.6865,43.7228,28.838,36.4384,79.4466,22.7209
4830,113.904,60.4603,43.6716,30.8273,37.7447,81.4128,22.8126
4860,112.614,62.3503,43.5566,30.3592,36.8731,82.7763,22.7323
4890,112.187,59.3877,45.4598,29.7481,35.3136,81.8496,23.0149
4920,110.369,57.6406,42.77,28.8321,36.7355,81.3336,23.023
4950,113.266,62.8365,45.5994,30.5308,36.5026,79.9213,22.7
4980,98.4957,54.2119,37.803,30.459,36.8822,79.1496,19.438
