Time,FC,PAS,PAM,PAD,temp,SpO2,FR
-1,76,138,105,82,36.7007,99,16
0,83.6,151.8,115.5,82,36.1869,99,17.6
30,85.3209,151.687,117.162,82,35.6731,99,17.7961
60,82.3496,152.762,115.07,82,35.1593,99,17.993
90,84.1563,155.248,118.295,82,34.6455,99,17.5677
120,81.7691,149.084,117.369,82,34.1316,99,17.2893
150,83.9134,154.572,112.995,82,33.6178,99,17.291
180,85.317,149.684,116.268,82,33.104,99,17.2917
210,83.28,148.849,117.091,82,32.5902,99,17.9045
240,84.835,152.457,117.24,82,32.0764,99,17.6075
270,82.5328,149.806,116.364,82,31.5626,99,17.3842
300,82.41,150.661,113.312,82,31.0488,99,17.5372
330,83.3008,149.038,116.359,82,30.535,99,17.6521
360,90.7225,149.972,128.114,82,30.0212,99,17.7081
390,93.3201,154.855,125.463,82,29.5074,99,17.4994
420,90.443,155.046,127.841,82,31.3805,99,17.5094
450,89.0367,151.514,129.295,82.3567,34.0373,97.0324,17.7132
480,86.5054,147.521,113.848,81.2875,34.3768,96.5646,17.2113
510,85.5918,155.148,116.497,82.3103,37.5971,103.495,17.3887
540,83.7625,151.518,114.64,82.128,37.2655,100.198,17.1941
570,83.277,126.871,91.2515,64.4406,36.2258,96.5814,16.1342
600,82.4985,120.107,93.4695,65.5214,35.8493,98.8372,16.6577
630,79.7221,126.067,94.4917,66.0416,37.072,95.6284,16.0839
660,78.8732,114.636,93.3524,66.8416,36.717,92.0526,15.7255
690,79.7215,117.807,91.6155,65.1114,36.1736,89.3973,15.2496
720,111.291,57.9016,90.9795,38.0068,36.6445,91.1998,14.1879
750,109.436,63.5879,88.5004,38.5104,36.9711,93.0609,14.5826
780,109.383,62.5438,89.5464,40.5701,37.1567,90.8712,14.3267
810,107.086,61.539,89.3097,40.2142,36.6475,89.9535,14.198
840,104.732,57.6658,91.224,40.1982,36.9988,83.9059,13.7509
870,106.176,63.8557,90.732,38.6,36.6786,85.8947,12.8765
900,105.089,94.1031,113.269,54.5126,37.3428,84.1603,13.4043
930,106.689,93.8352,119.359,54.1262,37.0688,80.3764,13.7052
960,108.181,95.3688,116.157,55.5779,37.9782,76.1293,13.2823
990,105.738,94.3433,113.221,56.4022,38.1014,78.4482,13.3973
1020,109.345,87.8139,116.6,54.4311,38.3372,75.868,12.9854
1050,109.055,92.8186,112.905,55.8903,37.6054,72.1931,13.738
1080,107.387,93.5211,113.858,57.0591,35.9245,72.4995,13.0597
1110,108.649,91.0285,115.573,56.4079,38.387,68.9907,13.7719
1140,104.887,91.6684,119.084,56.8354,36.7329,66.6863,13.5384
1170,109.843,89.1103,117.932,55.6985,36.965,65.6552,12.9565
1200,107.878,89.0417,113.724,57.2568,37.4455,60.5172,12.9811
1230,77.7275,127.311,117.776,72.0803,37.6174,61.8427,13.1624
1260,72.6065,123.214,96.7417,60.9684,37.2299,59.2186,12.8065
1290,63.2765,106.858,68.0327,60.5514,38.7252,59.1211,13.8495
1320,63.3898,110.118,66.4047,63.0905,37.836,87.2317,13.4205
1350,61.0442,114.275,69.5575,60.6722,38.4969,91.2437,13.439
1380,61.6712,108.93,70.971,62.2886,38.8743,88.0709,13.7037
1410,61.4108,107.005,66.5428,62.4466,38.252,87.5823,12.9497
1440,61.851,106.936,66.7491,63.4173,36.7417,89.0889,13.3532
1470,61.9759,112.949,67.4621,63.7764,35.9887,90.6344,13.5235
1500,62.7647,110.132,69.6851,62.9177,36.652,92.7251,13.1486
1530,68.0705,108.128,96.1896,62.3069,37.8564,92.1818,12.9223
1560,65.1305,109.703,93.2261,62.0666,38.2736,94.7594,12.9331
1590,67.6207,109.7,95.1344,61.3084,37.1768,95.8573,12.6304
1620,64.8119,99.7798,79.9229,52.6241,38.302,91.4317,13.0238
1650,66.4844,101.542,89.1154,54.523,37.1395,94.4852,14.0205
1680,67.154,101.326,91.532,51.8901,37.3511,96.0614,13.8871
1710,67.2164,99.4403,89.673,51.957,37.2209,94.0566,13.9847
1740,69.1354,101.932,90.9784,54.4106,37.6924,95.2589,14.167
1770,82.2182,117.983,110.331,54.2678,36.9196,93.0383,16.8139
1800,72.1969,102.638,87.9086,52.1873,37.0372,94.3306,16.8789
1830,71.1652,108.147,88.4298,51.5436,37.6945,94.1577,17.0248
1860,71.445,103.24,87.836,51.3722,39.0184,95.2283,17.1374
1890,69.231,103.174,88.4102,53.5149,37.2042,95.1589,16.9306
1920,71.7488,107.578,89.0694,52.7614,37.3107,94.6047,17.1952
1950,72.5709,107.578,90.0286,52.3735,37.0348,99.8534,17.0388
1980,70.5223,107.431,88.7607,52.5035,37.0631,100.833,17.3493
2010,70.2918,103.011,88.8766,53.6021,37.039,100.84,17.1422
2040,72.7009,103.933,91.2194,51.2533,36.88,99.5564,16.9769
2070,83.2015,120.104,110.695,51.565,36.6406,98.8605,18.4716
2100,82.2923,123.933,108.658,54.5856,37.1712,100.17,18.1003
2130,82.5743,119.309,112.251,54.8198,37.2943,99.0073,18.0917
2160,82.258,121.037,109.21,52.7431,38.667,100.011,18.1219
2190,82.4034,120.126,109.809,53.329,37.9348,98.4602,18.3746
2220,84.4238,121.78,110.652,53.7459,36.9135,101.361,18.4429
2250,83.4785,124.033,111.408,53.8469,36.979,101.436,18.4598
2280,84.1581,119.925,108.883,53.2908,37.2082,100.901,18.1124
2310,82.4901,120.057,111.986,53.8242,36.0004,98.4363,18.5224
2340,84.6057,124.506,110.578,52.431,36.7491,97.0414,18.4228
2370,83.308,123.739,110.038,51.4828,36.1988,100.871,18.4259
2400,84.2393,118.738,109.352,54.17,37.3605,97.0307,18.0169
2430,83.4246,124.524,111.973,53.3404,36.071,98.8387,18.6094
2460,82.5547,118.44,109.491,52.8935,37.0496,97.5233,18.5898
2490,82.8095,122.47,108.155,52.4606,37.0531,96.9601,18.4414
2520,85.2954,120.789,110.573,54.6899,37.4665,97.0511,17.9203
2550,89.0677,131.276,118.452,54.2475,35.6591,100.685,18.5724
2580,87.1603,126.081,119.729,53.4992,36.3838,99.5341,18.8962
2610,89.3602,129.223,116.662,54.0563,36.7457,99.2273,18.6716
2640,89.2703,125.892,117.986,52.0682,37.6628,97.8086,18.5581
2670,88.8432,130.937,116.662,53.9884,36.8698,97.3758,18.9708
2700,88.317,125.865,118.483,54.1199,35.6632,99.866,18.8478
2730,91.2721,131.559,118.364,52.675,35.6343,101.3,18.8847
2760,89.8791,128.979,116.087,54.7687,35.8116,98.3279,18.7355
2790,90.6102,129.982,117.344,51.4902,37.186,96.8457,18.9113
2820,92.7083,130.574,118.511,53.5609,37.1624,98.7651,18.8617
2850,92.1044,126.418,116.161,52.3487,35.4088,97.391,18.637
2880,94.1653,127.969,117.132,53.1838,37.4032,97.2613,19.3222
2910,94.0515,129.538,119.743,54.2972,36.8101,99.8299,19.55
2940,96.0943,128.005,116.696,52.8178,37.2481,97.2838,19.9708
2970,97.2419,127.933,120.338,54.1739,35.89,97.3194,20.4103
3000,97.0473,129.321,117.324,51.2544,36.1734,100.631,20.4498
3030,99.7632,130.687,116.668,51.2411,37.7289,99.6119,20.6726
3060,102.541,135.533,121.079,53.6414,37.3125,98.4357,22.0978
3090,102.189,132.49,122.644,52.4392,36.1294,97.5145,22.9849
3120,104.127,133.548,122.556,53.923,36.3085,97.257,23.3801
3150,103.588,132.244,118.167,51.4787,36.2779,97.9908,23.2476
3180,103.543,135.863,122.796,54.7305,36.5419,97.1667,23.852
3210,104.41,130.406,118.415,52.1525,35.2607,97.4747,24.2376
3240,104.447,130.623,120.566,54.0983,37.1183,100.382,23.8985
3270,105.047,134.757,119.887,51.7632,36.0404,98.7254,24.2301
3300,103.392,132.297,121.565,51.8227,36.948,100.578,23.9409
3330,104.501,134.913,121.051,54.9201,37.2461,99.984,24.1236
3360,103.461,130.408,120.07,53.5177,37.2735,98.9037,23.5366
3390,102.509,136.673,121.104,55.2326,36.8678,96.8465,23.3755
3420,99.8051,131.954,123.235,54.5429,37.3084,93.9603,22.7175
3450,99.7005,133.675,121.198,52.5866,34.7382,97.7228,22.3293
3480,97.9301,130.42,120.05,54.141,37.9327,94.1982,21.7172
3510,100.048,133.453,121.358,53.364,35.2101,95.5554,21.0932
3540,97.398,131.532,119.531,53.0755,36.1759,99.0132,20.4285
3570,97.4879,133.065,120.514,54.7683,35.4506,97.0956,20.2365
3600,94.6588,135.326,119.748,52.0992,36.0924,97.6166,19.8198
3630,95.7983,131.244,119.203,55.4134,35.5818,96.1569,19.3928
3660,94.3591,133.224,119.209,53.0399,35.5514,96.7018,18.624
3690,93.1675,135.209,119.436,55.187,37.2051,96.7511,18.6211
3720,93.1341,134.132,119.266,52.3396,37.2013,98.4262,18.284
3750,94.6226,135.473,121.212,52.3946,36.1876,98.96,18.4079
3780,92.5795,136.093,119.03,55.0907,36.9164,95.6313,18.1813
3810,92.3598,131.998,120.235,52.0786,37.4105,95.05,18.1821
3840,92.6677,130.925,121.314,52.1896,36.3736,97.8453,18.4029
3870,91.8287,130.681,122.867,52.5584,37.3003,99.292,18.0448
3900,93.6481,135.948,119.196,53.6229,35.4096,99.175,18.3103
3930,93.3215,130.894,121.843,53.3173,37.0987,98.831,18.0052
3960,94.2637,131.857,119.936,53.907,36.8103,96.2785,18.3275
3990,94.6247,130.604,122.568,54.5554,36.9373,99.6496,18.1549
4020,93.4029,136.314,122.762,54.8995,35.8726,97.0845,18.3817
4050,91.6486,138.809,121.643,53.7964,37.0443,98.4682,17.2854
4080,70.9038,110.127,101.547,53.8336,35.8822,95.8932,17.3569
4110,71.5495,110.337,98.1594,55.3733,35.5332,96.8046,17.0222
4140,70.9248,105.22,101.04,52.564,36.0958,101.483,17.3314
4170,71.3616,110.446,101.715,54.7718,36.7945,100.056,17.5231
4200,72.2923,105.533,98.3584,52.0591,35.6387,101.891,17.3873
4230,71.5524,109.721,99.4022,54.4924,37.4535,102.789,17.6719
4260,73.6613,108.386,97.7453,53.8283,37.6275,104.099,17.6765
4290,73.7178,111.022,100.581,53.7618,37.1828,100.389,17.0347
4320,70.88,108.044,97.5159,53.0538,37.1977,103.452,17.094
4350,72.1371,106.983,101.005,52.8554,35.6318,100.227,17.6757
4380,66.5477,101.619,94.8012,55.0689,35.8638,103.251,13.3183
4410,67.672,102.984,95.7828,51.8811,37.0193,99.3493,13.5579
4440,67.6951,100.16,96.492,53.0011,37.0961,101.286,13.3056
4470,66.3026,101.017,94.546,52.3741,37.0852,99.6037,13.8462
4500,69.584,103.064,96.2965,52.9299,35.6267,101.489,13.5338
4530,66.7537,100.385,94.8405,54.2042,35.5517,99.9322,13.5753
4560,68.4033,105.829,96.5416,53.2856,36.2025,101.879,13.7189
4590,67.9942,105.668,96.7093,53.0594,37.347,100.444,13.6166
4620,68.0436,99.7373,96.7285,53.9646,36.314,99.4361,13.7945
4650,67.9351,102.9,94.8513,54.0447,35.7342,99.8405,13.7019
4680,68.3789,105.778,93.0626,53.0523,36.1097,99.5253,13.756
4710,68.3229,105.601,93.1384,52.6761,36.8427,103.276,13.5361
4740,67.6746,104.016,92.8121,52.2306,34.744,103.945,13.6106
4770,68.429,102.29,93.4137,54.4873,35.1744,101.343,13.7145
4800,67.2169,102.92,92.8507,53.9243,35.0283,100.969,13.7773
4830,66.4813,102.538,92.7946,51.9324,37.6448,101.697,13.417
4860,68.2121,103.033,94.5001,54.2703,36.3472,100.398,13.4314
4890,69.0207,102.177,92.7732,55.2052,36.6958,102.403,13.243
4920,66.2529,104.006,95.4834,52.6705,37.8158,99.4266,13.8634
4950,67.8033,100.058,97.1188,53.0903,37.1153,102.41,13.6027
4980,58.6572,88.418,83.158,54.4771,36.1159,99.3975,11.2117
