Time,FC,PAS,PAM,PAD,temp,SpO2,FR
-1,76,135,103,77,36.7854,97,14
0,83.6,148.5,113.3,77,36.2704,97,15.4
30,84.4729,145.693,111.189,77,35.7554,97,15.2434
60,84.0844,147.673,115.407,77,35.2404,97,15.0816
90,85.3224,145.725,114.861,77,34.7254,97,15.7115
120,85.1359,152.202,114.914,77,34.2104,97,15.3808
150,81.6185,148.916,114.886,77,33.6954,97,15.6667
180,83.4979,145.273,115.948,77,33.1804,97,15.2409
210,85.2614,146.218,114.326,77,32.6654,97,15.7741
240,85.0874,152.117,111.108,77,32.1504,97,15.6418
270,83.7583,146.674,115.076,77,31.6354,97,15.2895
300,84.8453,145.852,115.632,77,31.1204,97,15.2215
330,83.2917,150.065,112.351,77,30.6054,97,15.7135
360,92.7109,146.362,122.274,77,30.0904,97,15.1504
390,91.327,151.012,122.632,77,29.5754,97,15.4374
420,82.6931,144.866,126.244,77,30.1058,97,15.7227
450,82.0805,144.426,124.809,77.4783,29.9643,94.5515,15.7824
480,84.2009,146.625,116.372,77.0593,30.5164,99.2106,15.1387
510,84.4038,152.369,115.943,78.0432,31.0861,98.2017,15.0442
540,83.8932,147.627,110.246,78.6261,31.6857,96.6758,14.5914
570,84.9657,117.79,89.2438,61.9259,32.4667,95.398,14.5586
600,80.9865,117.641,92.1215,62.3334,32.5907,89.9624,14.3563
630,81.9867,120.634,91.6,61.3174,33.1386,90.7517,13.7252
660,81.6435,117.259,93.981,62.2711,33.4648,89.27,13.5451
690,79.9072,123.051,91.662,60.3389,34.3009,83.428,14.055
720,72.3486,101.806,76.4341,55.9207,36.2194,83.8249,13.1643
750,65.2397,97.0362,51.6253,50.9672,35.2712,78.9647,12.4413
780,66.1176,104.37,49.9444,50.1661,37.3943,95.2127,12.8699
810,65.2586,97.3852,52.9148,52.6598,37.2755,96.5398,12.0816
840,61.9818,125.365,72.4163,52.6533,37.1061,92.4712,12.3113
870,60.8671,131.256,73.5646,52.4313,38.1063,92.4872,11.7465
900,63.4166,126.684,72.1924,66.8933,36.8077,89.8326,11.2933
930,63.023,126.965,71.5899,66.2077,36.2705,87.3752,11.9863
960,61.4723,131.389,72.9751,65.7572,37.9507,87.106,12.0436
990,67.5908,125.965,94.3137,67.0018,36.182,86.7224,11.7489
1020,67.1126,131.145,94.922,68.164,36.7725,82.9901,11.3721
1050,65.6244,130.363,93.6869,67.4133,37.1166,82.0736,11.859
1080,61.126,107.863,80.6379,63.4776,35.8207,80.9029,11.7986
1110,66.1006,119.368,88.9566,57.6844,38.6011,77.2114,12.8248
1140,67.8477,118.172,89.6909,58.7741,37.0036,74.3114,12.7406
1170,66.7691,115.445,88.263,58.3981,37.8611,74.774,12.6214
1200,68.3443,119.94,89.0009,58.8693,37.2578,73.0406,12.6416
1230,82.8701,145.99,107.657,57.7646,37.413,68.6883,15.401
1260,69.5896,129.979,95.4951,56.3572,36.8985,69.1864,15.5754
1290,72.3643,131.145,96.012,57.5157,36.3641,68.0395,15.2091
1320,70.0124,127.034,94.5241,56.3578,38.9384,66.5574,15.6184
1350,72.4226,130.27,95.4558,57.3023,36.6134,68.26,15.0718
1380,70.369,128.555,95.1088,57.1123,37.2607,64.1608,15.6371
1410,72.5774,130.284,95.2475,56.097,37.4302,68.7237,15.0334
1440,70.922,129.857,94.8915,56.8703,37.9354,67.4303,15.2966
1470,71.4523,129.442,97.582,57.4575,37.1821,69.8838,15.3744
1500,70.2184,131.932,97.7844,55.9929,37.232,71.4475,15.7284
1530,83.4908,146.697,111.382,57.3873,37.1286,69.6755,17.0221
1560,81.1567,150.122,112.694,57.42,37.4692,71.4302,16.4838
1590,80.9773,149.697,114.916,56.0515,37.141,70.0803,16.9002
1620,82.3078,148.219,115.433,56.7666,37.8344,68.3605,16.4698
1650,81.3927,147.001,114.747,57.7724,37.2661,70.1904,16.9272
1680,81.5168,150.979,112.849,58.5365,36.4721,67.9517,16.6158
1710,80.9854,151.15,113.89,57.5199,36.3438,69.2066,16.908
1740,83.5246,147.143,111.914,56.3633,36.2769,69.9646,16.5184
1770,83.5629,147.069,115.511,57.2015,37.3927,69.0624,16.9204
1800,82.8038,149.472,114.222,58.8133,38.4148,69.4191,17.0492
1830,83.818,151.252,113.669,56.219,37.1957,67.6419,17.0013
1860,81.9114,146.357,111.935,57.0671,37.4953,71.3749,16.5437
1890,80.9956,149.698,114.933,57.8363,35.9091,69.9659,16.9226
1920,84.0668,146.195,114.584,58.4256,37.1269,71.5893,16.8993
1950,81.442,147.455,111.173,56.6389,35.654,68.8086,16.7316
1980,81.8063,147.832,111.29,58.4986,36.7295,68.5315,16.3827
2010,87.5698,151.746,120.222,58.4983,35.9069,70.8993,16.5853
2040,87.3136,154.206,120.631,57.123,37.3557,68.8435,17.1034
2070,85.9445,153.196,116.778,56.9055,36.0861,72.4827,16.9682
2100,88.2984,151.682,118.36,58.6055,37.5849,67.6737,16.8431
2130,87.93,156.715,117.647,58.4926,36.8755,72.1372,17.0323
2160,86.9073,156.619,116.985,58.833,36.5625,70.8578,17.0472
2190,87.9095,155.97,116.795,58.8629,35.0222,70.0547,17.1627
2220,85.9072,157.13,119.601,58.7618,37.0986,69.1321,16.6658
2250,87.5867,155.015,116.632,57.9561,37.4797,69.1954,17.2177
2280,88.3961,154.191,120.201,56.609,37.1608,72.4079,16.8888
2310,86.3294,151.729,118.368,56.3008,36.6343,67.7114,16.6749
2340,88.5669,155.915,117.024,56.6709,36.3357,70.1103,17.3121
2370,85.6113,154.845,119.63,57.2216,35.6767,69.3346,16.7477
2400,87.2402,152.559,119.258,56.368,37.0116,71.0831,17.2148
2430,87.829,152.229,116.984,57.9968,35.0535,72.0086,17.2186
2460,88.6721,151.545,117.474,56.4349,36.896,68.8318,16.888
2490,86.5723,157.344,120.83,58.1715,37.0934,67.7163,16.8698
2520,89.2489,159.259,123.464,55.9246,35.887,72.5048,17.4002
2550,89.3806,155.911,122.89,57.4289,36.0277,69.628,16.8027
2580,89.1959,159.198,122.059,58.712,36.5823,69.3438,17.2301
2610,89.6181,157.232,122.144,57.4232,36.6946,72.4298,16.8153
2640,87.7848,159.447,121.485,56.5114,35.3325,68.271,17.2022
2670,88.7673,159.697,121.046,57.5548,36.1204,70.9757,17.2405
2700,88.2575,155.73,122.886,57.4754,37.7599,68.547,16.9665
2730,88.3669,159.022,124.239,58.5406,36.3632,72.4233,16.8203
2760,89.3531,156.743,122.255,57.5434,36.6333,68.4666,17.395
2790,88.5265,157.426,122.302,57.0741,36.5584,68.0545,16.8324
2820,88.9106,159.423,123.543,58.7695,37.3509,68.589,17.3923
2850,90.7585,155.742,123.532,57.5741,37.4738,70.8973,17.0698
2880,92.9217,155.901,120.438,57.1221,36.0907,68.7638,17.4892
2910,92.3173,159.506,122.23,57.4627,36.8626,70.6031,16.7275
2940,91.7082,157.29,124.484,58.6377,35.074,70.637,17.3238
2970,92.4422,157.318,121.726,56.3084,36.2477,70.2687,17.4719
3000,92.7179,158.832,122.011,58.672,36.9498,71.0752,17.2988
3030,94.1155,156.086,124.3,56.3352,36.4259,67.9514,18.0013
3060,96.5792,161.472,123.542,56.042,35.1128,71.2716,17.9034
3090,96.6356,155.643,122.802,58.1942,36.3186,70.1963,18.0546
3120,97.2789,160.733,124.869,57.3089,36.3645,70.9942,18.8702
3150,98.5159,158.502,124.774,57.3697,37.8721,68.5987,19.1677
3180,99.2303,160.535,124.412,56.1932,35.4801,69.3712,19.4542
3210,97.8626,160.332,122.539,58.1069,37.4255,71.0028,19.5215
3240,98.4732,158.832,124.549,56.6813,35.4902,72.1488,20.2348
3270,99.3427,159.972,122.348,59.3025,36.502,70.6871,20.3199
3300,97.1417,157.633,124.092,57.5333,35.9525,68.0492,20.4625
3330,99.0449,157.962,125.528,58.2946,35.9998,67.5551,21.2182
3360,96.1516,160.207,121.689,57.3987,34.7621,67.4145,20.1458
3390,97.4535,158.866,121.316,57.6901,37.3939,64.9965,19.8518
3420,93.9393,160.077,124.362,59.0992,37.1316,64.5379,19.6044
3450,93.8324,157.051,121.79,57.5104,36.1505,63.7474,18.8095
3480,95.5285,158.801,123.091,56.1612,36.4912,61.4776,18.558
3510,95.8553,157.835,125.347,56.5184,37.3147,61.4529,19.2749
3540,76.903,125.975,100.168,56.4556,37.7346,61.1359,18.2534
3570,74.8815,130.038,99.3042,59.2529,37.5334,61.37,18.3482
3600,74.7133,127.57,100.552,58.6457,36.1014,60.2717,17.474
3630,73.2345,129.706,98.4451,59.2699,36.5334,57.725,17.6105
3660,75.0402,128.054,101.555,58.5803,36.1149,56.6895,16.8092
3690,72.5142,127.249,98.4062,56.7794,35.0248,56.0974,16.3625
3720,73.3125,129.871,97.5116,58.069,35.6922,53.742,16.6254
3750,74.0157,125.736,99.7961,56.744,36.4146,49.0814,16.5159
3780,73.9919,125.851,98.3015,56.3052,35.7466,51.7814,16.0642
3810,72.5583,130.258,97.9974,57.7065,36.5137,54.2631,16.5077
3840,69.8466,125.377,93.0414,57.7673,36.0091,51.6761,12.5548
3870,69.9967,124.445,96.8669,58.3863,34.6882,52.5265,12.637
3900,67.1034,122.626,96.7804,58.7539,36.21,55.8793,12.6673
3930,67.4591,125.532,94.183,56.7144,34.9939,56.494,12.7131
3960,67.2975,124.927,94.5201,56.6086,36.9022,58.0764,12.4371
3990,68.2669,125.078,93.7324,57.9721,37.0163,56.1697,11.9541
4020,70.3063,121.758,95.9909,57.9887,36.8026,57.0096,12.7119
4050,68.5227,124.67,93.1827,58.187,36.1205,58.1987,12.0857
4080,69.4993,119.638,94.0279,57.7711,36.073,56.5232,11.9876
4110,67.3155,121.896,95.1932,56.3072,36.0092,57.0887,12.6217
4140,68.0439,124.897,94.28,56.4975,36.6769,59.1105,12.6397
4170,69.1649,121.084,94.6328,58.5547,34.724,65.0542,12.6597
4200,66.9267,120.925,94.2211,58.4983,36.1839,66.3734,12.4476
4230,69.847,121.656,95.7055,58.6401,36.5019,67.5546,12.4955
4260,69.1264,125.57,96.2186,56.191,37.5903,71.2659,12.3248
4290,67.3264,121.972,93.3066,57.0975,35.2903,69.6708,12.3134
4320,67.7617,123.127,93.1705,58.7622,36.153,72.6682,12.6705
4350,67.5804,120.186,95.3812,58.0681,36.446,74.0142,12.382
4380,67.4124,120.061,95.1854,59.6035,37.1718,77.0903,12.0578
4410,69.9854,123.602,94.4874,57.1778,36.8819,80.6507,12.7287
4440,59.9947,111.646,85.7154,56.9801,36.1667,79.6292,9.95075
4470,66.8803,129.356,98.8669,61.021,36.0486,84.1534,10.0729
4500,69.4488,126.019,96.9615,68.4561,37.0675,83.1893,10.4517
4530,67.1714,127.566,100.591,65.1696,36.1145,84.8284,10.1996
4560,68.5741,128.984,98.9071,66.9748,37.5031,87.6428,10.0052
4590,68.2173,125.472,97.1893,67.3357,36.1979,84.5389,10.7097
4620,66.7299,124.444,100.333,68.5726,35.6855,83.6342,10.7048
4650,67.9738,128.268,96.1512,67.5667,35.1916,80.6614,10.0009
4680,68.814,128.475,98.9698,67.4389,35.6346,84.259,9.96541
4710,67.4381,124.407,99.2243,66.6647,37.0712,82.5969,10.0086
4740,67.9533,126.63,96.4923,65.8426,36.4667,81.4246,10.6485
4770,67.3607,125.666,98.8602,67.8648,36.0504,84.8234,9.91615
4800,67.2138,127.533,99.0745,67.9153,36.52,84.6719,9.99886
4830,67.6121,127.692,98.5665,66.4025,36.3189,82.8406,10.381
4860,67.3036,127.886,99.7007,67.7296,36.805,83.693,10.4476
4890,66.7974,125.982,98.0947,66.6805,36.7024,82.6491,10.11
4920,69.0582,124.98,96.2383,67.0966,37.0123,83.7439,10.6825
4950,67.5726,125.645,97.5821,66.8153,36.2578,80.7514,10.3445
4980,67.43,129.668,97.3372,67.5653,37.7017,82.2096,9.96448
5010,66.7445,129.288,98.391,65.5073,36.3888,82.2312,10.6793
5040,66.2445,126.785,98.4412,67.1852,35.2543,79.9415,10.4739
5070,67.4587,129.754,96.9177,67.1869,36.1292,77.8314,9.97032
5100,66.1818,127.42,99.7854,68.5517,34.719,77.352,10.0532
