Time,FC,PAS,PAM,PAD,temp,SpO2,FR
-1,97,170,132,114,36.6006,96,19
0,106.7,187,145.2,114,36.0882,96,20.9
30,107.133,186.531,148.275,114,35.5758,96,20.9815
60,107.999,183.749,148.608,114,35.0634,96,21.099
90,108.511,185.99,147.736,114,34.551,96,20.649
120,105.124,191.371,148.128,114,34.0385,96,21.2088
150,104.416,191.165,143.844,114,33.5261,96,20.7272
180,105.769,185.188,147.258,114,33.0137,96,20.6631
210,108.445,188.644,144.653,114,32.5013,96,20.7686
240,106.641,188.736,147.125,114,31.9889,96,20.7441
270,107.223,188.053,143.888,114,31.4765,96,20.9946
300,105.627,189.057,145.469,114,30.9641,96,20.6515
330,109.073,187.99,145.69,114,30.4517,96,20.8997
360,114.959,188.711,157.42,114,29.9393,96,20.4013
390,119.21,191.387,161.275,114,29.4269,96,20.5003
420,108.922,190.8,161.433,114,29.8476,96,20.7738
450,109.313,182.144,157.815,114.553,29.8386,98.3551,21.0492
480,109.332,191.85,147.466,111.835,31.4035,94.6712,21.4912
510,107.36,190.737,142.683,115.958,31.298,102.898,21.0054
540,106.54,186.602,149.235,113.081,32.3648,100.529,20.2388
570,107.635,149.28,114.895,92.0094,30.7287,95.0614,20.5165
600,99.8673,155.867,120.17,89.1926,32.8483,95.006,19.3115
630,104.002,149.966,114.837,90.3651,32.185,91.6691,19.5479
660,98.9459,146.443,117.488,91.1588,33.2992,85.5382,18.426
690,97.8386,141.739,110.3,92.2975,33.7367,85.8514,17.6211
720,139.333,79.631,112.445,54.5738,33.508,80.7593,18.2752
750,140.976,80.7348,119.099,51.356,33.7879,89.7614,16.4861
780,135.113,76.6745,113.477,52.8423,34.6584,88.2982,16.5984
810,137.426,84.6015,115.269,54.5462,34.989,83.0298,15.7238
840,135.247,109.108,112.124,54.2227,36.0045,83.2933,15.9787
870,134.25,115.226,117.154,55.4444,36.4122,78.5085,15.7051
900,135.486,111.216,141.807,53.3825,36.6093,77.3024,15.8431
930,139.211,115.25,150.131,56.25,37.7144,74.253,15.4451
960,133.921,122.475,147.95,75.3629,37.0894,70.4496,15.4397
990,137.938,117.157,148.348,78.3648,37.0218,70.3689,16.1231
1020,137.241,113.736,147.884,75.6413,36.8679,66.4676,16.1508
1050,133.679,113.18,146.657,74.9642,36.6804,65.0488,15.673
1080,135.473,117.446,147.482,78.8806,36.8396,59.1847,15.581
1110,130.841,115.699,146,74.7315,38.6146,55.9697,15.7218
1140,136.402,113.457,143.332,77.6027,38.5382,54.4358,15.4785
1170,132.098,118.523,145.828,77.6793,37.4678,52.3317,15.5558
1200,139.013,113.37,149.067,75.7862,36.8179,49.0529,15.5541
1230,95.1185,160.053,146.009,100.868,36.4141,47.0484,16.3035
1260,87.7306,147.907,133.505,84.9535,37.3019,44.8093,16.3691
1290,74.9051,133.022,87.9642,84.5879,36.826,38.9821,15.8362
1320,75.376,140.398,79.3077,82.632,38.1829,82.5147,15.9056
1350,76.7074,138.641,82.7824,86.2691,38.8502,86.5352,16.0066
1380,76.9906,143.436,79.0934,83.1125,37.6347,84.2848,15.3622
1410,74.3228,144.105,81.9883,86.4044,36.4132,85.9319,15.653
1440,75.944,141.768,82.5451,84.6183,38.053,84.8933,15.53
1470,74.948,131.896,79.1784,83.8127,37.2286,83.1531,15.5106
1500,75.2377,143.41,79.9808,84.1179,37.8383,91.1076,15.769
1530,82.1556,133.687,114.699,84.4692,38.5495,88.1674,15.4511
1560,80.2638,139.803,117.596,84.5347,37.3494,90.356,15.4045
1590,80.1648,135.532,116.217,82.2458,37.7556,91.1616,15.2515
1620,76.078,125.436,108.476,72.0834,37.2486,87.3652,15.854
1650,83.4201,126.244,117.836,72.8007,37.1325,88.2493,17.0353
1680,82.008,123.826,109.76,72.4613,38.638,87.7042,16.821
1710,79.9089,128.911,111.121,71.6063,36.6846,90.888,17.1704
1740,81.643,131.264,110.387,72.45,37.2332,90.1209,17.134
1770,99.4748,151.282,133.52,72.9294,37.8095,88.6096,20.5176
1800,86.7126,121.366,120.847,72.0406,37.3233,91.4431,20.3003
1830,87.1251,119.919,118.562,70.4122,36.3014,91.4321,20.9101
1860,85.0533,127.012,117.675,73.6526,37.359,89.9778,20.9293
1890,88.2563,125.567,118.372,72.7107,37.1978,92.2525,21.0414
1920,88.4946,126.202,117.918,74.1526,37.2707,87.8919,20.7154
1950,85.6092,123.528,119.456,72.1379,37.5747,93.1793,21.0955
1980,86.2155,123.691,120.205,72.4529,36.6739,93.6243,20.5713
2010,84.8022,125.513,116.069,71.4914,37.9835,93.1368,20.6484
2040,88.07,123.991,118.277,72.9732,37.6243,93.1061,20.2826
2070,99.9829,155.382,138.215,73.3209,37.4171,95.4297,22.2121
2100,101.49,152.244,137.022,73.5077,38.0046,92.9593,22.326
2130,101.875,149.956,136.489,74.0184,36.5576,93.9162,21.5716
2160,100.263,154.958,139.408,73.6582,35.9033,96.4916,21.8564
2190,103.677,152.384,136.065,70.9207,37.5048,92.055,22.2231
2220,101.491,151.247,138.379,70.6385,36.8427,92.325,22.0564
2250,99.9868,150.892,138.058,70.9275,38.4735,93.6324,22.4097
2280,103.112,149.343,139.624,70.3213,36.9244,94.4181,21.6149
2310,101.059,153.805,137.136,72.6807,36.9543,94.0507,21.5012
2340,103.086,148.481,136.143,73.6294,37.2025,94.2454,22.3672
2370,102.367,148.322,136.031,71.8099,37.8579,94.0438,22.2388
2400,102.624,150.372,139.946,73.6037,35.9209,96.8037,21.8424
2430,100.237,151.266,135.2,72.8668,37.3283,95.4108,22.0451
2460,101.9,155.613,137.516,71.4137,37.059,93.3902,22.2612
2490,103.79,152.005,136.512,73.9151,36.2736,95.4916,22.1403
2520,103.877,153.327,138.026,69.931,36.0728,93.9166,21.6473
2550,110.031,163.365,147.608,72.9601,37.6432,93.4502,22.4149
2580,108.155,166.111,147.085,72.7493,36.3202,94.321,22.6561
2610,108.353,166.057,146.137,72.1279,36.3391,93.0187,22.4535
2640,110.109,166.155,145.485,69.7924,37.0784,92.7679,22.2854
2670,107.374,160.065,148.247,70.6031,36.5172,94.7935,22.1312
2700,106.432,162.712,147.111,73.0326,36.0845,93.8624,22.941
2730,106.383,167.913,145.563,71.8386,36.6722,96.3524,22.2856
2760,108.4,162.919,144.36,73.2373,36.052,92.1956,22.5649
2790,108.447,160.068,146.943,70.0331,35.9741,92.7166,22.3937
2820,109.473,167.453,143.706,70.1476,36.0368,92.137,22.2656
2850,108.793,164.101,146.851,73.2299,36.2148,92.1884,22.7664
2880,111.743,162.351,145.974,70.801,37.0529,95.6084,22.3245
2910,111.092,163.881,144.868,73.9199,36.9603,93.1632,22.6457
2940,111.142,162.79,146.783,72.4875,37.4309,95.427,22.5472
2970,111.314,162.993,144.566,71.9318,36.8267,92.1868,23.113
3000,113.718,164.155,144.563,71.5251,36.3937,93.9794,22.8271
3030,114.047,165.296,146.721,71.4529,36.1802,95.196,22.6253
3060,117.904,166.813,152.495,74.8962,37.4045,93.4735,23.577
3090,118.456,168.697,149.421,74.9589,36.5191,96.2569,22.7603
3120,123.129,173.393,149.481,74.9342,37.5971,94.7701,22.8477
3150,122.012,165.895,149.701,72.8898,36.1453,96.3267,23.4843
3180,122.371,172.237,152.156,71.4026,35.627,95.3946,23.0668
3210,124.547,169.806,149.86,71.7735,36.6774,99.161,23.3926
3240,122.238,171.921,151.682,71.4389,35.9859,99.3357,23.0535
3270,121.609,172.574,149.905,71.5827,36.5765,98.0016,21.8471
3300,119.479,173.89,149.27,73.2547,35.4557,97.8109,21.9152
3330,121.865,169.892,152.772,74.3921,36.4483,100.825,20.8408
3360,117.084,169.403,148.914,73.1754,36.9439,100.239,20.8584
3390,117.542,173.758,149.461,71.8822,35.7041,99.9808,21.0573
3420,116.36,172.184,152.916,72.8709,34.8347,99.0644,20.7823
3450,115.723,167.576,147.631,71.8136,36.5499,99.7401,21.1332
3480,112.852,170.898,148.403,74.1586,36.0062,102.756,21.1425
3510,114.04,168.465,152.529,74.3858,36.3857,99.5228,20.5979
3540,110.91,168.077,150.919,71.9466,36.4244,100.612,21.1474
3570,109.587,169.923,147.627,73.0234,35.2423,99.091,20.5392
3600,113.41,168.35,152.708,71.3353,37.7372,102.459,21.2835
3630,110.268,171.984,149.441,74.6752,35.5994,98.8618,21.3571
3660,113.027,171.471,149.867,71.1298,36.9112,102.98,22.1199
3690,110.966,173.215,147.747,72.6861,35.0646,101.972,22.1915
3720,111.306,170.795,149.084,72.2125,35.3902,103.242,22.6675
3750,112.837,167.731,150.499,74.4029,36.9184,104.025,22.6598
3780,110.477,169.48,151.493,73.8157,36.0016,100.423,22.6642
3810,111.394,168.115,148.039,73.549,36.4214,103.328,22.842
3840,110.674,166.632,148.469,73.9003,34.694,101.442,22.9453
3870,110.43,173.585,151.744,70.7179,36.6833,102.873,22.7373
3900,110.235,169.072,149.84,72.6935,37.3011,100.369,22.4318
3930,113.206,167.536,147.777,71.8817,37.5275,100.52,22.2079
3960,113.242,168.215,152.325,70.7944,35.3635,102.139,22.5285
3990,110.184,172.076,150.241,73.4911,35.5332,96.6602,22.6836
4020,111.578,172.418,148.158,72.5748,35.5025,98.9706,22.3279
4050,110.093,175.977,151.104,71.7713,36.8195,96.9815,22.478
4080,90.2754,136.045,121.078,71.4266,36.3562,98.2779,22.5926
4110,87.62,135,119.651,73.9586,36.1387,97.0601,22.6743
4140,88.3383,137.913,118.99,74.3423,35.723,95.7064,22.0136
4170,90.1525,139.165,119.638,73.0598,36.2561,95.7061,22.1272
4200,90.6796,139.395,119.86,72.9557,34.8406,96.2165,22.4039
4230,87.2174,138.014,119.152,72.6383,35.8834,96.323,22.5305
4260,87.0601,137.119,120.342,74.3254,36.2002,99.6895,22.2183
4290,87.4169,135.534,122.383,72.9194,37.816,98.7593,22.8196
4320,89.0864,134.225,120.284,74.3409,35.6976,96.9384,22.1711
4350,87.1588,138.211,121.597,72.1553,36.3397,100.055,22.2235
4380,82.6016,130.901,113.853,73.853,36.2018,95.4924,17.6184
4410,82.3264,134.49,116.842,71.4064,36.4918,95.8655,17.8124
4440,83.145,131.918,114.3,72.8873,35.6386,99.0271,17.7513
4470,81.5858,131.069,116.66,71.6614,36.0581,97.9436,18.0387
4500,85.4852,132.844,114.988,74.8233,36.2281,95.9829,18.3011
4530,82.0604,134.076,113.477,74.776,34.9407,96.921,18.016
4560,84.0908,131.788,113.674,74.2481,35.9539,96.0271,17.5363
4590,82.3576,133.872,114.831,73.1102,36.5408,96.24,17.78
4620,83.2239,131.68,114.708,71.1306,36.646,100.238,17.4611
4650,82.0571,127.939,118.227,72.1211,35.1518,99.8744,18.245
4680,84.4412,135.854,116.646,74.0304,37.3078,99.5297,17.5221
4710,83.4985,128.804,116.529,74.4776,37.5972,96.4265,17.8457
4740,82.4759,131.57,115.939,71.126,36.9092,95.9445,17.4946
4770,83.5752,127.892,115.159,73.7816,35.3994,98.0336,17.465
4800,82.491,129.03,117.334,71.1131,37.2259,96.2418,17.8777
4830,84.4864,134.038,114.839,73.7948,36.3537,96.0094,18.2442
4860,85.4589,132.741,118.198,74.4096,34.6689,99.7348,18.0747
4890,81.5901,129.652,115.105,72.113,36.9841,97.0523,18.2134
4920,81.5728,128.412,118.007,74.9941,35.7996,97.4948,17.889
4950,84.8277,133.587,114.065,72.3903,35.325,96.4956,17.6582
4980,76.1429,114.503,100.595,70.7306,36.4332,98.6414,14.996
