Time,FC,PAS,PAM,PAD,temp,SpO2,FR
-1,82,122,91,70,36.9726,99,16
0,90.2,134.2,100.1,70,36.455,99,17.6
30,92.4037,132.42,100.921,70,35.9373,99,17.5861
60,91.3925,131.914,99.9233,70,35.4197,99,17.5051
90,91.0036,137.316,98.1716,70,34.9021,99,17.9351
120,89.7318,135.529,102.143,70,34.3845,99,17.5945
150,88.7038,136.324,100.54,70,33.8669,99,17.8593
180,89.1231,131.627,97.7493,70,33.3493,99,17.4452
210,89.7915,134.428,100.012,70,32.8316,99,17.3236
240,89.1459,136.89,98.3548,70,32.314,99,17.2511
270,89.1257,134.277,101.604,70,31.7964,99,17.5326
300,90.9387,136.292,98.8034,70,31.2788,99,17.4829
330,88.1633,135.469,100.012,70,30.7612,99,17.3818
360,98.5691,131.012,111.528,70,30.2436,99,17.1687
390,97.0731,131.947,112.152,70,29.726,99,17.1839
420,89.3969,136.24,110.29,70,29.9684,99,17.3212
450,90.4063,135.131,112.574,70,30.2109,99,17.5331
480,88.6377,137.139,98.1686,70,30.4534,100,17.1747
510,90.4876,136.791,99.6823,70,30.6958,97.5435,17.0803
540,89.3963,105.956,81.7281,56,30.6313,93.7591,16.8182
570,87.3383,109.575,78.4711,56,30.8738,88.2009,15.9866
600,85.6076,107.355,81.5382,55.5357,30.9083,87.3643,16.2815
630,86.5778,109.326,78.4209,56.3386,31.5088,80.845,15.3056
660,77.7377,97.5504,65.9055,51.4735,31.9115,81.3327,15.7937
690,71.1312,88.235,44.0338,46.709,31.5881,77.6773,14.7877
720,70.3925,87.7511,44.8448,46.8305,31.9828,94.4914,14.3911
750,69.6539,88.3635,44.362,47.5906,31.6621,92.7686,14.018
780,68.9152,92.9512,42.3251,46.1807,32.7004,87.7769,13.5646
810,68.1766,88.5347,63.5609,61.5492,33.3056,86.6215,13.6562
840,67.438,90.8769,64.2445,61.1341,32.7891,83.1087,13.5654
870,67.438,92.0656,62.0198,62.3948,33.6054,79.6087,13.8698
900,65.6202,90.1809,62.243,61.3909,33.8479,78.6517,13.7092
930,70.9048,114.357,83.8654,62.2026,34.0904,76.7328,13.3373
960,72.7991,116.078,82.9524,61.809,34.3328,73.0509,13.1558
990,72.08,113.883,83.6568,62.5763,34.5753,69.1842,13.5734
1020,66.4315,104.164,70.037,57.4782,34.8178,68.2644,13.3482
1050,73.0872,106.961,79.5137,51.3678,35.0603,60.8368,14.6671
1080,73.3169,110.981,78.6558,52.2452,35.3027,60.1046,14.7986
1110,73.5203,108.93,77.8731,51.7114,35.5452,53.8612,14.6059
1140,71.5215,109.914,78.6408,51.0176,35.7877,53.1133,14.6838
1170,73.9361,109.458,79.9145,51.0863,36.0301,47.3093,15.0431
1200,73.1571,111.531,80.298,51.5455,36.2726,48.2019,15.236
1230,66.574,100.475,72.5205,51.4625,36.5151,42.7056,13.4792
1260,65.3823,100.51,70.8246,52.7277,36.7575,36.5761,13.5616
1290,67.5317,98.8219,72.901,52.1355,37,35.9837,13.779
1320,64.6876,98.7587,71.8524,51.9899,37,36.2937,13.5925
1350,84.9313,127.079,93.8825,51.727,37.7193,35.7894,17.405
1380,85.1366,128.209,91.3143,51.3511,37.561,36.0261,17.5013
1410,85.0178,127.096,91.8286,52.5927,37.4566,36.5716,17.2551
1440,84.6593,127.606,91.4664,51.3876,37.1166,36.2528,17.588
1470,86.8078,126.72,91.2785,52.1872,37.2377,36.5707,17.7597
1500,84.927,129.216,91.6406,51.1814,36.8354,36.1812,17.3831
1530,83.7182,127.302,93.5358,52.774,37.4762,36.7426,17.5043
1560,84.8748,129.275,92.8973,53.2531,36.6188,36.6015,17.3064
1590,86.2738,129.92,93.5864,52.993,36.5227,36.7698,17.4535
1620,86.3279,127.692,91.8883,51.8965,36.6296,36.5596,17.5318
1650,85.6907,127.392,93.6912,53.1779,37.594,36.7012,17.6638
1680,85.171,126.632,91.6582,51.1707,36.2307,36.8361,17.2473
1710,84.3637,126.15,91.8468,51.5259,36.2956,37.0169,17.2732
1740,84.2966,128.072,92.7301,51.5181,36.1741,36.8491,17.6236
1770,84.265,129.711,91.5928,51.1166,36.7068,36.9862,17.8634
1800,83.5123,126.52,93.492,52.7424,36.9801,36.9586,17.7594
1830,85.1429,127.246,94.1602,53.2366,37.0772,36.4499,17.3396
1860,85.4921,129.664,92.1487,51.0163,36.9592,36.9027,17.3836
1890,84.9757,126.955,94.1625,53.077,36.5331,37.0833,17.8359
1920,85.2056,129.105,94.3707,52.7631,36.1186,36.8322,17.5421
1950,93.1085,139.358,101.347,51.1697,37.5032,36.5514,18.8224
1980,92.3223,138.653,100.999,53.297,36.3388,36.7506,19.4484
2010,93.5381,138.428,101.095,51.3272,37.0171,36.4999,18.8218
2040,94.0818,137.953,103.531,51.7916,37.684,37.0447,18.8629
2070,94.6261,139.94,102.24,51.9357,37.7245,37.0456,19.1191
2100,93.718,138.047,102.019,53.3082,36.6896,36.9283,19.4218
2130,92.9567,138.601,103.435,51.1914,36.8208,36.5545,18.9592
2160,94.7021,139.012,101.199,52.5655,36.7953,36.5958,18.809
2190,92.1042,138.341,100.642,51.3328,37.3196,36.9003,19.1636
2220,93.322,140.407,100.435,51.5187,37.3882,36.8121,18.9371
2250,91.2386,139.017,100.823,52.2006,37.0556,36.4986,19.1973
2280,94.7852,139.003,103.117,52.9878,37.2134,36.5105,19.135
2310,91.0894,139.363,102.032,51.5993,37.0898,36.8573,19.0719
2340,91.9535,139.133,103.52,52.8491,37.8209,36.4361,18.8119
2370,93.6779,140.324,101.035,52.6335,37.7416,36.6896,18.939
2400,92.7896,139.917,103.013,51.8397,37.574,36.8842,18.9372
2430,92.7683,141.315,102.686,51.998,36.4277,36.5933,19.2532
2460,69.2058,104.182,73.172,53.2628,36.4865,36.4808,14.1958
2490,66.9283,100.572,75.3444,52.9308,37.3692,37.1017,14.0465
2520,68.6603,101.851,75.2313,51.0476,37.7167,36.8007,13.9682
2550,69.0481,101.131,74.8219,51.2677,36.1403,36.6489,14.0713
2580,67.1587,102.772,73.6363,53.2692,36.9443,36.6708,14.3103
2610,69.019,102.159,75.0307,53.0188,37.1087,36.7203,14.1515
2640,67.2958,102.059,73.4576,53.024,37.5783,37.0582,14.291
2670,69.0574,102.308,73.7699,51.9247,37.3909,37.0382,14.0513
2700,69.2353,101.146,73.0725,53.2869,37.5816,36.6503,14.3169
2730,67.3993,103.306,75.649,53.3015,36.3511,36.7831,14.2526
2760,69.0814,104.54,74.5099,53.2768,36.8027,36.9096,14.2473
2790,71.6262,109.822,79.8285,53.1369,36.3067,36.4298,14.8336
2820,74.1336,111.077,80.2057,52.3593,36.3437,37.0491,14.993
2850,74.6245,108.006,79.0493,51.5518,37.8271,36.6564,15.3022
2880,71.6841,107.294,80.3287,51.1008,37.5611,36.9935,15.7054
2910,73.8705,107.903,78.3717,52.3939,36.8786,37.0547,15.8331
2940,72.1659,107.072,78.5279,52.521,37.7105,36.5871,16.3187
2970,72.6642,108.637,78.7619,51.0151,36.7153,36.8667,16.6811
3000,73.154,109.618,80.2557,52.9058,37.3587,36.9145,17.3323
3030,72.788,109.417,78.8844,51.609,37.5213,36.9141,17.6745
3060,71.6671,109.828,78.0379,52.3025,37.3541,36.7719,17.4578
3090,73.1002,110.339,79.7342,51.0722,36.3345,36.4843,17.6776
3120,72.7369,110.285,79.3257,51.1482,36.7035,36.7079,18.7232
3150,70.9389,107.484,79.9368,52.2388,37.3547,36.5512,18.9931
3180,72.6936,111.059,79.6443,52.6193,37.0953,37.0019,18.8669
3210,73.534,107.975,78.625,52.0621,37.5907,40.082,18.7494
3240,72.8888,110.851,78.2683,51.5456,37.7883,47.0073,19.4929
3270,74.9962,110.612,78.5058,53.1527,37.3665,48.449,18.6983
3300,75.5579,110.965,79.907,52.4996,37.3476,51.0865,19.1228
3330,75.2789,111.064,77.7684,51.4468,36.3705,53.3309,18.7484
3360,76.4301,107.608,79.6634,52.8005,36.1285,57.804,17.8964
3390,71.702,99.7538,73.7961,52.046,36.9463,56.43,16.4542
3420,78.727,106.356,86.1662,56.0518,37.2231,59.2596,15.739
3450,78.495,114.933,85.1325,61.3227,37.186,59.5505,16.0942
3480,80.3791,115.903,84.6958,60.1253,36.1973,61.8236,14.8459
3510,80.59,115.906,87.1663,61.401,36.8227,64.3872,15.2511
3540,80.7746,114.136,84.3077,59.7547,36.542,67.0297,14.6772
3570,80.2032,115.561,86.6201,59.5267,37.2309,65.4968,14.5973
3600,77.4444,115.998,86.8293,59.2411,37.7686,66.8034,13.666
3630,79.3018,116.325,85.2675,61.3291,37.8948,69.6898,13.5461
3660,76.7209,118.483,85.5127,59.8164,36.1968,72.6127,12.9768
3690,76.485,115.923,84.1462,59.6732,37.6095,75.5509,12.8394
3720,76.9399,114.121,84.7428,60.977,37.0877,73.3605,12.9902
3750,76.9682,114.909,84.1216,60.3515,37.5135,76.8818,12.6645
3780,77.9523,118.004,87.0251,59.5714,37.6753,77.9491,12.7633
3810,78.505,113.903,86.8334,59.827,36.9755,82.3393,12.794
3840,76.4846,117.899,86.4874,61.2186,37.8144,79.3768,12.8053
