Time,FC,PAS,PAM,PAD,temp,SpO2,FR
-1,100,182,132,100,36.7656,96,24
0,110,200.2,145.2,100,36.2508,96,26.4
30,109.926,199.331,143.195,100,35.7361,96,26.8068
60,108.55,201.251,148.573,100,35.2214,96,26.1618
90,111.154,198.931,143.091,100,34.7067,96,26.0875
120,107.644,204.096,147.514,100,34.192,96,26.1684
150,109.989,200.603,147.191,100,33.6773,96,26.8362
180,108.944,195.611,143.346,100,33.1625,96,26.0061
210,109.119,196.136,147.419,100,32.6478,96,26.7733
240,110.682,198.037,142.71,100,32.1331,96,26.9139
270,107.783,198.644,147.229,100,31.6184,96,26.0493
300,108.571,199.274,147.186,100,31.1037,96,26.1738
330,111.897,197.823,144.25,100,30.589,96,26.0394
360,120.041,196.527,158.317,100,30.0742,96,26.9173
390,123.277,195.821,157.278,100,29.5595,96,26.3337
420,123.532,205.105,147.33,100,30.7996,96,26.6679
450,124.844,198.715,143.852,101,32.3477,96.96,26.9496
480,109.371,197.907,143.362,98.5102,33.3196,96.534,26.1341
510,109.15,203.632,145.85,99.7523,35.5383,100.345,26.9168
540,112.249,200.889,148.496,98.6133,35.9131,98.8527,26.0969
570,108.467,159.776,113.597,81.4985,37.6836,98.0917,25.5792
600,106.042,165.413,114.243,82.3124,37.5647,93.2848,24.2795
630,109.716,164.576,115.425,82.7645,38.0711,92.5584,24.2183
660,106.642,159.5,117.254,81.3018,38.4971,86.6356,24.1299
690,105.463,165.896,113.451,79.9097,38.5308,87.6984,22.9003
720,95.6065,149.528,106.38,68.6864,36.9779,83.7479,22.3805
750,88.2725,139.28,63.1436,66.0056,38.1133,79.1414,21.9755
780,88.4201,133.247,62.4495,67.2555,37.5288,93.601,21.7426
810,86.6458,140.412,59.5673,66.8568,38.3565,91.7822,21.1476
840,84.1405,132.075,96.1132,66.1887,38.0988,89.2325,20.477
870,86.1668,132.399,95.8651,70.145,37.3451,87.32,19.8791
900,83.9444,131.014,95.0561,85.8143,37.9659,85.5176,20.215
930,84.4324,137.694,95.0508,87.3484,37.5749,82.9089,20.2783
960,81.5108,177.87,94.2464,86.6219,37.9231,82.2444,20.4461
990,87.2753,175.221,120.312,86.2683,37.5269,80.7561,20.2468
1020,90.6384,180.55,122.362,89.7121,38.4021,78.8702,19.6244
1050,87.2291,172.908,125.56,89.6272,38.7371,77.472,19.573
1080,84.1751,160.669,116.886,72.4981,38.8672,75.1008,19.7406
1110,88.2459,167.145,115.869,74.1934,38.9898,70.969,22.0019
1140,87.3232,165.24,115.915,76.169,37.7551,70.0041,22.1031
1170,92.3369,169.11,120.461,72.4279,38.9276,67.881,22.4268
1200,91.1946,161.211,121.966,75.0329,37.6471,67.0633,22.1388
1230,106.958,196.605,146.71,73.1981,39.101,65.5672,27.009
1260,97.1881,188.344,127.821,76.7548,38.3585,59.6315,27.1403
1290,96.7972,193.795,129.106,75.4571,38.162,61.1485,27.1406
1320,93.9133,192.019,130.896,77.2377,38.2653,58.4569,26.9661
1350,84.2198,150.208,105.878,75.9647,38.3256,56.3584,21.3225
1380,83.1509,157.741,108.519,74.3631,37.4226,59.2995,20.4998
1410,107.798,199.973,142.443,74.6768,38.084,57.7136,25.7407
1440,119.326,211.116,154.565,73.6934,38.5712,58.0022,28.0497
1470,119.804,220.636,159.624,77.2547,38.9922,61.3788,29.5835
1500,121.529,223.226,158.417,72.7453,38.9388,57.5407,29.2979
1530,94.9803,181.226,129.577,75.8868,38.2342,60.8047,23.515
1560,94.9361,174.193,125.792,77.2022,37.7823,57.461,23.6035
1590,95.1568,177.721,127.456,74.0349,37.4554,58.7482,23.7086
1620,95.5752,177.067,123.982,75.7694,37.786,60.6025,24.3126
1650,81.8633,155.945,106.456,74.0798,38.4174,57.825,19.9274
1680,80.3464,144.254,104.508,73.9261,37.2815,60.1356,19.7987
1710,81.3197,152.102,106.709,74.8927,37.4521,57.8813,20.5559
1740,80.8942,149.754,104.047,74.8869,38.7471,58.7878,19.6729
1770,80.2511,145.034,102.506,75.2052,37.0817,58.9956,20.6512
1800,90.9555,163.012,112.48,72.3468,38.0174,59.0113,21.9854
1830,72.1908,135.098,94.683,72.6704,38.3953,58.669,22.3295
1860,74.1419,129.41,93.3414,73.9054,38.7911,60.8987,22.6573
1890,73.7191,125.632,90.274,73.0425,37.2584,57.8956,22.5121
1920,69.2618,129.856,94.8767,76.7736,38.8132,60.9721,22.7448
1950,71.5356,125.985,91.7247,73.11,37.0978,61.9803,21.8541
1980,73.353,127.408,96.1299,76.1607,38.1672,59.1382,21.6529
2010,72.1693,126.099,96.8296,74.8602,37.2437,57.5953,22.4201
2040,70.214,126.724,92.8401,74.7091,38.0947,57.995,22.0307
2070,72.2022,134.151,91.975,73.1193,38.7148,60.2157,21.9738
2100,68.6102,130.712,94.1648,76.7226,38.3397,59.6747,22.4043
2130,86.9155,163.559,116.26,72.7017,38.6462,60.9561,22.6798
2160,84.9367,163.001,112.658,74.5569,38.643,60.8478,23.1342
2190,87.897,163.623,113.017,73.5228,38.2193,60.5185,22.4345
2220,88.6605,157.327,116.262,76.2731,38.3119,59.2215,22.7848
2250,87.8093,163.737,113.15,72.5213,38.1508,58.0194,22.056
2280,88.4011,163.906,116.135,76.4384,38.0662,57.617,22.2514
2310,88.2066,162.815,112.299,73.6373,37.9675,60.1904,22.5726
2340,86.5464,157.273,117.633,72.9116,37.6843,60.9422,23.1125
2370,86.0051,156.108,115.126,76.8241,36.7598,62.1193,23.1554
2400,88.6715,156.055,111.337,74.4218,36.7655,61.5948,22.2153
2430,88.507,164.411,114.648,74.1312,38.0481,61.2529,22.7349
2460,86.3749,158.842,111.868,76.1012,37.8947,58.0789,23.0667
2490,85.004,164.004,116.684,74.5532,36.7473,59.5833,22.3532
2520,84.3446,159.396,112.979,76.1779,37.746,59.5385,22.1459
2550,87.8328,158.18,114.065,73.8286,37.16,57.5652,22.7859
2580,90.2834,163.57,113.235,74.0864,37.113,59.9281,22.036
2610,89.7092,161.837,111.115,72.5118,37.7105,61.5609,22.5473
2640,87.9561,158.203,117.613,75.5988,38.0067,58.4192,22.4598
2670,86.41,161.732,116.173,77.171,36.4957,58.0653,22.2525
2700,85.8776,156.76,118.753,73.6839,36.4925,58.9593,22.7354
2730,80.8876,153.252,110.509,73.3358,37.3481,61.331,20.0153
2760,89.0197,163.913,119.01,88.2587,36.3029,60.5982,20.284
2790,93.4258,178.414,128.284,85.5236,37.2232,60.0353,19.9803
2820,92.1395,176.455,125.226,89.0806,37.8315,59.6003,20.0053
2850,94.6237,177.436,127.796,86.158,37.4032,60.3138,20.4836
2880,90.2817,173.69,127.37,86.8525,36.4161,60.031,20.078
2910,90.0977,171.52,126.143,85.0736,36.3963,59.7302,20.1884
2940,93.3966,169.675,124.604,86.5564,37.5632,61.5726,20.1522
2970,93.157,172.682,124.307,88.2271,36.4291,58.2157,21.1262
3000,94.1146,177.372,124.669,85.3412,36.5977,58.1738,20.5055
3030,91.3543,176.678,126.189,87.8512,37.9325,58.3649,20.6643
3060,89.5626,176.603,127.441,89.0714,37.561,58.1775,20.0411
3090,92.2449,169.962,123.798,86.0088,36.8834,60.4484,21.0139
3120,92.3617,178.138,127.128,86.8785,37.3065,58.0158,20.4762
3150,94.3569,173.012,128.154,86.2592,36.2384,59.6749,20.9804
3180,89.0301,177.124,124.391,85.5367,36.9025,58.0388,21.1131
3210,90.0172,173.388,121.681,88.507,36.8383,58.7375,21.0886
3240,93.7414,179.892,126.92,86.5764,37.557,59.4828,20.8057
3270,91.3659,176.447,122.387,86.2686,37.8152,62.0355,20.5584
3300,95.7702,175.269,123.806,89.8254,36.4358,60.5088,19.9702
3330,93.4699,179.008,128.715,88.6721,36.3794,60.5655,20.0554
3360,93.9335,175.45,124.827,86.3174,35.9703,59.4697,19.5892
