Time,FC,PAS,PAM,PAD,temp,SpO2,FR
-1,129,78,53,46,35.4768,93,28
0,141.9,85.8,58.3,46,34.9802,93,30.8
30,141.873,84.2907,57.3476,46,34.4835,93,30.9966
60,141.548,86.235,57.5282,46,33.9868,93,31.4052
90,140.748,86.8879,58.5546,46,33.4901,93,30.207
120,140.504,86.4747,59.3182,46,32.9935,93,30.7075
150,145.093,83.988,58.9525,46,32.4968,93,31.5037
180,139.669,87.851,57.1518,46,32.0001,93,30.2195
210,145.338,85.0063,58.9514,46,31.5034,93,31.5036
240,139.167,87.823,58.9164,46,31.0068,93,31.3008
270,144.136,84.9113,58.2517,46,30.5101,93,30.2405
300,139.107,85.3664,57.4644,46,30.0134,93,31.1006
330,143.937,84.9109,58.808,46,29.5167,93,30.8599
360,152.862,86.3801,65.2095,46,29.0201,93,30.7828
390,157.689,87.8113,64.0682,46,28.5234,93,30.7244
420,154.416,85.7445,59.0077,46,28.8494,93,30.3251
450,157.873,83.5264,57.9281,46.9039,29.8779,95.3935,30.9181
480,144.716,85.6354,59.3581,44.7281,29.1623,91.634,30.4092
510,143.862,86.8838,59.5846,46.2846,29.662,99.7274,30.8385
540,142.519,86.6084,58.1815,45.7975,30.5338,97.8017,29.682
570,136.731,69.2948,49.4258,37.1379,30.3755,95.4212,29.3217
600,138.088,63.3904,47.7722,37.4605,30.964,94.1202,28.3034
630,133.239,70.0533,47.5749,37.3359,30.0663,86.8093,27.8467
660,137.896,70.7547,45.9945,35.9953,30.511,84.0338,26.7592
690,132.838,71.1502,44.1246,38.0588,31.3761,83.3677,27.5126
720,185.153,32.6868,45.7151,21.2602,31.5177,77.4632,25.0354
750,185.342,34.1335,48.8139,22.1984,32.3781,90.547,25.4665
780,180.906,31.7329,43.9538,22.6079,32.5918,87.8216,24.1611
810,183.463,30.5621,45.0089,20.2343,33.8413,83.7139,24.8474
840,181.371,51.9763,46.3819,21.6072,34.1832,79.1729,22.4882
870,177.571,48.5335,47.6668,22.5175,34.8132,75.8751,23.4032
900,180.299,52.2142,57.5698,19.993,34.3633,74.2545,22.1324
930,181.392,50.6169,59.67,19.794,35.5706,71.7788,23.3134
960,180.655,46.178,60.2456,32.0493,35.8196,66.4718,23.5717
990,176.051,51.5934,59.8821,30.2713,34.6878,62.8162,23.8471
1020,184.517,54.1274,58.5598,28.9465,35.9504,60.0996,24.1169
1050,181.698,49.4999,61.0372,29.12,35.7695,60.0197,22.2855
1080,182.654,45.7084,56.4142,30.2788,35.6074,56.7461,23.0286
1110,182.411,51.6089,58.3412,31.6974,36.2973,51.2179,22.3965
1140,178.394,48.7296,57.6229,29.05,37.5293,47.5815,23.3434
1170,181.147,52.578,55.3852,30.817,37.2513,46.0114,23.1022
1200,183.157,46.9539,58.547,31.3316,37.9408,42.3135,23.4841
1230,126.824,67.8198,61.0713,38.294,37.3006,38.3698,22.5397
1260,116.155,64.5079,48.8196,38.5321,38.0661,36.6878,23.059
1290,101.632,59.2482,33.1408,34.9623,37.669,30.8791,23.1788
1320,103.394,58.1335,35.743,35.3219,35.8641,81.2976,22.9465
1350,101.106,58.6146,36.1095,33.9945,37.2523,78.434,23.2343
1380,102.388,56.7662,34.036,35.1177,38.7828,78.3337,23.7355
1410,104.135,61.3949,34.4884,34.0024,37.5659,79.7907,22.873
1440,103.44,57.9184,34.6823,34.4488,36.9081,81.3038,23.833
1470,103.86,56.0487,36.6866,35.3394,38.4702,80.945,22.7344
1500,101.524,56.2192,32.9462,34.384,38.2847,81.3856,22.7828
1530,107.679,52.64,49.8452,33.7528,37.6957,81.2313,22.6756
1560,108.876,57.7134,46.8048,33.5887,36.9821,82.6526,22.2559
1590,108.002,52.0389,45.9607,33.7681,37.5039,83.518,22.1732
1620,104.192,53.748,42.8995,30.4399,36.2229,83.4034,22.1585
1650,110.824,51.4473,46.1657,28.201,38.1601,81.534,24.5061
1680,110.604,50.7049,46.9854,30.7642,38.4772,82.6696,24.8779
1710,108.868,50.8123,44.9645,30.3076,37.8478,86.4046,24.2268
1740,111.158,54.9749,44.7691,29.7642,37.207,85.5425,24.9269
1770,136.097,62.1768,53.938,30.7074,37.2427,83.1812,29.9876
1800,116.723,50.9969,47.2428,27.7415,36.4042,86.1368,29.7751
1830,118.19,51.7472,49.7633,28.9921,38.5549,83.9248,30.0942
1860,118.356,54.8224,46.5851,28.2368,37.5866,82.2496,29.9024
1890,116.08,52.4874,46.7267,27.7742,37.0754,83.553,30.4067
1920,117.093,55.0153,49.9552,29.3208,37.3465,84.4484,29.7343
1950,115.16,53.6921,47.9476,30.3559,37.7354,87.205,29.8883
1980,117.349,53.3364,47.8362,30.3124,37.044,85.9688,30.2196
2010,118.311,51.9922,49.0127,28.3723,36.7951,86.302,29.8967
2040,118.154,51.0001,49.2001,30.9035,37.5985,85.7786,30.4634
2070,138.243,61.3677,58.3209,28.0173,36.0873,87.5124,32.7199
2100,136.908,63.3807,58.4876,30.2907,37.4666,87.8808,32.0886
2130,135.249,59.4282,57.003,29.9461,36.7378,90.3035,31.9787
2160,137.371,62.7433,55.3158,29.1379,35.3416,87.7367,32.6016
2190,137.004,59.586,59.2638,30.471,36.2425,89.8865,32.4811
2220,135.56,62.5284,57.2073,29.0361,37.8116,88.872,32.3489
2250,135.333,59.0811,56.0937,28.4989,36.6376,87.4357,32.113
2280,138.291,60.9457,58.0629,30.3505,36.1394,88.9904,32.6709
2310,136.103,62.5403,58.4232,29.0656,38.133,86.4275,32.0167
2340,136.122,62.4499,57.4334,30,36.4946,86.9448,32.4244
2370,136.101,61.4685,58.9201,30.5061,36.722,86.2188,32.2964
2400,137.503,63.4409,56.3106,27.6108,38.4976,90.4139,32.0543
2430,137.331,63.0959,57.6672,29.3714,37.1278,88.9076,32.4331
2460,136.504,59.7561,56.6013,30.5931,36.8573,88.25,32.4386
2490,135.319,61.1078,57.2468,29.7717,37.3714,86.2994,32.156
2520,136.575,60.9762,56.4298,28.371,36.1238,87.7174,32.6582
2550,146.275,68.7328,59.9101,28.6329,36.5579,90.4091,32.8958
2580,143.54,64.4126,62.2274,29.6676,37.5968,87.0226,33.5659
2610,145.994,67.2451,60.5536,29.3914,36.9744,89.7894,33.4014
2640,142.844,63.3837,62.1761,28.8896,36.4177,87.2627,33.1143
2670,143.961,67.2118,60.9882,27.8699,37.7433,86.7827,32.9102
2700,146.125,63.8648,61.1761,30.3172,36.283,89.4724,33.3187
2730,145.41,64.7898,58.7929,27.841,35.0668,89.8379,32.9458
2760,142.982,67.711,60.4156,29.2248,36.9041,90.0453,33.2887
2790,144.88,66.3184,60.9746,29.0534,36.972,88.5517,32.9607
2820,142.92,64.8056,62.2812,30.3031,36.8151,87.9383,32.8853
2850,142.923,66.7703,58.9203,28.076,35.9481,87.3811,33.4212
2880,145.701,68.5337,59.2766,27.6002,36.3835,88.8059,33.132
2910,145.219,65.0894,61.7908,30.7012,35.8686,86.3108,33.092
2940,145.303,63.8853,58.9596,27.6497,37.3538,86.405,33.6032
2970,143.357,65.2341,58.9817,30.3923,36.0983,88.6932,32.9563
3000,143.943,68.5554,59.2471,27.9695,37.9058,88.3709,33.4099
3030,143.05,65.6223,61.1074,28.753,37.3532,89.2383,33.3008
3060,148.374,70.489,62.7781,30.024,36.6668,89.1965,33.7235
3090,145.167,70.3966,62.6909,28.8191,35.3457,88.3251,33.7666
3120,148.919,69.6192,64.0049,31.0612,36.1921,89.13,33.783
3150,148.034,67.1433,60.6993,29.6577,36.014,86.2012,33.9959
3180,147.569,69.2393,63.135,28.1921,35.7557,89.7573,33.5993
3210,145.869,67.3649,63.5482,29.7068,35.8312,87.0145,33.7135
3240,148.918,65.8465,62.4566,29.7411,35.6525,86.9841,33.5591
3270,147,67.1057,63.8998,29.8071,36.2958,88.2023,33.9659
3300,147.471,66.0634,64.022,31.1433,36.584,87.491,33.9341
3330,145.498,65.7758,61.4323,29.7002,36.0165,85.9616,33.6685
3360,146.627,68.3955,64.2708,28.2338,36.0127,84.9812,32.8608
3390,145.076,66.4824,63.646,29.8522,35.1541,82.039,32.603
3420,143.732,66.3105,63.2631,30.9986,36.0563,80.8101,32.0728
3450,141.566,70.4556,62.258,29.5865,35.9632,79.4048,31.4558
3480,141.206,70.0524,60.7683,30.2932,37.0594,76.9232,30.3684
3510,143.93,69.3647,60.5648,30.674,36.8397,72.4569,29.6297
3540,143.539,66.5403,61.6179,29.2783,36.5703,68.6889,29.5886
3570,144.507,69.8189,64.1716,28.3018,36.2867,64.9842,29.417
3600,143.727,66.3297,64.4279,29.6996,37.2457,66.661,29.4378
3630,143.66,65.3404,61.1064,29.6105,36.4516,63.4721,29.8598
3660,145.101,66.2218,61.9198,28.5142,35.8159,59.3905,29.7296
3690,143.175,68.1259,64.5362,30.1801,35.0413,58.4326,29.6548
3720,143.769,70.5863,61.9509,31.0846,36.4684,52.6823,29.8605
3750,145.388,67.9306,63.8759,30.5425,36.029,52.2242,30.3053
3780,148.49,65.6965,61.6386,31.1734,37.4567,53.1392,31.0069
3810,147.681,70.0863,64.1119,29.9822,37.5587,51.8058,31.5989
3840,148.952,70.1753,60.8913,29.3958,35.4751,53.8151,32.5306
3870,149.561,68.7886,61.8849,27.8972,35.1072,51.1034,32.8447
3900,146.929,67.6572,61.0641,31.0614,36.7486,51.6965,33.2122
3930,149.275,65.2958,61.5433,30.1551,37.2796,55.6174,33.113
3960,148.353,71.0493,64.5,30.3107,36.4473,53.3471,32.8635
3990,147.563,69.0651,61.3658,30.0352,36.3597,56.4619,33.399
4020,149.166,71.183,63.8375,27.97,37.9524,56.2496,33.2798
4050,152.497,73.253,63.2005,30.6392,36.1155,55.0123,32.8567
4080,119.041,54.6516,52.7642,29.8109,34.8997,57.6678,32.993
4110,121.509,52.8056,48.9529,29.8036,36.6358,56.5166,32.7681
4140,121.419,54.3903,49.4495,30.5506,36.3622,59.98,32.8505
4170,121.242,58.4117,48.94,29.4292,35.3875,63.8698,32.9935
4200,120.803,56.4516,52.8741,30.3319,37.3008,64.2292,33.2237
4230,121.128,53.5282,49.8817,28.2167,37.5028,67.8699,33.329
4260,121.946,54.8932,51.3445,28.5125,34.9382,71.9272,33.453
4290,118.38,55.3081,50.6301,28.5825,36.0113,76.0348,33.0399
4320,120.935,56.1549,49.5605,29.6538,35.4637,77.1649,32.7271
4350,119.788,55.4523,49.5348,29.1608,35.3514,80.1993,32.7695
4380,115.809,54.7935,47.1292,30.9567,37.3575,86.5982,26.6712
4410,113.487,51.7639,46.4864,30.9314,36.5035,87.1214,25.9973
4440,114.194,53.1151,48.4442,29.9243,37.3625,91.7543,26.0766
4470,114.01,55.0151,48.2608,29.2088,36.1656,94.0863,26.6575
4500,115.097,54.9177,49.305,29.3374,36.6037,96.5087,26.4243
4530,116.758,53.1398,48.0498,29.0729,36.4826,99.9845,26.3767
4560,114.437,50.3543,46.5742,28.3634,37.5458,99.463,26.0292
4590,115.487,55.5689,48.0699,30.7067,35.6754,101.459,26.0911
4620,116.202,53.465,48.5515,28.9795,34.8658,102.467,26.1035
4650,115.007,52.8931,48.2946,30.5128,35.0517,99.4637,26.4857
4680,113.332,53.1001,49.4373,31.1208,35.357,98.1983,26.7017
4710,113.391,53.7021,49.2327,30.4676,36.5826,102.54,26.2916
4740,113.455,53.719,49.1683,29.0892,36.9049,100.658,26.0283
4770,113.83,50.9808,49.6527,29.7105,35.1822,98.9912,26.1366
4800,115.886,50.5618,46.7699,28.1006,35.4625,98.028,26.227
4830,116.469,55.191,46.4495,29.6558,35.3196,102.615,26.3308
4860,115.754,54.7161,49.5081,28.9515,36.1738,100.002,26.4995
4890,115.366,52.1459,46.9584,30.5714,36.4212,98.0757,26.1942
4920,115.298,51.6446,47.5873,30.8476,36.2815,99.0221,26.2927
4950,114.174,52.3632,49.9978,30.2308,37.1083,98.7819,26.0872
4980,103.308,44.5486,43.1544,28.6786,37.1624,102.501,22.0816
