Time,FC,PAS,PAM,PAD,temp,SpO2,FR
-1,87,131,97,77,36.7445,99,14
0,95.7,144.1,106.7,77,36.2301,99,15.4
30,94.7095,147.68,104.927,77,35.7157,99,15.7111
60,96.5336,142.798,107.939,77,35.2012,99,15.091
90,93.691,140.614,104.637,77,34.6868,99,15.6235
120,94.3461,144.742,107.172,77,34.1724,99,15.3046
150,95.7465,141.903,104.567,77,33.658,99,15.0321
180,95.1376,142.94,104.14,77,33.1435,99,15.3963
210,95.4804,145.021,108.373,77,32.6291,99,15.2699
240,94.6714,140.602,105.88,77,32.1147,99,15.3936
270,94.2099,141.143,104.469,77,31.6003,99,15.418
300,94.0398,147.318,107.859,77,31.0858,99,15.6028
330,94.6161,145.137,104.584,77,30.5714,99,15.0589
360,106.534,145.161,118.139,77,30.057,99,15.491
390,107.226,141.359,117.861,77,29.5426,99,15.4033
420,96.9891,145.566,117.654,77,29.9155,99,15.0395
450,95.5698,145.178,118.078,78.0655,29.6496,100.9,15.7145
480,91.9652,143.515,109.228,77.179,30.3202,100.338,15.8734
510,92.4645,145.612,106.851,77.5091,30.8077,96.5733,14.684
540,91.5192,145.765,107.381,76.0441,32.2472,95.0204,15.2691
570,119.9,118.264,92.3064,71.226,31.2629,93.4757,0
600,114.592,114.751,92.7971,71.6094,32.9896,88.6676,0
630,117.012,114.07,85.2248,70.4724,32.2123,86.3083,15.3928
660,114.949,119.242,89.4816,71.5628,32.4764,80.0956,15.2464
690,114.346,114.674,90.5538,70.3683,33.2741,75.7165,14.7256
720,106.978,105.518,83.803,60.3087,33.7844,74.9098,14.3475
750,96.8155,101.226,51.1535,59.6571,33.3002,67.9728,13.7535
780,93.4438,99.9605,49.8727,60.0787,33.7617,98.1602,13.9143
810,94.117,96.8153,51.5257,60.1717,34.3893,93.5463,13.1759
840,91.5366,101.95,51.6616,61.0325,34.854,91.0828,13.1098
870,93.3864,100.17,48.3687,61.3064,36.7522,83.7098,12.655
900,90.8596,92.769,49.2615,60.4083,35.7109,80.9282,12.9598
930,91.9412,102.603,51.3153,61.7244,36.9028,78.5559,13.1334
960,93.0068,101.756,47.6049,60.2736,37.2125,79.2627,13.0061
990,98.7357,97.8011,72.1825,61.6929,37.8266,76.6024,12.6343
1020,97.4845,95.3127,70.2711,60.1756,37.6844,73.9136,13.1665
1050,98.9603,97.7337,71.9378,60.6255,36.4925,67.7421,13.1467
1080,95.5324,87.2848,66.315,52.5483,37.1515,64.0358,12.8003
1110,100.757,86.6123,66.6398,51.345,38.7387,59.3901,13.879
1140,98.1319,89.6133,68.2532,51.0987,36.644,55.3488,14.5079
1170,98.3525,91.6822,68.6411,51.1547,37.4439,51.6128,14.5515
1200,98.5289,91.334,70.3683,52.0093,36.4283,47.0388,14.517
1230,119.856,105.674,83.3079,50.9752,38.3373,45.3821,17.7108
1260,103.985,90.6963,63.5256,51.4774,36.7352,41.7656,17.2824
1290,104.463,91.259,65.463,51.3984,38.8038,38.268,17.0845
1320,105.803,87.9581,65.5543,52.7105,38.1754,40.2055,17.1699
1350,105.893,87.6353,64.5506,51.7992,37.215,38.3524,17.3069
1380,105.775,90.3669,66.0731,52.7933,36.4639,37.1649,17.5945
1410,103.847,91.5587,63.2853,50.2232,38.3651,38.4163,17.6115
1440,103.208,90.9693,65.2868,52.1553,37.5994,42.1685,17.4373
1470,106.033,88.2392,62.9547,52.4601,37.2128,38.6351,17.1956
1500,81.593,113.597,79.7114,57.2113,36.7551,39.5898,17.5322
1530,90.1691,145.213,105.134,56.0707,37.5042,37.8203,18.5589
1560,91.4681,145.808,102.554,56.3955,35.851,42.1462,18.3744
1590,113.25,114.503,85.9599,53.6571,36.8838,42.5461,0
1620,112.454,115.024,89.4106,52.967,36.5855,38.6891,0.623812
1650,114.364,119.716,87.0335,51.4102,37.2611,39.8767,18.733
1680,115.063,117.667,85.9661,51.8687,38.0718,39.4155,18.3624
1710,114.95,116.289,89.9114,53.0499,37.8564,41.2945,18.8695
1740,111.69,117.304,87.5106,52.8661,37.5202,40.1682,18.6468
1770,113.38,118.603,88.3031,52.135,37.0357,42.1516,19.0329
1800,113.624,119.504,86.8659,51.7767,37.679,39.1144,18.8485
1830,114.82,115.417,87.5095,52.4937,35.4622,38.7043,18.3722
1860,113.77,117.524,88.8212,52.0959,35.6409,41.5183,18.7516
1890,114.829,116.089,89.9621,53.9443,37.1876,42.1761,18.9343
1920,114.19,114.944,86.1609,52.7625,36.9552,39.0096,18.7212
1950,113.495,117.88,85.9644,53.0241,36.7668,41.2372,18.5264
1980,114.33,116.451,88.5988,53.82,36.7616,40.115,18.6206
2010,127.171,117.798,91.039,54.1305,35.9616,41.8331,19.4449
2040,126.032,120.532,91.5817,51.3048,36.8154,40.704,19.2844
2070,126.001,118.947,91.0298,51.3862,36.6429,39.5523,19.1598
2100,126.274,121.11,91.4613,54.093,37.4235,39.7003,18.7696
2130,125.947,119.797,89.6485,52.9185,36.631,40.33,19.0152
2160,127.373,115.47,91.3169,54.069,36.4012,41.1686,18.8115
2190,126.955,115.716,90.2532,52.5116,36.1892,37.7766,19.1432
2220,126.585,118.106,91.761,53.846,37.4036,42.3434,19.2876
2250,127.118,121.04,90.8953,53.2474,38.061,38.0363,19.1674
2280,127.757,118.217,91.8666,52.999,36.3021,41.222,18.8307
2310,125.759,120.532,91.9967,52.4077,36.7824,42.4359,19.4424
2340,124.895,118.176,93.1383,52.5307,37.0618,38.6514,18.7844
2370,127.355,118.376,92.7948,52.9238,37.0687,38.5072,18.8915
2400,125.801,119.502,93.0559,53.6114,37.589,42.3594,18.9095
2430,126.173,118.401,92.3032,53.691,36.1449,41.588,18.8415
2460,124.987,119.019,92.0871,52.6004,37.0161,40.3854,18.8329
2490,157.009,94.7242,78.271,49.461,36.6647,41.9876,0.215483
2520,152.224,115.735,88.011,53.029,35.5043,41.4804,-7.00108
2550,152.603,114.137,88.9701,53.8078,35.2336,42.3165,11.4289
2580,153.211,114.829,89.3931,52.2084,35.5065,39.6206,11.8198
2610,151.551,112.363,88.1059,52.9804,36.7703,42.3166,11.7823
2640,153.012,112.73,87.3377,51.4888,36.9178,40.8156,11.3838
2670,151.043,112.25,90.4973,52.2091,36.677,39.3447,11.4987
2700,151.101,116.878,88.8441,53.1677,38.0055,38.5664,11.6372
2730,153.396,114.25,90.7671,54.1025,37.1822,39.8611,11.6268
2760,153.58,114.743,88.544,52.3438,37.1664,39.2697,11.8138
2790,150.395,112.475,90.6729,52.5922,36.5935,40.4374,11.4558
2820,150.368,117.427,89.9864,51.5324,37.7385,39.603,11.8873
2850,151.184,113.225,89.5035,53.9398,34.7939,38.5666,11.3744
2880,152.02,114.835,88.3199,54.064,36.7804,40.0055,11.7961
2910,152.784,113.571,91.1258,53.2284,36.5141,41.204,11.7711
2940,151.857,114.06,89.444,52.232,36.9147,42.4082,11.7704
2970,150.857,114.827,88.5894,52.1737,36.6795,38.9268,11.4106
3000,150.402,114.958,91.1165,53.1728,35.69,38.4181,12.0439
3030,152.647,112.315,89.329,51.9994,36.0902,41.2573,11.4183
3060,152.272,113.547,88.6894,53.9839,35.5179,39.587,11.6794
3090,153.008,116.386,90.2116,52.4602,36.7592,39.6385,11.6269
3120,152.529,114.053,91.4478,53.3805,35.9443,40.2497,11.6697
3150,152.25,112.41,90.0873,53.8582,35.4381,41.7022,11.9649
3180,154.535,113.284,90.4278,54.1224,35.2533,38.7744,11.522
3210,155.957,117.696,90.083,51.9432,37.5857,39.6253,11.5285
3240,155.009,114.578,91.4185,54.7402,35.7089,39.4361,12.0468
3270,156.257,118.355,89.0358,53.6349,34.9175,39.4136,12.561
3300,155.311,118.66,90.5686,53.8733,35.914,40.185,12.5703
3330,156.661,114.941,91.4288,53.5389,35.2332,38.0377,12.4243
3360,155.562,115.83,89.9209,54.7435,37.4197,35.1181,12.2157
3390,194.896,94.7687,77.0752,51.2364,35.7762,35.6603,0.570515
3420,160.806,115.785,90.3494,52.1801,35.2819,34.4143,0.623299
3450,162.417,117.171,89.7953,54.6894,35.9221,30.9213,12.4441
3480,160.857,118.554,89.0057,53.0639,36.6219,30.0729,12.5575
3510,159.984,124.539,94.1819,54.5877,35.2387,29.6829,17.5084
3540,127.97,99.4564,75.5521,54.2259,35.7426,31.36,17.3669
3570,127.83,103.886,73.7823,54.0395,35.1617,35.3124,17.7075
3600,124.464,99.0914,77.4956,54.8505,36.3967,34.3843,17.7145
3630,124.453,102.384,76.8612,54.8886,36.8475,36.4661,17.1172
3660,124.588,102.514,74.3297,52.5574,37.6306,38.5516,17.446
3690,124.854,100.013,75.9663,54.2942,36.6601,40.6507,16.8204
3720,124.507,99.0506,77.8549,53.0795,35.9388,42.5564,16.9514
3750,122.273,103.641,74.3286,54.7101,35.9861,45.1691,16.8761
3780,122.929,100.743,74.8532,52.6032,35.8134,46.0685,17.5379
3810,125.283,101.394,76.8689,53.8336,34.4843,51.1156,17.3472
3840,115.43,99.2178,72.6091,54.0944,36.5009,54.6163,15.9285
3870,115.684,96.0331,75.7559,53.8942,35.4258,55.9953,15.777
3900,116.77,101.552,76.1631,54.24,37.0644,58.1998,15.5631
3930,116.563,98.4496,72.3656,53.5957,36.3335,58.0837,15.7002
3960,115.538,97.6937,73.5386,52.1626,35.7347,63.7555,15.8647
3990,115.475,100.162,74.2027,53.9427,36.1391,62.9581,15.5204
4020,115.258,97.1858,72.7074,53.9096,36.0966,63.6555,15.7128
4050,115.681,96.1931,72.8886,53.9874,36.2745,66.8518,15.892
4080,117.244,98.9674,76.1915,52.7574,37.158,69.5635,15.8873
4110,116.85,98.7473,74.404,53.1239,37.0245,76.4914,15.8024
4140,114.959,100.588,73.8634,52.4691,36.1895,80.3356,15.8717
4170,116.401,101.051,74.3782,52.2778,36.1575,84.8581,15.9412
4200,115.717,100.683,72.9977,54.7285,35.9445,87.5858,15.4078
4230,117.322,97.2126,74.7772,52.9337,34.9362,87.7191,15.2933
4260,115.162,98.1536,73.1633,54.0225,37.5477,93.6284,15.4044
4290,146.598,82.9851,62.1404,48.4392,35.9881,99.7094,0.531057
4320,104.861,100.025,78.4317,54.0534,36.0024,99.13,0
4350,107.485,101.719,76.3374,54.4173,36.312,98.9745,15.9698
4380,107.369,99.3851,76.8541,53.5446,37.8709,98.268,15.9771
4410,107.901,104.835,78.6255,53.7024,36.2088,97.0933,15.5267
4440,93.89,90.9317,71.0858,52.9125,37.142,96.3682,13.8878
4470,95.8046,101.679,75.6756,65.0657,36.4615,97.7962,13.9947
4500,100.87,106.853,81.8211,63.0341,37.7515,99.4326,14.0946
4530,103.172,111.132,82.6299,65.5833,36.9877,95.7259,13.8779
4560,100.475,106.751,84.5688,65.1919,35.9023,96.9142,14.0935
4590,102.851,110.996,83.7948,64.7312,36.4684,92.9311,13.5343
4620,101.147,110.07,81.9469,63.241,35.4581,91.1322,13.6824
4650,103.431,109.041,82.1612,64.0888,35.5924,91.1007,13.6895
4680,101.809,111.589,81.6347,63.0751,37.1812,95.791,13.9969
4710,101.287,110.264,82.7496,63.2171,37.4212,92.3344,13.5484
4740,101.591,109.539,82.3288,65.1146,36.1557,91.503,13.8666
4770,102.87,108.85,81.0623,65.5092,35.9323,92.2007,13.6587
4800,103.373,108.965,82.728,65.1564,36.8105,93.6475,13.6526
4830,103.743,112.147,82.8984,65.1151,37.0658,95.5594,13.5635
4860,100.959,108.038,85.1331,65.0985,35.5314,92.6918,13.7058
4890,101.765,108.778,82.1894,63.3249,36.0806,93.3334,13.6847
4920,103.476,111.751,81.5552,65.188,36.0713,91.4273,13.648
4950,102.401,109.744,81.2826,63.6665,36.6629,93.2688,13.803
4980,101.035,109.093,82.1577,64.994,36.3883,91.4583,14.1484
5010,103.688,108.835,81.5893,63.7321,37.1592,94.1768,14.0748
5040,101.54,111.575,84.1604,64.8076,36.0675,93.851,13.3664
