Time,FC,PAS,PAM,PAD,temp,SpO2,FR
-1,113,147,109,88,37.1867,90,28
0,124.3,161.7,119.9,88,36.6661,90,30.8
30,126.656,160.826,120.023,88,36.1455,90,30.2974
60,123.506,158.917,118.362,88,35.6249,90,30.1253
90,125.961,165.275,121.654,88,35.1043,90,31.1156
120,121.439,162.28,117.096,88,34.5836,90,30.1734
150,124.596,161.044,117.628,88,34.063,90,31.5004
180,123.273,161.787,118.987,88,33.5424,90,30.8212
210,121.372,164.144,120.91,88,33.0218,90,30.3203
240,123.258,164.193,117.692,88,32.5012,90,30.2565
270,126.349,163.119,121.206,88,31.9806,90,30.4847
300,127.116,162.355,121.177,88,31.46,90,30.5607
330,121.385,161.969,122.024,88,30.9393,90,30.4711
360,138.865,161.024,129.643,88,30.4187,90,30.2317
390,137.976,157.82,134.73,88,29.8981,90,30.9172
420,133.494,165.529,118.417,88,31.6736,90,30.4704
450,134.966,166.318,120,86.4078,34.1693,90.4591,31.1633
480,126.063,158.345,119.928,86.3863,35.1448,89.8653,30.049
510,122.19,164.684,116.953,86.4968,36.2054,100.179,30.7867
540,124.473,163.089,117.485,86.1899,37.8328,98.9919,29.0151
570,119.138,131.423,98.0184,71.2821,36.5535,95.9911,29.7144
600,119.055,123.484,92.4756,70.4566,36.4804,92.9912,27.9083
630,120.839,131.113,94.3948,71.8113,36.6719,89.5222,27.7642
660,118.795,131.054,94.2115,72.2424,36.5318,83.7327,27.8861
690,116.94,130.901,96.0448,68.8626,37.3987,81.7694,27.5158
720,112.755,109.52,91.0156,60.634,36.589,77.8444,25.9041
750,99.9846,112.16,51.5178,58.3935,36.6172,76.8111,24.1817
780,95.6746,106.289,54.4406,58.8114,35.5292,86.6747,24.2413
810,94.2344,113.74,53.8308,59.5157,37.1755,79.2368,23.489
840,95.9076,137.935,51.8726,58.4449,36.9912,77.1254,22.8453
870,94.1374,142.602,52.3557,60.0362,38.5484,76.0196,21.9911
900,93.0385,140.236,55.4143,59.2577,38.3177,72.5748,22.8086
930,93.1306,144.871,54.261,61.423,36.1099,67.6896,23.0263
960,94.9608,146.038,78.5826,75.2176,38.0559,71.6111,22.0085
990,97.6448,144.073,101.584,78.8652,37.7688,67.6411,22.1898
1020,97.6819,145.741,102.407,77.6322,37.1911,62.883,22.2563
1050,100.233,142.018,104.369,75.8181,36.7947,62.7971,22.7677
1080,95.1887,118.489,95.2693,65.0567,38.7032,57.1783,21.5568
1110,99.959,131.481,96.6932,63.8153,37.5542,55.2456,24.0433
1140,101.781,127.503,96.4396,65.6346,36.7513,49.9857,24.8105
1170,101.768,133.544,96.7748,66.8572,36.9189,50.0907,23.698
1200,98.6751,129.578,98.6254,64.198,37.4147,44.7436,24.2109
1230,121.063,158.258,119.211,66.8012,36.4582,41.399,28.9908
1260,104.177,144.913,108.839,65.4517,38.2576,39.3625,29.609
1290,106.459,146.611,107.581,64.9441,37.0566,36.93,30.0498
1320,105.495,143.244,110.599,65.969,37.8216,35.2065,29.6351
1350,106.46,147.551,107.599,63.6485,38.1915,35.2795,29.0243
1380,107.233,147.901,108.727,65.9789,36.4077,35.4306,29.1524
1410,105.706,146.292,108.535,64.5259,36.7953,36.9711,29.0879
1440,103.555,143.433,109.566,63.9595,37.7129,39.6813,28.9231
1470,105.872,143.062,106.201,65.5424,36.8565,39.6519,29.5003
1500,107.559,144.478,106.153,65.4021,36.189,39.9635,29.9629
1530,125.24,162.992,119.55,65.0893,36.1061,39.4543,31.7225
1560,122.62,163.594,121.861,65.6322,36.0407,39.6312,32.3085
1590,122.6,165.711,120.933,66.5522,38.6057,37.9905,32.2687
1620,122.604,163.223,120.631,65.1304,37.89,37.866,31.3928
1650,122.616,162.631,122.142,65.436,36.024,41.1972,31.7548
1680,123.971,163.855,124,66.2406,37.2002,39.4487,32.0932
1710,122.693,166.592,121.448,63.6922,37.7384,40.962,32.386
1740,126.15,161.738,120.689,65.0811,37.826,39.7879,31.3085
1770,124.764,162.148,122.284,67.0826,36.4998,38.6645,32.0851
1800,125.83,163.109,121.042,64.9562,38.1528,37.2465,32.5059
1830,124.705,164.174,124.129,64.8247,36.7193,38.0304,32.481
1860,125.823,164.243,120.944,66.7417,38.3517,41.4725,31.7889
1890,126.516,164.735,121.085,64.3698,38.1536,41.1708,32.2718
1920,126.196,162.599,120.1,66.3046,37.2522,40.1571,31.9691
1950,124.521,165.405,123.728,65.9559,35.9879,39.667,31.4333
1980,124.219,166.916,119.494,64.9625,38.1141,40.9186,32.0934
2010,130.559,171.275,128.923,65.1343,37.8743,38.0289,32.9741
2040,132.787,172.406,126.578,67.0689,35.9397,39.3355,33.424
2070,131.437,172.663,127.644,67.5197,36.0737,38.1478,33.2825
2100,133.095,171.741,125.968,66.1712,35.3912,38.6772,32.7762
2130,129.354,171.534,129.291,67.3759,36.9053,40.187,33.0993
2160,130.517,170.453,127.921,66.9941,35.272,41.1801,32.8764
2190,130.682,173.327,127.731,66.9933,37.5643,40.7253,32.731
2220,128.596,176.965,125.611,64.1641,35.9746,40.412,32.284
2250,131.662,174.503,125.595,65.7332,37.8349,38.6545,32.1973
2280,132.419,176.711,124.844,66.8605,36.6886,39.2669,32.7259
2310,129.993,170.733,126.593,67.045,36.8065,39.0177,33.2487
2340,129.128,174.05,124.886,64.2516,36.3202,38.9365,32.9813
2370,130.097,173.914,125.907,63.856,36.5591,38.1926,32.1988
2400,130.91,171.825,129.477,65.8293,35.8398,37.5702,32.537
2430,130.764,173.346,126.031,64.9081,37.1585,38.1624,32.9964
2460,129.473,171.839,128.947,64.5363,37.0384,41.5077,32.3446
2490,132.207,171.405,126.309,64.0313,37.1235,38.4039,32.2554
2520,135.267,173.704,131.138,66.8378,37.5791,38.1516,32.2089
2550,133.043,175.194,129.65,66.9717,36.22,39.7825,32.4745
2580,135.861,174.932,130.077,66.7176,36.8764,37.3933,32.6513
2610,134.635,174.5,130.049,64.7967,37.8675,39.4864,32.9338
2640,131.769,173.775,129.604,66.197,36.0968,40.7781,32.544
2670,132.147,173.563,128.477,64.3521,37.7424,39.4579,33.0838
2700,132.632,172.277,129.955,66.8271,36.6546,38.2979,32.1561
2730,136.239,177.178,129.34,66.6359,37.3719,38.9787,32.8377
2760,132.587,177.533,128.508,64.3002,37.3904,39.6197,33.4326
2790,133.052,176.892,130.987,63.7367,36.0249,40.6873,34.1858
2820,133.353,173.853,129.659,66.4286,37.5017,40.7416,34.889
2850,134.511,173.084,129.716,67.6761,36.3255,39.6155,34.6637
2880,135.648,176.928,128.884,64.3223,37.5311,40.1013,36.3799
2910,135.131,174.44,131.843,67.9333,36.9859,40.0125,36.8412
2940,137.1,172.708,129.668,66.9426,36.5043,38.9868,36.5793
2970,134.542,178.136,128.134,65.6702,37.2094,39.2926,37.4295
3000,134.641,177.645,129.644,64.5231,35.8231,41.4714,37.6453
3030,134.68,178.438,127.937,67.9266,36.7805,40.3419,38.7256
3060,136.089,174.063,128.29,65.84,36.191,39.712,39.7772
3090,134.217,177.866,128.205,68.0433,36.1826,38.4167,40.3961
3120,133.769,177.879,131.776,67.1088,37.2283,40.675,39.5587
3150,135.052,178.513,133.18,67.9071,36.6783,38.4636,39.568
3180,136.576,175.634,130.552,64.6685,37.9226,40.6896,39.592
3210,135.905,178.453,133.186,67.9848,35.5246,39.9631,40.1335
3240,137.211,175.52,128.93,66.6456,37.9378,40.2228,40.1752
3270,135.747,177.595,129.915,68.1476,36.1709,37.2611,39.7043
3300,136.015,176.365,129.088,66.8608,36.9332,39.2533,38.9313
3330,133.614,177.776,133.065,67.5595,37.196,35.9613,39.2706
3360,133.577,175.387,130.276,67.416,34.7871,34.7156,38.375
3390,131.433,176.522,131.765,67.8869,35.7968,37.19,37.861
3420,127.84,173.86,131.129,66.3692,36.5719,34.2606,36.5428
3450,130.281,176.719,130.243,67.2787,35.5102,33.1145,36.2349
3480,129.046,179.393,131.678,68.121,37.6207,32.6893,34.9611
3510,123.961,178.995,132.809,65.5198,35.199,29.434,34.6894
3540,99.7843,145.836,107.34,65.7361,36.6139,31.5972,34.8769
3570,100.946,142.594,106.904,67.2098,36.1468,29.1991,33.8321
3600,97.4952,142.656,107.098,67.9308,35.1454,27.4581,32.6247
3630,100.441,146.867,107.359,67.0069,36.5805,28.1644,32.3337
3660,101.407,144.277,104.497,66.6973,37.5647,25.2555,31.9069
3690,100.523,141.041,104.875,64.5354,36.0821,25.4961,31.486
3720,100.574,143.141,104.358,64.8261,36.5421,26.3955,31.6905
3750,103.425,142.105,108.702,67.106,36.0127,27.9348,32.2981
3780,103.929,144.268,105.547,64.4707,36.6874,29.9874,32.3366
3810,107.102,145.029,107.838,67.844,36.0662,29.8507,31.9058
3840,103.076,134.499,102.223,66.1819,35.64,35.0735,23.699
3870,101.252,138.627,102.996,65.5412,35.6376,33.5097,24.8638
3900,103.244,135.983,103.65,64.9084,35.1037,39.412,24.8486
3930,104.626,138.251,102.908,65.6679,36.0388,40.8072,25.1041
3960,103.988,136.084,101.734,65.9326,35.5134,41.0664,24.5855
3990,104.473,134.842,104.029,65.9864,36.6711,42.1073,25.0407
4020,101.288,134.545,99.9768,65.4929,36.9443,43.3603,24.1963
4050,103.035,139.219,102.895,67.3282,36.2595,48.2229,24.1766
4080,103.873,135.247,103.151,65.0021,35.4814,51.4365,24.1374
4110,101.55,138.743,103.087,66.6339,37.4446,53.1508,25.0089
4140,100.401,137.969,100.582,66.1927,36.0626,57.5383,23.9487
4170,100.645,137.4,104.093,66.8645,37.5184,61.2404,24.8063
4200,104.343,138.786,104.105,65.4594,37.4588,62.4344,23.9805
4230,102.354,136.171,103.354,64.8763,35.5839,62.8765,24.2236
4260,104.531,135.719,103.623,66.284,36.7461,68.7083,24.6921
4290,101.054,138.073,101.2,65.0699,35.6147,72.9637,23.9747
4320,100.391,139.965,101.908,68.1275,35.8146,72.2082,23.8681
4350,102.149,140.283,100.846,67.2407,35.538,74.8782,23.9757
4380,102.936,140.277,102.913,65.0218,36.3043,81.3434,24.8933
4410,100.125,135.37,99.6851,65.595,37.2462,82.6517,24.557
4440,93.0192,118.567,90.6882,66.5393,35.9769,86.3558,20.5284
4470,97.0136,144.423,96.4724,78.5099,35.6591,86.9263,21.0224
4500,100.288,143.91,102.615,78.5327,36.6033,89.8958,20.1413
4530,99.3031,143.686,105.185,77.3525,36.1824,87.4279,20.8286
4560,99.2243,143.761,103.817,75.5595,37.3459,89.627,20.1859
4590,103.175,138.344,103.684,75.5669,36.0411,83.1948,20.8666
4620,100.229,139.146,105.965,76.9978,35.6275,86.6943,20.0789
4650,100.622,141.06,106.714,75.6533,35.822,87.3155,20.745
4680,98.8784,140.062,106.74,77.2123,36.1964,87.09,20.0989
4710,102.025,139.559,104.61,75.1676,36.7252,86.8659,19.7684
4740,102.123,142.377,105.255,77.8548,35.6799,82.8626,20.6743
4770,102.982,144.311,106.62,76.4986,36.2933,83.402,20.0289
4800,99.4715,138.526,106.378,76.4827,37.2219,85.9521,20.4021
4830,98.6311,139.217,105.128,77.3151,36.6642,85.8722,20.437
4860,99.1999,139.99,103.719,75.9853,36.3891,87.2117,20.7052
4890,99.8551,143.768,102.959,76.2017,36.2975,85.3968,21.0808
4920,100.234,140.859,104.183,74.9407,34.9433,85.109,20.0445
4950,99.8032,138.733,106.555,78.5423,36.4951,84.8202,20.7488
4980,102.655,142.972,102.48,76.9706,36.3471,83.83,20.204
5010,102.963,141.281,106.009,76.986,35.6181,85.0526,20.7305
