Time,FC,PAS,PAM,PAD,temp,SpO2,FR
-1,93,127,90,69,36.7559,98,17
0,102.3,139.7,99,69,36.2413,98,18.7
30,104.689,139.636,101.085,69,35.7267,98,18.6984
60,100.259,137.847,97.2144,69,35.2121,98,18.8608
90,103.112,143.001,97.9689,69,34.6975,98,18.4428
120,103.005,137.211,99.5924,69,34.183,98,18.9174
150,100.375,139.27,99.7287,69,33.6684,98,18.8275
180,100.164,142.219,97.1596,69,33.1538,98,18.8304
210,102.309,137.363,100.847,69,32.6392,98,19.1549
240,101.344,140.103,101.278,69,32.1246,98,18.6988
270,103.976,138.908,99.6996,69,31.61,98,18.9589
300,100.672,143.152,97.596,69,31.0955,98,18.3353
330,102.123,141.889,101.325,69,30.5809,98,18.2661
360,111.147,138.441,107.649,69,30.0663,98,18.3254
390,110.439,138.113,109.905,69,29.5517,98,18.6111
420,112.786,141.127,110.57,69,30.0837,98,18.8524
450,114.321,138.955,107.042,68.4042,30.8535,96.5575,18.2886
480,99.1463,138.436,99.2469,68.4164,31.3362,98.7508,18.6001
510,103.184,139.42,97.116,68.8743,31.3234,97.376,18.7339
540,103.278,139.844,100.794,68.6215,31.6255,96.8158,18.2177
570,99.4336,110.148,78.5951,55.6055,33.0771,90.5096,17.3689
600,97.499,113.429,75.4486,54.2052,33.6581,90.977,17.4856
630,99.3523,111.512,79.6666,54.1076,33.6067,85.6271,17.3397
660,98.744,111.492,76.6476,54.9153,34.0421,81.949,16.6679
690,95.6459,107.339,75.7321,56.1018,34.7409,80.4338,16.5445
720,132.508,60.8101,79.0235,32.4539,35.6979,77.4263,15.9569
750,135.874,59.1018,78.5054,31.8214,34.9097,92.0876,15.2851
780,134.032,54.8082,81.4324,33.5889,35.6436,88.7674,15.5286
810,128.874,57.5197,79.4856,31.1687,36.4062,83.7212,14.4352
840,133.12,86.8079,74.2274,31.19,37.8006,80.141,14.2147
870,125.404,83.1864,78.2261,33.047,38.3942,79.3327,14.445
900,127.124,85.9814,99.6976,46.0254,36.2557,77.7616,13.8228
930,128.366,87.6785,98.4194,45.8409,36.3038,72.6059,14.0901
960,128.757,85.7208,100.807,46.3997,38.1666,68.3013,14.3526
990,130.523,83.0813,100.353,46.545,38.4874,67.2659,14.33
1020,129.899,86.5448,101.158,47.2285,36.0657,62.4081,13.6511
1050,133.375,84.6812,100.695,45.5129,37.0419,59.1843,14.5131
1080,128.969,84.1718,96.2907,47.928,37.7905,56.3038,13.4511
1110,131.558,86.5873,98.1113,45.7454,36.1547,53.714,14.2319
1140,132.081,85.6276,96.4027,46.7923,37.29,48.4941,14.1861
1170,130.711,80.7093,95.9815,46.5491,38.3117,48.4927,13.6874
1200,130.99,85.0852,100.675,45.4366,38.8089,42.2081,14.0883
1230,90.164,122.772,100.055,59.2697,35.9003,38.5361,13.7604
1260,83.9394,111.46,93.2748,50.2288,36.31,36.7148,14.4008
1290,75.7042,98.1872,57.7948,50.8057,36.9885,34.3273,14.1166
1320,75.1742,102.502,58.8105,51.8336,38.3156,76.8789,14.1781
1350,73.9061,102.562,60.028,50.7557,36.5977,78.6227,14.1297
1380,77.3844,98.7551,58.3948,51.9336,37.9867,77.5101,13.8491
1410,75.5004,99.9707,56.9459,50.31,38.569,76.6511,14.6459
1440,74.3286,105.978,57.7976,52.3956,36.8454,77.2742,14.0914
1470,74.795,104.26,58.1651,52.6106,38.6263,80.5645,14.2394
1500,75.3368,102.579,58.6836,51.3628,38.0535,82.496,13.4879
1530,79.2786,96.4359,82.4841,52.1402,36.9087,84.9536,12.9975
1560,80.3898,97.6647,84.0108,51.8138,38.4636,81.5151,13.4412
1590,80.6779,96.1033,83.458,51.1435,36.0749,85.3702,12.8974
1620,74.2062,91.1165,74.7984,42.1782,37.053,83.0451,13.5398
1650,79.8742,93.8759,80.6176,43.9923,36.8269,85.1484,14.5917
1680,82.882,92.7425,78.4745,44.5265,36.872,84.316,14.8516
1710,80.9519,90.8101,79.0361,44.22,36.6469,84.9551,14.897
1740,82.0206,93.7839,77.5791,43.8033,37.7611,83.9337,14.9079
1770,98.072,110.375,96.11,43.0064,38.1547,85.4145,18.1561
1800,84.3602,103.397,81.0515,43.4499,37.1439,83.1444,18.1157
1830,86.7736,107.357,80.4214,42.3361,36.284,81.6126,18.0317
1860,84.7934,103.274,79.402,42.1068,38.0583,86.1982,17.9782
1890,85.0173,106.656,78.0509,42.7712,37.2329,82.3624,17.6121
1920,87.4997,103.016,80.4898,43.2233,36.3317,82.8307,17.6383
1950,86.8298,108.561,79.1631,44.4078,36.7563,88.3512,17.88
1980,85.585,108.681,80.2062,44.7249,38.1145,88.504,17.5988
2010,84.7661,106.805,79.5184,42.9388,37.4837,87.8648,17.8141
2040,86.3176,103.812,81.3151,42.3525,35.9929,87.0741,18.1362
2070,84.4643,106.765,80.7838,43.4734,35.9602,85.7372,17.7881
2100,85.0675,106.733,79.2632,42.5952,37.5058,87.201,17.7709
2130,86.2501,107.461,80.6988,42.4517,36.3758,88.469,17.4827
2160,85.2813,105.804,78.318,43.5679,37.2967,87.6881,18.0203
2190,84.2761,104.046,78.9027,42.2942,36.7763,88.0254,18.0308
2220,87.4507,108.073,81.6921,42.5056,37.3809,88.2569,17.7817
2250,84.3128,104.606,80.1147,43.3892,36.458,87.707,18.053
2280,86.4071,106.245,79.2098,42.9571,38.5008,85.8622,17.5127
2310,87.5424,104.897,78.4076,43.4311,37.5861,86.7225,17.8769
2340,85.871,104.259,80.7162,43.0188,36.736,89.1845,17.9098
2370,86.0773,104.842,78.1755,42.1679,37.0701,89.6702,17.5795
2400,84.2949,104.051,79.6561,42.2066,37.9387,85.9522,18.1288
2430,87.122,104.25,79.451,43.4607,37.9628,85.6945,17.7359
2460,87.1796,107.46,80.6094,43.2379,36.0675,85.5548,17.9019
2490,86.8127,103.414,80.409,42.8008,37.1646,87.4066,17.9467
2520,86.5019,107.921,80.7099,43.947,37.3005,88.2656,17.6241
2550,84.1362,108.652,80.5709,44.6744,37.5773,86.7237,17.8072
2580,85.7829,108.546,81.2962,43.5938,37.4567,86.0905,17.5855
2610,87.5185,107.472,79.4831,43.6819,37.0355,86.5505,18.1315
2640,86.3234,108.489,80.1482,44.96,36.7101,86.4157,18.019
2670,84.3911,108.114,80.4829,44.1231,37.8475,86.3071,17.5302
2700,87.1339,103.15,80.2235,42.8508,38.0641,87.3781,18.1053
2730,85.7603,107.623,79.5552,44.3854,37.2897,88.705,17.6602
2760,86.1017,104.311,78.6681,43.2476,36.4117,85.8734,17.858
2790,84.9406,107.321,78.5671,44.8995,36.8212,89.9323,17.8968
2820,85.363,105.916,80.7738,43.3372,35.6111,86.1974,18.047
2850,87.327,106.299,79.528,44.034,35.4828,88.8535,18.1207
2880,85.2419,108.355,78.2151,44.5705,35.7348,86.1176,17.9571
2910,87.5176,105.062,79.2684,44.1827,36.5845,85.6229,18.3114
2940,87.1465,108.011,78.9578,45.4522,37.3263,88.6616,18.5574
2970,103.32,115.165,95.2197,43.1203,36.934,90.0726,20.162
3000,103.774,115.059,94.5515,42.8677,35.6271,88.3866,20.2751
3030,103.605,120.74,96.4733,43.0143,36.3914,86.0987,21.2718
3060,104.073,117.488,97.8039,43.3387,37.3961,85.615,21.5276
3090,105.948,116.877,98.0294,44.8019,36.9478,86.3146,21.4069
3120,107.818,116.707,95.0142,42.7774,37.1184,86.0108,22.4268
3150,107.9,119.271,94.9894,45.17,35.8622,89.4492,22.5798
3180,108.471,119.219,98.0588,43.8191,37.0806,86.461,23.0802
3210,107.707,115.661,96.9109,43.825,36.3534,87.981,23.4589
3240,107.79,118.571,98.2583,43.9379,35.7299,87.8831,23.2312
3270,111.137,118.141,98.175,42.5205,37.8542,88.9547,23.8799
3300,110.808,118.059,98.1247,44.4433,36.1777,88.3842,24.0701
3330,110.885,115.486,95.5089,43.1393,36.3642,86.4921,23.542
3360,111.385,115.314,96.738,44.7825,35.5841,90.0162,23.5049
3390,112.302,119.537,94.7881,44.0625,37.6992,85.969,23.5576
3420,110.528,114.616,97.7539,42.5412,36.2753,86.9727,23.3302
3450,119.956,117.97,105.037,44.6908,35.0697,84.155,24.7071
3480,117.402,120.028,103.102,44.1466,36.7441,80.301,24.2102
3510,116.255,121.916,102.007,42.2012,36.6817,74.7474,23.6258
3540,115.574,117.364,103.257,44.0534,36.7191,71.9494,23.2862
3570,115.473,117.211,102.94,44.0521,35.7652,68.8282,22.8952
3600,115.525,119.867,102.667,43.8925,36.506,65.5343,22.159
3630,114.743,117.656,102.511,44.2175,36.3869,62.4325,22.1045
3660,112.497,119.256,103.388,42.895,37.5237,63.2352,21.3591
3690,112.327,117.222,101.858,42.2158,35.919,59.857,20.7856
3720,111.386,122.055,104.97,44.2088,38.2284,58.501,20.7201
3750,108.031,117.646,103.767,43.8037,36.9388,53.0431,19.763
3780,107.699,121.709,103.203,44.6494,36.038,49.7165,19.8542
3810,108.615,118.75,102.813,44.1599,37.5911,50.2662,19.89
3840,110.793,121.639,101.756,44.561,37.9991,46.0708,20.261
3870,108.183,118.124,103.287,44.4066,37.8122,44.4914,20.2305
3900,110.137,118.76,104.235,42.807,37.5172,39.6987,20.1975
3930,108.825,121.652,103.404,44.8462,37.0401,35.6728,20.1057
3960,107.999,121.333,105.683,42.3593,35.5973,36.2547,18.6633
3990,108.472,121.805,104.629,42.8818,35.4361,29.245,18.9904
4020,108.793,124.046,104.337,42.2613,37.339,33.2842,18.4004
4050,108.79,121.246,107.638,43.0561,36.5855,34.3731,18.3742
4080,109.024,122.099,104.204,44.7122,35.9735,31.5763,18.3711
4110,108.601,122.534,104.878,44.169,36.6434,33.3745,18.4705
4140,107.451,123.773,104.611,44.7577,35.5215,35.523,18.9734
4170,108.186,124.98,104.571,42.4145,35.3821,31.8588,18.8754
4200,109.177,120.732,106.214,42.8197,36.9687,35.7326,18.8561
4230,108.592,122.55,105.389,42.5068,36.3769,39.1309,18.3653
4260,109.613,122.357,107.325,42.5095,37.2972,40.9877,18.9541
4290,109.817,120.638,107.508,45.0162,35.5398,47.6877,19.0316
4320,107.99,121.43,104.583,43.8001,36.0634,48.7553,18.8493
4350,110.496,123.492,107.046,44.6867,36.2216,54.905,18.6391
4380,109.171,124.061,105.878,42.5585,36.9081,58.6764,18.6424
4410,109.649,125.053,105.318,42.4706,34.961,57.3678,18.5578
4440,108.558,121.073,107.131,44.2377,36.3214,62.2119,18.837
4470,109.915,120.907,105.967,43.623,36.2142,67.7943,19.0305
4500,107.712,122.037,104.232,44.6357,36.7373,67.794,18.8505
4530,107.133,123.253,107.005,42.3443,37.7901,71.4705,18.4821
4560,107.582,120.678,107.288,44.8024,35.9442,75.8022,18.4568
4590,108.982,120.294,106.334,44.8764,36.833,80.4647,18.8969
4620,110.569,119.441,106.233,45.0136,36.5655,82.6171,18.4579
4650,108.848,122.418,104.65,42.9517,36.5414,84.6884,18.7501
4680,109.796,121.499,105.636,42.5147,36.0653,86.9703,18.4997
4710,107.694,124.885,104.339,44.4513,35.6671,91.5626,18.6752
4740,107.057,120.503,105.498,42.5547,35.0611,93.4143,18.7536
4770,109.199,122.407,107.101,42.2097,35.4299,98.0713,18.9455
4800,109.306,119.76,107.592,43.0538,35.3988,97.7209,18.5717
4830,107.528,123.293,104.177,44.0181,37.2025,95.6605,18.8436
4860,109.978,122.56,107.078,44.775,36.1549,97.4665,18.53
4890,109.224,121.26,104.874,44.2089,37.4554,97.8694,18.5263
4920,110.277,122.499,105.969,42.2391,36.2656,96.8712,18.9889
4950,110.148,122.355,106.955,43.3252,36.0823,95.6888,18.5433
4980,86.0959,100.872,86.5712,44.5262,35.3469,95.488,18.3819
5010,87.5863,97.2665,84.9238,42.6847,36.8064,97.2938,17.9744
5040,87.1046,101.131,83.9414,42.7376,35.7013,95.7296,18.4393
5070,88.7878,99.1701,84.0753,45.067,35.756,99.6065,18.2178
5100,86.2231,99.4758,84.4292,42.9231,37.1031,99.806,18.2798
5130,87.8354,97.2046,86.2319,44.6019,35.4564,95.7138,18.3806
5160,85.9528,95.6282,86.8638,42.6698,37.5341,95.7588,18.1991
5190,87.819,95.8871,85.0396,44.8794,35.9767,92.9887,18.2914
5220,85.5444,99.0014,86.6117,45.0415,37.8628,93.6913,18.3032
5250,85.7711,96.6667,85.0049,43.095,36.0366,96.0545,18.249
5280,81.9681,95.3051,82.0452,44.8974,37.4491,92.762,14.3261
5310,83.13,94.4621,81.0758,42.4854,36.2817,94.167,14.0398
5340,82.0698,92.6285,79.5687,43.3947,36.0804,95.6351,14.2008
5370,83.3932,91.9597,81.6588,42.8887,36.97,94.2903,14.0627
5400,82.176,91.9074,83.0471,43.4173,36.8743,95.0453,14.4943
5430,84.1483,91.3453,82.0379,42.6788,37.0922,91.5309,14.3763
5460,83.2605,90.9153,82.3572,45.1964,37.1568,91.7914,14.4086
5490,84.3775,94.6192,81.6427,44.4047,35.5863,94.2421,14.6243
5520,82.8099,93.9737,83.3178,43.8135,37.6714,91.2333,14.7046
5550,84.7301,94.9174,82.5638,45.5209,38.1173,93.0852,14.6383
5580,84.7983,91.914,81.5044,44.4382,37.421,87.2133,14.7169
5610,82.6434,94.8596,80.896,44.3851,38.0687,88.4767,14.3932
5640,83.5164,93.0113,82.2982,43.631,36.2085,87.6284,14.2281
5670,83.0903,96.7689,79.8382,43.6294,37.0229,91.8934,14.7186
5700,83.757,94.3936,81.2345,43.706,35.844,87.681,14.5457
5730,81.7282,94.2885,80.2959,45.0222,36.4346,87.6014,14.2172
5760,84.2109,96.186,81.456,44.8899,36.6588,91.1159,14.8362
5790,83.2382,96.5556,81.1057,43.2805,35.7753,91.8761,14.8135
5820,84.5413,93.526,81.1754,45.4557,36.853,89.3886,15.2241
5850,84.9581,94.8667,82.6733,43.8116,36.0135,89.2484,15.6255
5880,76.0105,86.4747,73.4709,42.9396,35.8236,87.2432,14.064
