Time,FC,PAS,PAM,PAD,temp,SpO2,FR
-1,104,173,116,94,37.4499,95,18
0,114.4,190.3,127.6,94,36.9256,95,19.8
30,113.226,188.758,125.177,94,36.4013,95,19.8293
60,114.611,189.629,127.502,94,35.877,95,20.0162
90,114.021,191.079,126.546,94,35.3527,95,19.8517
120,113.397,189.022,127.255,94,34.8284,95,19.8796
150,116.332,188.124,127.943,94,34.3041,95,19.5079
180,112.773,189.37,127.867,94,33.7798,95,19.6249
210,116.479,194.49,129.205,94,33.2555,95,19.5755
240,111.932,190.202,129.859,94,32.7312,95,20.2339
270,116.994,194.541,126.356,94,32.2069,95,19.6021
300,117.145,187.364,128.049,94,31.6826,95,19.9761
330,115.765,189.642,124.928,94,31.1583,95,19.7848
360,126.569,191.529,139.621,94,30.634,95,19.7823
390,126.711,185.988,143.097,94,30.1097,95,19.8929
420,113.959,189.374,127.859,94,30.5403,95,20.1885
450,111.7,192.995,124.952,94,30.971,95,19.6021
480,113.12,186.1,129.067,94,31.4016,100,19.6407
510,113.432,193.535,130.419,94,31.8323,96.2606,19.2082
540,110.25,155.65,99.2828,75.2,31.9446,95.8862,18.7342
570,112.127,154.76,104.698,75.2,32.3752,93.9194,18.4895
600,112.357,152.426,102.066,76.4471,32.3108,91.529,17.6731
630,109.463,155.034,103.534,74.4546,33.0133,87.6559,17.3909
660,103.995,128.742,86.5363,70.2645,33.6198,85.4064,17.1456
690,91.1202,126.751,58.7105,64.8355,33.8346,81.9052,16.6358
720,90.1776,126.544,59.5168,64.8635,33.9678,91.7739,16.0186
750,89.2349,126.206,57.6742,64.3662,34.3896,88.2698,16.4584
780,88.2922,132.926,55.726,65.8292,36.0303,87.3745,15.7444
810,87.3496,163.692,56.5929,65.8085,35.0776,84.5212,15.466
840,88.7384,164.614,55.1129,62.5373,36.3377,83.0999,15.2136
870,87.3994,171.1,83.7127,63.8438,37.4271,78.2606,14.6308
900,85.4278,169.526,85.5988,64.4363,37.0662,77.6904,15.172
930,93.5938,170.764,108.052,82.8318,36.5053,79.1391,14.8543
960,91.3263,171.912,107.766,84.053,37.2906,72.3606,14.6141
990,93.7069,166.912,110.396,83.0006,37.8836,71.4275,14.8746
1020,88.4766,143.211,94.8484,76.5042,36.9453,69.6972,14.8124
1050,91.8667,155.319,103.259,70.9026,36.2133,64.8608,16.5706
1080,93.0241,153.135,102.421,70.4181,36.0871,63.0243,16.2586
1110,94.8375,155.245,103.557,69.8672,37.1218,59.7722,16.6253
1140,94.2361,156.484,102.864,71.8757,37.845,57.5421,16.2902
1170,94.7961,161.543,106.516,70.4013,36.7911,55.021,16.385
1200,95.0744,159.501,107.908,71.2242,37.167,52.2557,16.4838
1230,86.3093,143.9,96.0263,69.6203,36.1256,49.4286,15.0918
1260,86.2911,142.615,95.1918,69.2351,36.1126,49.9546,14.7298
1290,88.2454,140.803,95.4734,70.082,36.279,48.319,14.937
1320,87.9113,143.116,96.0711,69.063,37.8441,47.8671,14.7005
1350,112.617,186.261,122.139,68.8096,36.7665,49.181,19.3852
1380,112.152,187.534,124.576,69.5239,37.1174,48.1886,19.4122
1410,112.497,183.276,123.206,71.3622,36.632,48.9335,19.1487
1440,112.524,186.582,123.983,70.7513,36.6729,48.534,19.4007
1470,110.361,185.244,124.075,68.815,36.8164,48.0429,18.8843
1500,112.871,181.437,123.7,70.0864,36.1049,48.8816,19.3526
1530,111.879,186.889,122.229,69.6845,36.4398,49.5282,18.9465
1560,111.465,185.348,122.673,69.4438,36.9358,48.4014,19.4905
1590,112.942,185.328,122.974,69.0175,36.5543,48.6136,18.9333
1620,112.287,183.704,121.036,70.1709,36.8758,49.4581,19.5052
1650,111.214,183.327,122.777,68.887,36.4543,49.6238,19.1076
1680,110.976,186.054,122.431,71.6395,36.7873,49.7244,18.9552
1710,113.257,181.451,124.739,70.8177,37.3356,49.1197,19.4057
1740,113.716,185.95,124.11,70.6961,36.2967,49.8044,18.9042
1770,111.742,185.215,124.525,71.96,37.8308,48.965,18.8994
1800,109.723,182.273,122.153,70.5568,37.7703,49.5934,19.2177
1830,110.473,184.924,123.13,69.2829,37.2222,49.1783,19.4683
1860,110.474,187.178,122.872,69.5687,37.272,48.8448,19.507
1890,112.832,182.003,124.535,69.8076,37.4588,49.6253,19.1166
1920,112.487,181.768,122.206,71.4962,36.567,49.509,19.1839
1950,119.697,199.27,134.933,70.3334,37.8843,49.0805,21.1474
1980,121.814,202.483,133.022,71.6495,37.5729,49.9152,20.7803
2010,121.094,197.905,135.477,69.5102,36.6808,49.8127,21.077
2040,119.154,200.608,134.925,71.2475,37.374,48.7302,21.1401
2070,123.687,202.405,131.302,69.2787,36.605,49.8728,21.1464
2100,120.116,198.676,132.342,71.5323,36.4602,49.5457,21.2435
2130,118.86,200.7,135.142,70.3045,37.5894,49.8704,21.1942
2160,119.513,201.585,132.209,69.5039,36.7508,48.561,21.4151
2190,119.112,198.625,133.884,68.9151,36.424,49.4789,20.8118
2220,121.178,200.264,134.756,71.1369,37.6836,48.5475,21.1226
2250,119.165,201.823,132.769,69.1052,36.8431,48.853,21.0986
2280,119.959,197.759,132.337,70.0048,37.797,49.2384,21.122
2310,120.277,200.652,133.777,69.9531,37.7781,48.7589,20.9709
2340,119.325,202.399,133.721,70.6457,36.8827,49.0653,20.9135
2370,120.327,199.908,135.214,70.0171,36.6207,48.88,21.0309
2400,122.374,200.387,131.374,71.7835,37.4605,48.9247,20.9148
2430,122.229,202.102,135.219,71.8907,36.9078,49.2604,20.9279
2460,87.8846,149.031,99.0448,70.3217,37.2375,48.9337,15.1404
2490,86.3279,148.95,97.4874,69.9768,36.5153,48.9097,15.6557
2520,88.7001,148.116,96.8259,69.5658,36.4155,48.8681,15.2305
2550,90.7362,148.128,98.0265,70.7416,36.9005,49.1138,15.5331
2580,90.5501,150.446,99.8877,69.6482,37.3902,49.5073,15.65
2610,87.7244,144.137,99.3581,70.0819,37.4423,48.7234,15.671
2640,90.9607,147.491,98.1281,70.4103,36.3036,49.6624,15.6515
2670,87.5529,144.493,99.8979,69.5577,37.3118,49.1286,15.7277
2700,86.5814,149.921,97.74,68.8381,37.6401,49.0172,15.3001
2730,88.8322,144.469,95.9081,71.6386,36.1842,49.7796,15.3181
2760,90.0498,144.384,96.1378,71.2493,37.1021,49.4039,15.3037
2790,95.2293,155.296,101.644,71.9113,36.8909,49.9937,16.2267
2820,92.3419,155.519,101.828,69.5125,36.6312,49.2524,16.236
2850,92.5307,158.695,103.753,71.029,37.8386,49.2874,16.5094
2880,91.8471,155.299,105.471,71.361,36.8609,50.019,16.4959
2910,95.267,159.222,104.123,71.5457,37.2919,50.0123,16.7329
2940,95.9292,155.559,105.329,71.5371,37.0601,48.8717,16.7621
2970,97.4459,156.663,103.528,71.9394,37.4387,48.9919,16.4387
3000,96.8155,154.866,101.714,68.9465,36.6859,49.1083,16.769
3030,96.2459,158.424,105.61,71.0917,37.6249,49.2777,16.5023
3060,98.9707,156.188,103.672,69.2418,37.8147,49.0031,16.0639
3090,99.7997,157.122,105.652,69.5326,36.5407,49.07,16.2274
3120,103.316,157.868,104.709,70.1651,36.2457,49.6842,16.4155
3150,101.423,154.204,103.374,70.5754,36.216,48.9963,16.2734
3180,104.827,158.713,105.355,70.0988,36.8541,49.0128,16.4695
3210,103.013,157.684,103.927,71.443,36.8275,49.2198,16.1103
3240,105.432,158.776,102.773,70.8447,37.3435,48.4323,16.1184
3270,105.152,158.085,103.929,69.4306,36.1209,48.7677,16.3041
3300,100.884,155.076,101.696,68.844,36.5419,47.4258,15.7309
3330,102.872,154.763,105.765,68.9138,36.1651,45.5212,15.7421
3360,100.901,152.967,105.613,69.1568,37.8138,43.784,15.3359
3390,92.9647,140.869,96.5005,70.0794,36.1896,42.8035,13.3705
3420,94.9625,163.238,111.39,74.5516,37.4141,41.5862,12.7458
3450,102.549,162.959,112.596,81.7724,37.2533,40.6426,12.7862
3480,100.425,161.439,112.29,79.9779,36.3526,39.2312,12.1415
3510,97.0011,165.709,109.737,82.0113,37.8824,38.5665,12.3971
3540,96.2555,160.86,110.806,82.0373,36.3056,36.9343,12.1203
3570,96.1764,162.974,112.017,81.2662,36.6561,36.0488,12.2231
3600,98.0991,163.909,113.058,81.7653,36.3624,34.8145,12.358
3630,95.2376,167.59,112.95,81.4077,36.224,35.581,12.9341
3660,96.357,166.224,111.554,80.9044,37.7715,37.1703,13.413
3690,96.7273,164.556,110.88,82.0565,37.6815,39.2655,13.5528
3720,95.5817,166.995,109.968,81.249,37.6803,40.2821,13.9413
3750,96.1852,165.425,109.971,82.015,37.8822,39.2314,14.453
3780,96.2187,161.5,113.597,79.7654,37.7866,41.4674,14.8868
3810,97.5904,165.327,110.262,81.1988,36.5033,43.5088,15.1173
3840,94.4081,167.441,111.763,81.1581,37.6907,45.4597,15.9741
3870,97.1567,160.806,110.602,80.3958,37.3973,45.5604,15.9748
3900,96.9448,162.74,111.517,80.249,36.8781,46.7398,15.5587
