Time,FC,PAS,PAM,PAD,temp,SpO2,FR
-1,100,147,115,87,37.0711,92,21
0,110,161.7,126.5,87,36.5521,92,23.1
30,108.656,159.703,127.126,87,36.0331,92,23.0924
60,108.88,163.377,128.304,87,35.5141,92,22.8992
90,109.221,157.724,123.614,87,34.9951,92,22.7215
120,107.3,161.673,125.884,87,34.4761,92,22.6474
150,108.017,163.713,127.547,87,33.9571,92,22.8689
180,111.47,164.215,126.829,87,33.4381,92,23.3074
210,111.978,163.13,125.791,87,32.9191,92,23.2593
240,112.591,159.362,127.419,87,32.4001,92,23.1886
270,108.279,160.254,123.808,87,31.8811,92,23.4761
300,111.077,160.263,126.978,87,31.3621,92,22.6762
330,110.887,164.638,129.302,87,30.8431,92,22.8985
360,123.25,158.404,136.29,87,30.3242,92,23.5088
390,123.392,163.392,136.684,87,29.8052,92,22.9589
420,108.035,165.016,127.752,87,30.7045,92,23.5399
450,107.485,159.249,124.629,87,31.6039,92,22.8694
480,111.371,159.441,124.38,87,32.5032,100,23.0237
510,108.497,157.819,125.411,87,33.4026,95.0395,22.765
540,106.631,130.366,104.157,69.6,33.9679,96.9916,21.483
570,108.086,128.004,101.857,69.6,34.8673,89.7446,21.4348
600,103.925,130.08,99.9391,68.2184,35.1241,91.136,20.9176
630,107.338,130.67,101.761,69.5234,37.4274,87.2483,20.922
660,95.0227,119.644,87.2422,59.0706,37.3967,84.7774,20.008
690,86.9453,108.639,59.448,58.3805,38.0143,82.8453,19.9067
720,86.0172,111.715,56.8752,58.0245,37.8552,89.268,18.9895
750,85.0891,107.715,56.7306,57.5671,37.7967,87.8386,18.7465
780,84.161,109.046,57.3997,57.873,38.1541,85.1708,18.6118
810,83.2329,143.54,57.8183,60.1895,37.7938,82.2069,17.8344
840,82.3269,140.253,59.3494,58.8537,38.1673,80.8544,17.4369
870,83.117,140.121,58.655,60.2695,37.2906,76.6364,17.3845
900,81.5396,139.083,56.8462,59.1715,37.2999,76.4701,17.2432
930,86.8363,136.272,106.509,76.5715,37.538,76.4505,17.1306
960,88.8429,138.718,105.26,75.416,37.1186,73.0826,16.9898
990,87.2954,136.205,105.632,75.6945,37.3727,71.743,17.0579
1020,79.8699,129.62,92.3904,66.3503,36.6519,67.2196,16.6676
1050,88.9317,130.345,103.276,66.2768,37.9135,67.2607,19.1364
1080,90.2515,129.894,103.611,64.8359,36.2247,65.1797,18.6859
1110,89.542,129.661,105.004,66.4541,37.1565,59.8316,18.3743
1140,87.753,127.756,103.8,65.3962,37.7312,58.7817,18.6562
1170,88.9337,129.857,105.547,65.8948,36.3508,58.2462,19.1798
1200,88.8482,130.226,106.451,66.4833,36.1833,51.946,19.0322
1230,79.9192,119,96.8282,66.0491,36.6798,51.8037,17.45
1260,83.7882,118.593,97.021,64.3266,37.7559,48.1316,17.4999
1290,83.2587,119.093,94.345,63.7809,36.9004,49.3329,17.4859
1320,82.2033,117.374,94.8983,65.9179,36.3104,50.0194,17.4198
1350,104.148,148.324,124.954,64.6922,37.7392,49.0569,21.993
1380,104.362,150.252,124.258,64.1504,36.3995,48.9273,22.1957
1410,103.648,148.307,121.19,66.3661,37.7645,48.4443,22.6902
1440,105.028,153.435,123.565,66.5575,37.0535,49.6287,22.5065
1470,106.505,153.077,122.33,66.219,37.7891,48.6167,22.0433
1500,107.367,148.528,121.927,63.904,36.9159,48.2592,22.0705
1530,106.374,152.011,123.064,65.8465,37.4283,49.2355,22.4286
1560,106.458,153.241,122.962,63.7609,37.6997,48.5172,22.7409
1590,105.267,148.837,123.598,63.9301,36.1136,48.3511,22.6908
1620,107.965,150.002,121.061,66.0282,36.8325,48.941,22.6266
1650,107.547,150.356,120.878,65.1965,36.2645,49.3695,22.0823
1680,107.396,149.102,124.274,65.1574,36.2563,49.0417,22.3263
1710,108.109,150.709,122.708,64.8756,37.1711,48.749,22.293
1740,106.291,148.745,122.295,65.3938,36.9049,49.3351,22.1945
1770,107.517,152.265,121.491,65.8704,36.3493,49.0207,22.0894
1800,104.473,152.223,122.597,63.9872,37.7635,49.0918,22.3933
1830,103.28,151.149,120.989,66.653,36.095,49.5292,22.2261
1860,106.24,151.422,124.314,64.3772,37.3779,48.9918,22.5788
1890,103.993,151.373,121.255,63.7751,36.688,49.1649,22.5417
1920,105.62,150.686,124.868,65.8889,36.4452,49.3191,22.6099
1950,113.159,164.767,134.379,64.1078,36.3392,49.4081,24.0748
1980,113.353,166.533,134.847,65.9676,37.0185,49.2078,24.8248
2010,113.667,164.058,135.982,64.8276,36.1776,50.1231,24.3089
2040,114.522,162.168,133.248,66.2909,37.1655,48.8077,24.495
2070,116.54,163.814,134.506,66.4032,36.1193,49.9931,24.0008
2100,113.419,162.547,133.358,64.6775,36.2856,49.7329,24.0406
2130,115.71,166.545,132.945,66.2133,36.7928,50.0094,24.1578
2160,114.806,165.001,135.291,66.1841,37.495,49.8609,24.5824
2190,114.383,165.632,133.993,64.1759,36.4073,49.8456,24.021
2220,113.603,164.015,133.092,64.825,37.293,49.0611,24.5754
2250,116.453,166.053,136.029,64.9071,37.4572,50.0273,24.1813
2280,113.271,164.679,134.66,65.4465,36.4854,48.7491,24.3324
2310,117.542,165.435,133.19,64.7665,36.9474,49.3419,24.4096
2340,115.847,161.83,135.112,66.2564,37.0541,49.7327,24.1697
2370,113.533,166.052,136.667,66.5729,37.293,49.7998,24.2878
2400,114.626,163.976,135.303,65.3403,36.144,48.7537,24.0825
2430,113.882,161.721,135.035,64.4715,37.4908,49.7405,24.4971
2460,82.9205,117.375,96.7058,66.3607,36.2088,49.7547,18.0302
2490,84.7384,118.734,100.466,66.0687,36.2216,50.1371,18.0374
2520,85.4202,120.242,96.7693,64.1657,37.8788,49.8518,17.9822
2550,81.7954,121.318,99.7976,64.5392,37.4857,49.2564,17.8355
2580,84.3789,122.63,96.8056,66.0023,37.8421,49.0416,17.955
2610,81.8715,121.958,98.026,65.5958,36.2244,49.296,17.7481
2640,82.5253,118.552,97.0394,66.3833,37.4385,49.1554,17.4178
2670,85.3021,122.665,99.4494,65.8833,37.3208,49.5849,18.2535
2700,83.9185,122.109,98.5393,66.5907,37.5727,49.7434,18.0231
2730,85.5663,121.92,97.9907,66.0839,37.2856,50.0005,17.7526
2760,85.4078,118.093,99.9477,66.3759,36.7227,48.7199,18.0723
2790,87.8635,126.314,106.381,66.1042,36.5047,49.6221,19.0085
2820,91.9559,125.24,105.066,64.7524,37.8076,48.7706,18.8177
2850,91.1659,128.457,102.984,65.2581,36.97,49.4156,19.4458
2880,88.966,125.567,103.7,65.8954,37.6888,49.2728,19.9812
2910,91.258,128.62,105.289,65.3773,37.5108,50.1118,20.2383
2940,90.3149,125.238,106.835,64.0496,37.8948,48.7312,20.964
2970,89.0623,130.06,105.668,65.6156,37.363,49.2436,21.4771
3000,88.4794,129.265,103.247,65.2708,37.8199,49.219,21.4755
3030,91.5138,128.383,106.339,65.4623,36.6969,49.3586,21.8161
3060,87.9894,126.123,105.05,65.7772,36.6639,49.4568,22.9871
3090,88.9404,127.363,104.625,65.5994,36.8367,48.8479,22.8748
3120,87.9678,127.04,106.867,64.6823,36.4641,48.7792,23.9544
3150,88.1962,126.727,103.177,66.606,37.9124,50.2023,24.1089
3180,89.0774,126.427,105.795,65.0476,37.0599,49.0587,24.1131
3210,91.6803,128.462,106.809,64.194,36.3046,49.2844,24.8167
3240,90.1022,127.177,103.015,65.6391,37.6148,50.3422,25.0105
3270,90.105,125.037,102.93,66.0969,36.4397,48.0366,24.4253
3300,87.8402,126.847,106.2,65.8702,37.3682,46.2516,23.4161
3330,87.8921,128.187,105.498,64.5514,36.9291,45.2945,22.6861
3360,90.386,127.054,105.171,64.9139,37.8154,45.1429,22.4498
3390,82.3736,118.368,95.1994,65.3536,37.6488,42.9936,20.5801
3420,91.0547,125.557,111.96,74.9073,36.4745,41.2765,19.4794
3450,93.5927,140.296,108.633,75.2988,36.1592,40.8062,20.1614
3480,91.3066,136.029,109.368,75.8434,37.5149,39.4442,18.5446
3510,90.9147,138.569,108.41,76.1681,36.4249,38.4596,18.0264
3540,93.319,139.134,110.508,74.431,37.4609,36.3279,17.8409
3570,94.4142,138.242,109.654,77.072,36.9076,35.1433,17.2723
3600,92.7163,135.736,109.224,76.7879,36.5898,33.9603,16.8721
3630,90.971,135.895,110.008,74.9236,37.4522,32.6008,17.5134
3660,94.4654,136.757,112.274,76.3217,37.9082,31.263,17.7479
3690,93.7007,139.46,108.465,76.4451,36.6405,29.9003,17.6161
3720,93.7554,139.611,112.074,74.9787,37.7343,28.1252,17.099
3750,91.4447,138.325,109.995,74.9222,37.3742,30.092,17.792
3780,92.5976,137.666,109.27,75.1965,36.7802,29.1826,17.2495
3810,90.9406,138.059,111.072,76.7332,36.5517,29.813,17.8456
3840,94.5861,139.12,109.224,76.013,36.9159,29.1645,17.4484
3870,93.552,140.31,110.527,76.6401,36.226,30.7825,17.1934
3900,91.9924,139.578,112.508,76.6736,36.4943,32.6283,17.1296
3930,93.1647,139.203,109.644,76.2831,36.5001,37.7099,17.4682
