Time,FC,PAS,PAM,PAD,temp,SpO2,FR
-1,101,165,117,101,37.3814,94,22
0,111.1,181.5,128.7,101,36.8581,94,24.2
30,113.314,182.825,125.719,101,36.3348,94,23.6007
60,111.444,178.035,127.766,101,35.8114,94,24.1241
90,112.12,183.843,130.546,101,35.2881,94,24.6848
120,111.584,179.232,129.671,101,34.7647,94,23.6049
150,109.781,179.275,127.218,101,34.2414,94,24.7447
180,110.435,185.07,129.325,101,33.7181,94,24.419
210,110.654,184.414,130.618,101,33.1947,94,24.36
240,109.499,184.87,128.001,101,32.6714,94,24.0804
270,113.318,184.601,129.667,101,32.1481,94,23.6222
300,111.424,185.763,127.26,101,31.6247,94,23.9231
330,112.645,183.471,126.548,101,31.1014,94,24.1089
360,119.91,181.981,139.725,101,30.578,94,24.1208
390,122.3,181.849,140.113,101,30.0547,94,24.2745
420,121.148,180.932,128.084,101,31.2122,94,23.7322
450,125.09,175.762,127.452,100.997,31.7317,92.3403,24.4288
480,107.948,184.636,127.319,99.456,34.0231,95.9784,23.9862
510,111.573,179.79,127.201,98.879,34.9679,96.4351,24.4602
540,107.356,183.33,131.28,102.32,35.5978,93.3538,23.1441
570,112.959,139.621,101.253,81.5904,36.8946,88.6829,23.3152
600,106.613,139.799,99.9854,80.3345,37.0728,86.363,21.7917
630,105.69,140.098,102.41,82.0006,36.2998,82.0449,21.2226
660,107.194,146.168,99.784,80.1596,36.981,81.2007,22.1974
690,103.995,145.814,97.5781,78.3559,36.2951,75.5779,20.28
720,96.9801,132.185,88.4826,71.9837,35.9771,70.968,20.9575
750,86.8271,123.656,56.25,65.871,35.6111,68.2583,19.1241
780,85.4876,126.358,58.6257,66.9916,36.5264,89.5713,20.1067
810,84.6767,119.997,59.2261,68.9661,37.0138,87.6739,18.6764
840,83.3728,122.704,60.2746,69.6036,38.3578,81.9198,17.693
870,81.0214,121.925,59.4841,68.6101,37.7389,78.7705,17.3179
900,83.2552,164.246,57.3751,88.5175,35.6505,77.3395,18.4162
930,83.233,160.883,58.0851,87.6452,37.2321,72.4172,17.5198
960,83.5568,151.028,82.2206,89.6575,38.2757,71.9647,17.0358
990,89.3641,153.963,112.195,89.4141,37.9646,70.5809,16.535
1020,86.6113,154.732,110.304,89.6122,36.6498,63.64,17.083
1050,86.5726,153.554,108.159,87.2041,37.0062,60.2856,16.6154
1080,86.1265,138.162,95.85,82.5421,38.0187,58.4315,16.8148
1110,89.613,142.182,102.397,75.2325,38.7851,54.0172,19.1911
1140,90.7056,145.685,106.471,77.2788,37.9552,50.3429,18.7101
1170,89.9629,142.79,106.464,75.773,36.1588,47.7287,18.3705
1200,87.744,142.177,107.016,75.7893,36.9975,45.0635,19.0052
1230,109.723,174.357,127.481,76.5816,38.4606,40.8773,23.0098
1260,95.3726,134.538,114.012,73.4222,38.0996,36.6019,23.4612
1290,94.5496,133.296,114.524,76.9409,36.5881,30.667,22.8296
1320,95.5667,137.398,116.765,73.3809,37.7528,34.4207,22.7673
1350,95.5734,131.874,111.841,75.7778,38.6118,31.3427,23.0092
1380,93.613,135.875,114.744,76.5127,36.9816,34.1418,22.5842
1410,94.4277,133.616,111.317,76.7706,36.689,33.4109,22.8102
1440,96.3643,132.577,113.631,74.4072,36.0625,35.3478,23.2847
1470,93.8612,136.392,113.589,74.1692,37.5547,36.2236,23.3704
1500,93.225,134.197,114.971,76.99,37.3362,32.7494,22.5563
1530,111.009,165.093,134.518,74.882,35.8607,36.2135,23.8649
1560,109.141,166.215,130.947,75.0787,37.9507,33.9667,24.7325
1590,110.503,169.757,129.686,74.2149,37.4739,33.5117,24.3756
1620,108.888,170.731,131.332,77.2967,36.543,33.1931,23.8613
1650,109.533,164.93,131.525,75.5736,35.9951,35.5748,24.4144
1680,109.215,171.198,134.723,76.9233,37.2812,36.2426,24.3435
1710,111.78,170.52,133.258,74.0661,38.1544,36.316,24.874
1740,110.677,165.532,134.376,77.3426,38.0501,37.45,24.8482
1770,107.535,167.569,132.07,74.0134,36.4712,36.4319,24.8354
1800,111.936,170.104,133.7,76.6535,38.0106,34.2595,24.8127
1830,108.861,164.783,129.984,77.4883,38.438,37.4465,24.4454
1860,111.897,171.255,132.148,75.2506,37.7717,35.0201,24.7882
1890,111.511,171.68,129.787,75.1307,36.8446,34.8403,23.8557
1920,110.161,166.272,133.725,75.6889,36.6643,35.3177,23.8623
1950,107.848,169.448,129.221,77.4024,37.8962,35.4798,24.3352
1980,111.442,165.27,134.517,76.4898,36.9171,36.0382,24.3065
2010,116.331,182.757,142.031,74.8423,36.8315,34.841,24.7561
2040,117.061,178.734,141.398,74.111,36.2,34.1137,24.9357
2070,119.033,178.993,138.923,75.0855,37.1356,37.193,24.6288
2100,119.102,183.466,141.727,75.4046,36.4962,37.3972,25.1683
2130,115.992,183.394,142.53,77.0799,36.0753,33.4407,25.2266
2160,117.492,183.574,141.921,77.0898,35.5969,34.2378,24.645
2190,116.429,181.626,140.046,75.7251,36.7958,36.0734,24.9996
2220,116.215,180.914,142.338,75.6827,36.7403,33.802,24.8395
2250,118.257,178.374,138.004,77.1991,36.5351,35.6252,24.6917
2280,115.445,180.459,137.228,74.547,36.6227,34.9264,25.5187
2310,118.96,184.165,139.921,74.9424,36.1084,36.8888,25.3098
2340,117.965,182.991,138.754,76.3103,37.1789,33.0105,25.0346
2370,117.714,178.502,139.194,73.9897,37.5638,34.5551,25.1704
2400,116.631,179.933,142.17,77.4751,36.8381,37.19,25.1685
2430,116.137,180.336,137.069,76.3193,37.6549,35.0802,24.8759
2460,117.755,182.735,137.229,74.7424,35.4515,36.8351,25.4766
2490,115.752,178.836,137.513,76.1003,36.0329,34.2431,25.1634
2520,120.161,184.029,141.427,75.2895,36.7709,33.3968,25.7581
2550,120.691,183.327,141.317,75.5254,36.6453,36.9492,25.5172
2580,120.013,189.134,143.636,73.2166,38.0724,37.1945,25.0456
2610,116.608,182.652,142.83,74.0844,35.8142,36.7192,25.1255
2640,117.797,185.418,142.236,76.7804,37.9209,36.0195,25.7101
2670,120.608,184.173,140.061,76.913,35.5715,35.1011,25.9205
2700,116.877,185.728,138.278,73.2434,36.9305,33.8325,25.1562
2730,120.726,182.685,140.883,74.7084,35.5036,35.6969,25.2918
2760,119.555,184.854,139.41,75.5393,36.5803,34.526,24.8951
2790,116.855,187.429,143.05,74.4756,36.9232,34.3484,25.8675
2820,119.913,184.841,143.618,77.4883,35.451,34.1142,25.0451
2850,117.181,187.844,141.075,74.2696,34.9503,35.972,25.5925
2880,118.333,188.865,139.452,75.5607,37.1254,35.4277,25.7751
2910,117.462,185.483,138.88,73.7026,36.836,33.036,25.447
2940,119.763,189.918,140.841,77.7373,36.2497,33.463,25.2878
2970,118.35,187.532,141.449,75.5184,36.4008,33.4268,25.1591
3000,116.661,185.605,142.136,77.2411,36.6089,35.6968,25.1626
3030,119.022,188.675,139.564,75.1482,35.1732,36.3762,25.9899
3060,117.081,185.118,143.213,75.0737,37.849,35.4313,25.4091
3090,118.739,184.486,142.868,74.8534,36.4721,34.4698,25.4126
3120,117.133,190.931,139.421,78.2515,35.9239,33.2366,25.8179
3150,118.456,185.494,144.493,76.0235,36.3904,34.3874,25.6313
3180,121.912,184.632,143.404,77.1899,36.7224,33.0487,25.5949
3210,120.641,189.147,142.933,76.5282,37.1109,36.9709,25.7425
3240,124.5,190.702,142.407,74.1723,36.5729,36.3555,26.0749
3270,125.095,188.83,141.376,74.7534,36.2776,36.183,25.3238
3300,125.782,187.078,144.427,77.2013,37.4049,34.0078,25.1529
3330,126.152,190.205,142.683,74.5798,36.8186,36.5794,25.9238
3360,124.916,186.273,143.829,78.254,37.1049,35.9386,25.3841
3390,123.889,185.984,144.447,76.3741,37.2698,33.9913,24.8376
3420,122.947,188.92,141.79,77.1665,36.7177,32.7575,23.8352
3450,124.998,186.773,141.499,75.4428,36.2483,28.4577,23.3198
3480,124.669,190.772,140.55,75.6591,35.4893,27.284,23.238
3510,127.816,189.317,141.728,75.4859,37.4331,25.6783,21.9741
3540,102.391,154.773,114.511,75.1272,35.0698,26.4739,21.4276
3570,100.975,157.706,112.193,75.8654,34.7683,25.9459,20.7611
3600,97.5615,157.701,117.264,76.3072,34.6022,22.4208,20.6361
3630,96.8538,154.154,116.536,77.5381,36.7521,22.4969,20.2112
3660,97.0097,157.791,113.974,76.4851,36.2333,19.9814,20.8531
3690,97.815,152.88,112.894,77.8539,36.6578,19.4434,20.5507
3720,97.7008,153.418,117.582,77.6277,35.49,17.4862,21.129
3750,97.08,151.446,114.018,74.1991,37.6911,15.495,21.4028
3780,97.8402,154.283,117.133,78.1318,35.2668,16.6058,21.6777
3810,96.0717,156.691,112.123,77.549,36.3348,13.5023,22.4644
3840,92.5652,145.581,107.975,74.6853,36.1359,17.7302,17.802
3870,91.7303,144.152,107.387,76.2382,36.5261,20.5986,18.9524
3900,92.3595,149.228,110.273,74.1425,36.5951,19.7002,19.0326
3930,89.4923,145.084,107.359,77.1809,36.1966,21.76,19.5668
3960,91.9412,146.537,109.584,74.2291,36.4376,23.9762,19.6817
3990,90.2925,145.79,112.151,74.7012,36.8865,29.5678,19.45
4020,91.6923,147.626,108.278,76.0327,36.7539,31.3592,20.154
4050,91.9577,150.434,110.267,74.948,36.3799,32.6419,20.1623
4080,89.7766,144.623,112.186,74.1329,35.2405,34.5098,19.823
4110,90.8878,147.412,110.97,78.0579,36.1764,35.1677,20.1309
4140,89.8481,147.192,108.699,78.3685,36.3702,42.1285,19.7724
4170,89.3487,147.899,111.011,75.5518,35.6933,42.8089,19.7165
4200,91.2271,145.852,109.687,77.5255,35.2368,46.9178,20.0355
4230,91.5707,145.15,110.739,77.809,37.5828,52.1154,19.1933
4260,90.7459,144.798,112.227,75.2348,36.5905,56.03,19.5557
4290,91.2314,148.357,110.615,77.5777,38.0476,57.1717,19.6744
4320,90.3241,150.074,108.143,76.977,37.3203,61.5038,19.6761
4350,92.9927,145.425,108.509,76.9948,34.797,65.9787,19.706
4380,90.1212,148.8,111.018,76.236,36.6428,70.3375,19.2661
4410,90.2083,147.979,111.62,75.0063,35.8219,73.142,20.0775
4440,79.1855,134.291,98.3398,78.3197,35.6028,75.5388,17.2295
4470,84.3655,143.874,111.064,81.4154,37.6173,80.9414,16.8214
4500,90.2749,153.734,113.521,86.399,35.7609,81.6464,17.2378
4530,87.9857,150.021,114.195,88.5009,35.8086,86.3385,17.1206
4560,89.5973,149.201,112.15,85.9406,35.9478,90.2484,16.9744
4590,90.4918,154.519,113.46,87.8544,36.3741,90.3738,16.8879
4620,88.1411,150.766,111.874,87.261,36.7269,91.5847,17.5139
4650,90.8138,153.546,112.269,85.711,36.0962,89.469,17.1914
4680,91.7547,154.8,112.916,89.7072,35.6363,88.3685,16.9295
4710,91.4237,154.761,113.928,87.5792,35.365,90.3804,17.0544
4740,90.0641,155.879,113.847,86.6905,36.2851,92.2044,16.8784
4770,88.382,152.03,110.958,86.5786,35.9315,90.6758,16.8693
4800,89.28,150.458,110.349,89.913,35.2452,88.3844,16.7683
4830,92.2454,155.392,112.722,86.703,34.8161,90.2042,17.4057
4860,87.7337,150.92,115.003,87.8892,37.4637,90.6595,17.6833
4890,88.9892,155.133,110.754,88.1548,36.5619,90.8939,17.4738
4920,92.1546,154.715,113.833,86.6681,37.7529,88.9147,17.7247
4950,90.9318,154.666,111.131,89.5017,37.3271,90.0454,17.5919
4980,92.2862,152.166,111.916,89.1746,36.7707,90.9234,17.3125
5010,91.6759,155.703,110.79,86.6268,36.5929,91.9628,17.0645
