Time,FC,PAS,PAM,PAD,temp,SpO2,FR
-1,86,192,124,100,36.9015,97,21
0,94.6,211.2,136.4,100,36.3848,97,23.1
30,94.3619,207.555,136.242,100,35.8682,97,23.3025
60,95.0089,212.118,135.347,100,35.3516,97,23.2933
90,94.1631,210.887,135.715,100,34.835,97,22.9261
120,96.5894,211.234,133.645,100,34.3184,97,22.6708
150,96.3282,210.485,133.068,100,33.8017,97,23.4542
180,96.3072,212.017,139.541,100,33.2851,97,23.3009
210,92.3063,213.499,134.776,100,32.7685,97,22.5291
240,92.3674,213.092,136.23,100,32.2519,97,22.9629
270,95.9005,207.035,139.016,100,31.7352,97,22.7992
300,96.9523,206.131,137.565,100,31.2186,97,23.4449
330,96.0919,209.734,135.561,100,30.702,97,23.1095
360,103.982,213.449,148.094,100,30.1854,97,23.0982
390,105.238,206.982,147.764,100,29.6688,97,22.9401
420,94.9495,209.11,136.169,100,29.9131,97,23.2372
450,94.2334,211.507,132.172,98.591,31.0821,96.9908,23.3965
480,91.4085,211.887,137.367,102.051,30.92,97.7552,23.0289
510,96.6791,208.599,140.794,101.618,29.8689,98.7701,22.9699
540,93.3863,207.679,133.38,100.743,31.1887,95.2476,23.261
570,93.7595,170.568,108.854,81.3368,31.2427,95.863,21.4905
600,90.5391,165.66,109.108,80.6533,30.6709,92.3861,20.9898
630,92.8329,171.442,110.947,78.4119,31.9033,87.2075,21.0692
660,92.5535,170.58,112.789,80.654,31.1558,86.2952,21.107
690,91.0854,162.965,109.051,78.2108,31.2055,83.9084,20.4904
720,82.242,151.059,95.6419,75.6204,31.7116,79.8033,19.8044
750,72.3704,142.202,63.9643,66.9463,31.6804,78.9859,18.3552
780,73.778,146.141,62.0827,65.6731,33.3351,90.8403,18.894
810,70.5473,143.059,62.3748,68.0528,32.3606,91.1029,18.7962
840,71.4006,143.611,61.3937,85.6038,32.9088,86.7874,17.8928
870,72.2505,148.768,62.3186,86.383,34.425,83.6404,17.7015
900,71.6043,147.523,89.52,87.4754,33.4684,83.0118,16.8194
930,70.8651,141.839,90.0124,87.9407,34.8703,76.7246,16.9166
960,69.9594,185.283,90.8561,87.599,34.1997,81.9267,18.1091
990,76.1737,187.409,117.435,86.2335,34.0426,75.6953,17.4543
1020,76.5508,188.873,116.155,87.2944,34.8872,75.1743,17.298
1050,73.7918,186.19,119.04,86.3884,35.0274,71.7856,17.6776
1080,68.3001,173.42,99.4084,80.2316,36.305,71.4835,17.3391
1110,76.6835,178.403,106.709,74.5783,34.9283,67.7578,19.4496
1140,73.7403,179.869,107.145,76.3771,35.7988,64.4394,19.157
1170,76.3309,173.569,109.966,76.196,35.9898,61.9036,18.9268
1200,75.998,180.972,110.903,72.4361,36.2052,58.59,19.097
1230,90.9165,212.78,134.327,76.5685,37.6521,56.9294,23.4198
1260,81.7587,191.41,127.912,72.4507,36.2507,53.1319,23.8269
1290,79.6392,196.664,128.63,72.9576,38.1213,53.5761,22.9977
1320,79.0541,193.517,127.618,76.2113,37.1483,53.5755,23.7887
1350,80.9142,192.103,128.014,76.2537,38.0347,53.4626,23.4534
1380,79.5643,192.894,129.368,75.073,37.5339,52.5771,23.8387
1410,79.8808,190.368,131.166,75.9478,37.2661,55.6947,23.2296
1440,78.1358,191.722,129.287,76.3516,37.4481,56.0546,23.3701
1470,80.929,190.296,128.632,73.8301,37.5538,56.274,23.2604
1500,80.6847,192.674,132.012,73.7714,38.2259,53.5063,23.3012
1530,81.1348,190.351,127.792,72.5967,36.9514,53.7874,23.7894
1560,79.1423,196.565,131.394,72.3882,37.0718,54.3703,23.8569
1590,81.2577,196.488,128.465,75.5989,35.8481,52.6665,23.6562
1620,80.4108,189.802,127.127,74.5397,37.3411,56.5812,23.4334
1650,80.0629,190.215,129.806,74.1068,37.1631,53.9413,23.3268
1680,80.9761,190.916,128.86,72.4025,38.4743,52.4233,23.6115
1710,80.7026,192.26,129.276,75.6648,37.299,55.1281,23.1191
1740,80.4785,194.953,130.416,73.8876,36.3298,56.8036,23.4765
1770,80.6562,193.277,132.084,75.7193,36.429,53.4792,23.0811
1800,79.937,194.546,127.336,74.0135,36.2543,53.0663,23.095
1830,79.8783,194.446,131.76,72.5365,36.2955,53.5679,23.6703
1860,78.4539,197.116,127.37,73.0659,36.0081,56.0979,23.0852
1890,79.8833,195.531,131.771,75.9957,35.3463,57.3107,23.4205
1920,80.8254,190.367,131.609,73.1277,35.5598,54.1125,23.6226
1950,80.3306,191.448,130.913,75.553,38.2114,55.1401,23.7059
1980,81.4582,195.236,132.141,73.8121,37.6888,54.8406,23.1229
2010,79.7192,192.778,126.736,74.2985,36.0046,57.2029,23.1688
2040,78.5393,196.789,128.851,74.0461,37.9584,53.1633,23.3661
2070,81.8432,197.157,127.675,75.2857,37.9904,55.0272,23.6432
2100,79.6257,193.687,127.1,72.85,36.4555,53.9458,23.5551
2130,81.8125,192.099,127.194,74.4062,35.7184,55.9693,23.3853
2160,81.6703,190.292,131.431,75.7172,38.3496,53.6882,23.6955
2190,81.5087,193.088,129.387,75.6385,35.2612,55.0915,23.4812
2220,80.0321,194.729,130.443,75.5049,37.0879,54.4645,23.103
2250,79.1723,193.743,130.137,75.0476,36.6076,53.0278,23.4224
2280,79.7906,197.714,128.247,73.6229,37.6384,53.0734,23.7193
2310,81.8158,194.631,130.006,72.9343,36.2693,55.9732,23.0863
2340,80.9873,192.765,131.493,76.3868,36.0416,53.0344,23.564
2370,81.0708,195.722,128.245,73.8968,35.7133,56.7548,23.4376
2400,79.4227,190.774,131.196,73.6994,37.8488,53.2891,23.564
2430,93.7174,220.911,143.768,73.0614,37.4092,53.9898,25.3397
2460,95.1512,215.745,142.65,73.5435,36.9112,57.1144,24.9478
2490,93.3107,216.353,142.518,74.5427,36.783,52.7331,25.6473
2520,94.0154,221.751,141.008,73.7187,37.0756,57.3141,25.0463
2550,92.4864,221.095,142.026,72.9127,36.7472,56.3348,24.9259
2580,95.3785,217.596,141.911,74.0841,35.6507,55.5599,25.2196
2610,94.1751,215.994,139.444,73.6244,36.0323,53.9644,24.9866
2640,95.2616,219.51,142.525,75.4339,35.8788,52.7906,25.0502
2670,92.9657,218.968,141.628,75.0938,35.6902,56.5939,25.0832
2700,93.9035,216.919,143.167,75.2286,36.6219,53.4901,25.1956
2730,93.6256,216.232,143.037,73.0713,37.0519,54.6132,25.1005
2760,93.8218,214.297,144.621,75.0586,35.7582,57.0306,25.755
2790,93.7287,217.268,142.414,76.0747,36.4551,53.3345,25.0873
2820,94.3585,221.887,143.815,74.1672,35.0249,56.4106,25.5829
2850,92.5001,218.673,144.059,74.6222,36.0179,56.2247,25.8608
2880,92.7117,220.961,142.807,76.0002,37.0541,56.291,25.1937
2910,100.462,229.909,144.614,74.2885,36.5872,55.3867,26.0042
2940,97.4764,230.618,148.712,73.7158,36.6522,52.5637,26.1816
2970,97.3767,234.805,144.792,74.7096,36.6605,55.1955,25.992
3000,100.189,229.052,145.433,73.8182,36.138,55.4235,26.1866
3030,100.008,233.973,144.379,72.8281,35.9722,55.1481,25.7553
3060,99.5834,231.261,146.549,74.3418,35.6223,52.9913,25.7615
3090,101.42,230.202,147.909,74.328,35.414,56.794,26.3315
3120,102.477,229.093,144.599,73.005,36.3487,56.3938,26.087
3150,103.175,235.284,147.597,74.172,36.0627,55.4626,26.0875
3180,104.583,228.044,144.184,74.8969,35.9924,56.3846,26.2775
3210,104.666,231.627,145.569,74.5918,36.4867,54.3287,25.6302
3240,105.231,231.436,145.694,74.3859,35.4425,53.0737,26.0278
3270,104.807,233.728,144.413,74.5356,36.1461,53.545,25.9222
3300,108.899,229.206,145.088,73.664,35.7785,53.7789,26.182
3330,108.882,231.686,146.411,73.5581,37.9956,55.2154,25.549
3360,107.263,234.386,147.902,74.8185,36.7061,52.7731,25.0227
3390,107.534,230.411,148.103,75.1385,35.4075,51.3863,24.4775
3420,111.161,235.281,148.839,75.7108,37.7276,51.935,23.8522
3450,110.721,232.135,149.769,73.5506,35.7254,49.3948,23.5874
3480,109.034,232.407,147.343,74.0299,36.4666,50.9088,23.3815
3510,107.842,233.389,149.674,74.5175,35.8439,52.3305,22.778
3540,109.077,231.751,149.746,74.5278,35.9227,54.3196,22.0324
3570,108.396,234.72,150.932,72.5395,37.3693,54.427,21.1701
3600,107.521,237.826,149.256,72.7481,36.4268,52.6113,21.6936
3630,106.187,236.1,147.767,73.3522,36.4495,53.9445,21.4302
3660,103.727,236.555,146.343,74.3133,37.192,54.9196,20.954
3690,103.854,238.09,146.565,74.606,37.1486,59.3433,21.0471
3720,104.569,232.682,147.75,74.1547,36.6961,58.2294,21.5533
3750,102.209,235.038,148.847,72.5528,37.2499,61.2427,21.716
3780,103.337,236.208,148.262,75.7588,37.0958,63.7555,22.4616
3810,103.484,230.291,150.448,76.566,37.4912,61.7587,23.2167
3840,105.243,235.196,146.065,74.8963,35.4876,66.1117,23.2829
3870,105.347,233.912,147.106,75.2776,36.7138,66.1141,24.0772
3900,104.185,230.906,147.832,74.2659,36.5716,67.6682,24.1369
3930,103.137,234.991,146.396,73.766,35.8905,69.8569,24.578
3960,101.79,230.049,149.7,72.9994,36.6984,68.0296,24.7728
3990,102.174,234.993,145.791,73.7803,37.0759,71.8916,24.6313
4020,105.021,232.248,149.197,74.7971,36.6665,72.0638,24.4802
4050,101.678,236.963,147.584,73.4627,35.8557,71.6086,24.7451
4080,103.094,230.423,148.227,75.794,37.6957,71.6049,25.2776
4110,103.338,231.063,146.969,76.6395,36.7105,72.9336,25.1536
4140,103.415,236.703,147.543,72.8943,35.2799,75.2393,24.6882
4170,105.135,233.757,148.486,73.203,37.9184,79.5732,24.6405
4200,105.463,237.965,145.647,75.6581,36.5019,82.9577,24.6761
4230,102.847,237.515,146.995,73.4362,35.7011,82.3077,24.9473
4260,102.559,232.623,149.357,74.5249,37.0076,85.8828,24.7427
4290,102.678,231.802,148.483,72.9043,35.0554,83.7761,24.5826
4320,105.416,232.336,150.742,75.7566,36.7218,82.3829,25.176
4350,103.527,231.91,145.874,74.9209,36.1703,82.8903,25.3186
4380,103.19,236.483,148.217,75.9843,36.2572,83.0016,25.2481
4410,101.689,237.76,151.304,75.129,36.6009,86.003,25.3548
4440,82.0033,190.388,117.932,72.9641,36.1482,86.7301,25.4567
4470,82.443,192.894,117.46,74.4216,35.7481,84.3219,25.1661
4500,80.649,192.178,117.049,76.2717,35.7882,86.0529,25.2848
4530,79.9326,191.278,116.658,75.844,34.9516,84.479,25.4343
4560,82.1844,192.353,120.357,76.5397,36.9793,85.822,24.8908
4590,82.5518,185.313,118.882,75.9248,35.9599,79.718,25.5734
4620,83.1785,189.318,119.988,72.6634,35.9019,81.4761,24.8791
4650,81.0133,191.883,120.7,74.5799,37.0896,79.6285,25.2524
4680,80.7141,185.546,118.33,75.4598,36.9715,82.5439,25.4085
4710,80.9148,188.522,118.492,76.5878,37.245,82.6694,25.1756
4740,76.2342,181.125,113.006,74.1607,35.5901,80.9988,20.315
4770,74.7709,179.213,111.192,76.1676,37.2188,80.4603,19.8716
4800,77.0218,183.303,115.217,74.6894,36.5633,79.6143,20.2096
4830,75.6695,182.028,113.2,75.7022,36.7089,79.5153,19.7005
4860,75.2367,181.603,112.416,74.2857,38.2003,78.9954,20.5226
4890,76.4073,177.857,114.606,73.7733,36.6069,80.8617,20.0184
4920,75.4039,178.725,115.114,74.0739,35.3699,83.0261,20.0835
4950,78.437,179.506,111.231,74.8529,37.3114,81.1715,19.7672
4980,75.4495,183.678,113,72.8534,37.6849,78.4794,20.0281
5010,78.5143,182.213,113.958,75.5897,35.2105,78.8849,19.8977
5040,77.1531,183.732,113.538,75.8876,36.0711,76.9469,19.7708
5070,75.033,178.964,113.777,72.5782,36.8103,76.306,19.7591
5100,75.5733,180.548,111.045,73.1325,35.6043,78.3449,19.9076
5130,74.7513,176.977,115.616,72.7116,35.6772,77.1615,19.7289
5160,75.0205,182.924,114.89,73.3802,35.8027,77.2408,20.2363
5190,76.865,183.438,113.4,74.2823,36.4083,78.207,20.1501
5220,76.017,180.95,113.32,75.0153,36.547,79.844,20.6124
5250,76.0094,182.249,115.388,75.6277,36.8545,79.5797,20.7563
5280,75.234,180.648,111.265,75.0218,37.0742,76.5457,20.1701
5310,76.5907,181.599,114.148,75.2858,36.0035,76.146,20.6606
5340,69.7458,161.44,100.004,75.7115,36.5919,78.8871,17.0704
5370,74.1648,173.308,118.915,82.4256,37.4369,80.3938,17.8415
5400,75.0118,182.095,117.311,84.2427,37.3545,77.2183,17.1317
5430,75.7915,181.06,118.845,88.1033,36.9064,79.1906,17.1243
5460,76.1567,181.967,119.365,85.571,36.4277,77.7937,17.3424
5490,74.5466,183.631,116.223,88.3142,37.0072,80.2393,17.1424
5520,75.8644,185.791,115.223,84.9204,36.0437,77.3813,17.5982
5550,75.9503,183.239,117.579,87.4132,35.479,80.1867,17.5654
5580,75.5669,189.336,119.645,87.3647,36.1901,76.4662,17.4953
5610,76.5212,186.721,117.213,86.5355,37.0745,79.2822,17.282
5640,77.6836,190.253,117.248,84.8583,36.9325,79.8248,17.8146
5670,73.9521,186.148,118.513,84.5372,37.0962,79.2816,17.1479
5700,75.8242,188.368,120.148,87.771,34.8441,77.7538,17.6637
5730,76.5921,190.578,116.891,85.9902,35.3298,79.4126,17.324
5760,78.1996,184.509,118.415,85.7187,35.3211,77.1321,17.0819
5790,77.8499,190.705,116.715,86.6666,37.1565,79.4618,16.9936
5820,78.1252,188.327,120.459,87.2875,36.3198,78.0244,17.3146
5850,77.6306,189.04,120.107,87.0586,36.9204,75.8481,17.6802
5880,80.8452,187.091,116.402,88.2456,36.8945,75.837,17.6657
5910,80.1022,184.014,117.571,88.5362,34.8182,80.4718,17.6539
5940,82.6507,189.4,118.224,87.0062,36.282,80.3942,17.2647
5970,83.1659,188.671,121.016,86.8373,36.7302,77.2701,17.0689
6000,84.0306,186.695,121.953,86.6478,35.4615,76.9145,16.8408
