Time,FC,PAS,PAM,PAD,temp,SpO2,FR
-1,103,180,132,111,37.0504,96,23
0,113.3,198,145.2,111,36.5317,96,25.3
30,110.539,196.612,146.176,111,36.013,96,25.8646
60,110.874,200.131,146.811,111,35.4943,96,24.8358
90,112.412,194.53,146.681,111,34.9756,96,25.7131
120,115.812,196.532,148.035,111,34.4569,96,24.7701
150,115.745,197.286,143.203,111,33.9382,96,25.2083
180,112.409,200.633,147.279,111,33.4195,96,25.0075
210,115.699,198.35,148.707,111,32.9008,96,25.0014
240,114.877,200.306,144.564,111,32.382,96,25.7099
270,112.229,197.406,142.853,111,31.8633,96,25.5062
300,112.068,193.577,142.237,111,31.3446,96,25.7368
330,115.753,196.908,146.015,111,30.8259,96,24.766
360,127.64,195.933,160.616,111,30.3072,96,24.6725
390,123.386,200.137,161.514,111,29.7885,96,24.9615
420,124.725,198.101,146.444,111,30.089,96,25.6682
450,126.159,200.598,147.448,109.914,30.2688,94.9488,25.4821
480,116.215,198.132,143.378,112.629,30.7906,95.2985,25.2489
510,111.867,198.026,142.01,109.374,30.0969,103.032,24.8289
540,115.858,199.926,144.784,108.838,32.1258,96.4738,25.3063
570,110.387,156.303,113.842,87.2959,30.8876,97.0658,24.7409
600,106.967,153.101,121.179,87.703,32.2214,94.0912,23.7866
630,110.975,160.702,114.045,91.0428,32.4996,93.5345,22.5653
660,108.8,157.027,110.994,90.8476,31.9484,86.8952,22.1169
690,102.613,161.95,114.15,87.9542,33.4436,84.1036,22.5908
720,145.509,70.4016,117.194,53.3134,33.8261,84.2645,21.8159
750,148.77,83.6732,117.863,55.65,34.0391,89.8243,21.3713
780,143.891,72.5489,119.104,53.9436,33.0131,89.5141,20.5795
810,145.442,73.4058,114.208,51.7487,34.0097,87.6945,19.291
840,143.423,75.2644,144.531,72.9777,34.6274,84.8616,18.7742
870,139.212,76.104,145.269,73.5056,34.0228,84.3863,18.9631
900,143.23,75.3409,143.938,75.3464,35.5218,79.6361,19.33
930,140.35,76.4523,148.281,75.5131,34.718,77.8389,19.5583
960,145.72,115.336,145.12,77.1096,35.1345,76.981,19.2302
990,145.259,120.168,144.03,73.5533,35.6664,72.8657,18.6607
1020,141.677,118.746,147.742,75.0019,36.2495,69.7203,19.1029
1050,141.749,118.222,149.603,76.4895,36.66,66.9075,18.6217
1080,143.374,116.984,149.424,74.5713,36.1228,64.3271,19.0693
1110,144.485,120.286,146.525,76.9417,38.2108,62.135,18.5182
1140,142.693,111.313,147.675,76.327,36.5145,62.09,19.8342
1170,141.549,122.697,149.259,73.9375,36.3818,60.3544,19.0857
1200,141.874,113.195,146.815,74.9666,37.5726,55.5775,19.6797
1230,97.6105,159.442,141.458,96.5305,37.4355,56.1323,18.6104
1260,97.1496,137.61,132.334,82.213,36.1646,52.6654,18.9244
1290,87.4688,135.837,79.1696,81.8906,36.9402,47.816,18.6043
1320,86.4195,129.254,80.9841,82.7142,37.8761,85.6053,18.8658
1350,87.2165,134.582,81.4976,81.6252,37.8372,84.4426,18.4413
1380,87.5058,143.297,81.8578,85.1682,36.1234,88.4484,18.5925
1410,87.4731,137.093,81.7262,85.784,37.5662,86.1055,18.8205
1440,88.0553,136.119,83.8827,81.7689,36.7833,88.5929,19.0096
1470,85.5239,140.061,78.9078,84.0129,35.8195,88.6244,19.5523
1500,86.0366,140.767,82.1813,82.0318,37.5952,91.5574,18.6221
1530,92.9016,137.307,118.065,85.0356,38.7256,89.506,18.0933
1560,94.4608,134.354,117.547,85.7444,36.444,89.2004,17.9682
1590,90.9976,131.246,118.726,81.8811,36.7798,91.9409,18.1602
1620,90.8873,116.218,104.991,70.2313,36.6878,91.8214,18.543
1650,93.5958,123.004,111.543,69.7198,37.4925,90.7753,19.9006
1680,93.712,120.321,108.968,72.6943,36.1145,93.371,19.9377
1710,94.1904,126.436,109.866,73.0006,37.3306,90.0704,20.5283
1740,95.4906,122.013,109.208,73.4192,38.1536,92.8291,20.5008
1770,113.43,147.927,131.019,71.7705,36.3794,92.8679,24.5499
1800,99.313,136.836,102.904,72.0786,35.7994,93.4303,24.657
1830,101.176,130.785,104.078,73.5556,36.7113,93.8132,24.8673
1860,101.105,130.496,106.143,71.7448,38.0779,91.6502,24.3672
1890,101,133.798,106.108,73.4771,38.0888,90.9059,24.6116
1920,98.92,133.593,102.533,71.716,38.3073,89.605,24.6337
1950,97.8224,133.035,104.644,70.6638,36.26,94.1859,24.9799
1980,99.7808,136.209,104.739,71.6425,36.0303,97.0556,24.4166
2010,99.5971,132.817,102.98,71.5271,38.1018,98.395,24.5412
2040,97.2907,129.956,107.286,72.1698,35.5623,94.4461,24.4771
2070,115.474,153.414,133.532,71.5647,36.8139,95.8557,26.3905
2100,115.849,156.004,131.408,73.2827,38.8362,94.3715,26.2604
2130,115.004,150.867,130.32,70.7504,37.0051,97.1152,26.6078
2160,113.804,153.56,133.667,70.3078,38.0183,96.2425,25.9802
2190,115.238,149.354,134.095,71.5831,37.201,94.7966,26.198
2220,113.719,152.087,132.193,69.6525,37.0267,96.676,26.5004
2250,117.237,153.777,131.019,72.5352,38.2285,97.1512,26.532
2280,115.774,151.131,130.661,70.3357,36.7328,95.7487,26.3275
2310,116.963,149.312,130.877,72.2644,36.51,94.3933,26.1917
2340,117.265,152.525,133.087,70.6177,35.6142,94.3907,26.5802
2370,117.172,150.816,133.952,71.8038,36.359,95.8892,26.464
2400,116.851,152.903,130.209,73.4255,36.4561,96.4514,25.8705
2430,116.077,154.194,134.231,73.3703,37.0067,95.576,25.8341
2460,115.146,155.882,131.793,71.4071,36.1734,95.7405,26.601
2490,116.897,149.089,133.134,69.378,36.1278,97.5949,26.0955
2520,115.935,155.214,131.645,72.8639,37.3008,97.8804,26.5961
2550,123.453,163.322,144.913,72.4444,36.5709,97.1991,27.4292
2580,121.718,158.595,142.215,70.7692,37.554,95.1614,26.9317
2610,125.269,165.331,141.695,71.5668,36.8504,97.7991,27.0529
2640,120.678,159.424,141.435,70.7925,35.2389,95.1575,27.182
2670,124.351,159.947,141.809,70.5899,35.9431,94.8477,27.2845
2700,121.297,163.823,140.331,72.1661,36.5127,98.3921,27.1074
2730,121.891,160.901,140.112,69.9095,37.2876,96.6294,27.0893
2760,120.96,165.791,144.698,69.7036,35.1542,97.1768,27.3896
2790,122.432,158.952,140.85,73.1972,35.814,96.856,26.9568
2820,121.151,164.581,139.822,72.1511,34.9783,94.6392,27.0818
2850,122.147,160.407,143.254,72.8285,35.4074,95.2785,26.9653
2880,121.39,159.845,141.922,70.3024,35.5085,94.2927,27.3879
2910,121.792,160.875,143.617,71.0132,36.6298,97.2704,27.5132
2940,121.446,164.563,142.913,70.5629,37.3823,97.338,26.9162
2970,121.147,161.331,145.033,70.2391,36.1631,96.0962,27.4735
3000,123.322,165.57,139.852,72.912,34.7873,96.6054,27.0672
3030,123.41,160.584,143.502,70.2356,36.372,94.2186,27.5243
3060,124.995,166.151,145.088,73.2036,36.7915,93.726,27.6619
3090,125.372,168.634,148.832,72.7634,35.2004,96.398,27.8258
3120,125.856,165.854,147.919,69.6075,35.987,95.0831,27.428
3150,128.458,168.961,147.374,69.429,35.9061,97.4431,27.6353
3180,128.281,168.578,147.163,71.8582,36.2754,93.9749,27.9732
3210,129.721,168,149.124,71.3243,36.5429,94.4133,28.097
3240,133.094,167.194,145.956,71.4167,36.5123,96.9628,27.4259
3270,131.633,162.263,146.749,71.741,37.2565,98.6089,27.874
3300,135.095,164.578,147.442,71.3966,36.3501,95.4136,28.0541
3330,132.648,169.958,148.031,69.5736,35.813,94.0926,28.086
3360,133.998,162.817,148.382,73.6494,35.5971,94.5113,27.9199
3390,134.895,164.455,147.617,72.8149,35.6113,96.2268,27.3939
3420,136.973,168.369,149.004,71.1538,36.3866,93.275,26.9613
3450,137.782,167.748,147.308,70.0962,35.5238,90.0995,26.5719
3480,134.584,166.392,147.98,73.914,36.6609,93.4156,26.3545
3510,135.318,162.376,149.137,70.5258,35.317,91.4111,25.1665
3540,134.29,168.896,147.964,70.0815,37.0951,91.7121,25.065
3570,131.003,166.615,149.658,73.0082,37.4954,91.2016,24.2841
3600,129.446,166.363,147.177,74.4424,36.3559,94.9632,24.6776
3630,127.075,165.913,145.779,72.0814,35.9815,93.5033,24.2404
3660,126.328,169.661,148.042,73.9373,36.8717,93.635,23.8792
3690,125.879,163.677,149.567,70.8469,37.7417,93.8134,24.0373
3720,125.173,168.376,147.23,71.9462,36.1226,93.1004,24.4008
3750,125.39,164.765,147.09,70.9886,37.0286,94.715,24.3043
3780,125.769,162.185,149.219,71.631,36.0452,93.7603,24.2014
3810,124.059,162.399,146.563,71.6,37.2912,95.1785,24.8833
3840,124.521,169.464,149.348,71.0793,36.329,92.4544,25.7533
3870,123.868,164.259,150.767,74.2315,35.5003,95.8132,26.318
3900,124.976,164.595,146.367,71.368,36.222,93.9987,26.8443
3930,125.065,165.651,146.539,72.0744,36.1187,96.0419,27.1475
3960,125.695,164.652,150.199,73.4542,36.5119,95.1666,27.1778
3990,122.912,164.925,148.845,70.9289,36.535,97.7312,27.026
4020,125.158,162.734,149.708,70.3715,35.5587,97.446,26.8254
4050,125.225,163.084,151.683,72.6589,36.535,94.1711,26.8309
4080,101.064,138.154,119.48,74.2313,37.3066,96.2398,27.1285
4110,98.6611,131.189,118.281,70.1904,35.2684,95.8123,27.1856
4140,98.8119,131.433,117.954,73.4981,36.4068,98.4109,26.8947
4170,102.56,134.953,118.887,73.5613,36.737,95.552,26.827
4200,99.5721,135.338,120.479,70.6514,35.2337,96.4261,26.8268
4230,98.8217,131.119,120.875,72.5588,36.5843,101.172,26.6833
4260,98.7141,134.901,118.477,71.458,35.4827,103.003,26.7602
4290,101.157,131.107,119.113,72.5171,36.3541,98.975,27.049
4320,98.9224,134.745,123.081,72.6703,37.2883,99.1426,27.0137
4350,98.3895,135.611,119.61,71.2638,37.2114,101.52,27.037
4380,94.7553,130.91,112.698,74.1537,35.9807,100.38,21.464
4410,93.3447,129.852,112.3,72.8271,34.9554,100.649,21.3715
4440,95.8396,127.748,117.576,71.2659,35.133,98.7145,21.3947
4470,96.116,127.676,115.884,71.7441,35.3134,99.382,21.6001
4500,92.7022,126.967,115.441,73.703,36.7056,100.042,21.4206
4530,95.3469,127.537,112.397,73.3267,36.1263,99.0718,21.1686
4560,96.6424,125.177,114.261,70.7862,35.3741,101.198,21.751
4590,96.2265,126.42,113.341,74.3009,35.9827,101.519,21.4559
4620,95.7239,126.334,113.809,74.156,35.7851,100.281,21.6416
4650,97.0883,128.094,114.646,71.7506,37.0415,100.906,21.6498
4680,95.4771,131.887,117.085,73.1892,35.6489,101.197,21.0816
4710,95.5628,131.059,117.647,70.4481,35.7293,101.193,21.6992
4740,96.295,131.73,116.156,74.0474,35.3316,101.488,21.3701
4770,94.8406,125.126,116.35,71.5735,35.9114,98.807,21.2192
4800,93.0354,132.338,117.167,71.553,35.7942,100.166,21.82
4830,93.5272,127.184,117.862,71.4807,37.0234,99.001,21.581
4860,94.4786,131.327,115.164,73.6545,36.2343,99.4253,21.3193
4890,93.5255,132.346,115.751,73.4362,35.9138,103.069,21.244
4920,95.4605,131.537,115.182,74.0554,36.4485,102.567,21.4115
4950,93.4034,131.672,116.291,70.2017,36.6085,101.671,21.6806
4980,85.1855,112.241,103.067,72.0518,36.352,102.142,18.2283
