Time,FC,PAS,PAM,PAD,temp,SpO2,FR
-1,118,169,123,95,36.8953,95,24
0,129.8,185.9,135.3,95,36.3788,95,26.4
30,130.965,184.118,133.246,95,35.8623,95,26.5701
60,131.679,184.707,137.632,95,35.3457,95,26.1091
90,129.991,189.704,135.972,95,34.8292,95,26.4744
120,132.137,183.514,135.383,95,34.3127,95,26.4509
150,130.179,184.243,133.505,95,33.7961,95,26.5983
180,132.52,181.705,138.395,95,33.2796,95,26.8563
210,131.386,188.934,133.395,95,32.7631,95,26.4201
240,132.193,182.58,134.796,95,32.2465,95,27.006
270,126.726,189.149,133.293,95,31.73,95,26.3345
300,127.056,187.1,137.134,95,31.2135,95,25.9251
330,132.786,187.501,133.189,95,30.6969,95,26.0367
360,144.8,186.208,145.589,95,30.1804,95,26.6159
390,143.072,190.473,150.685,95,29.6639,95,26.7891
420,132.289,185.783,149.602,95,30.1879,95,26.6852
450,130.042,182.203,147.578,95,30.7119,95,25.871
480,129.466,184.721,137.13,95,31.2359,100,26.1264
510,129.106,189.24,132.317,95,31.7599,100.018,25.2738
540,125.803,148.429,106.872,76,31.9663,95.2723,25.056
570,127.671,146.653,106.53,76,32.4903,95.3719,24.4956
600,123.434,152.445,107.384,77.4585,32.6731,92.6451,24.6934
630,125.902,150.408,107.937,75.4767,33.2455,88.1992,23.4294
660,117.367,136.418,93.4698,65.4877,33.2819,89.1135,22.478
690,102.658,125.51,61.2674,65.8795,34.8381,83.3318,22.164
720,101.579,126.717,61.0308,63.2706,35.1366,92.0405,21.9788
750,100.5,125.488,61.1022,66.1773,35.248,90.4677,21.1247
780,99.4212,128.585,63.4127,66.4724,36.8985,86.0542,21.0472
810,98.3424,160.017,62.0856,83.6785,37.1212,86.2792,20.9635
840,97.2635,162.653,62.9437,82.5398,36.9633,83.3029,20.2411
870,97.2635,163.907,88.9392,83.0164,36.8419,80.9759,20.5155
900,98.1608,159.133,87.8453,83.8039,37.21,81.4786,19.7562
930,104.063,155.38,115.758,82.6598,37.4641,81.3718,19.4388
960,103.739,155.64,116.583,83.9408,37.0613,77.4254,19.556
990,101.885,158.511,116.43,82.4545,36.2953,78.712,19.3636
1020,99.2579,146.825,97.5173,72.2292,37.2501,76.418,19.1596
1050,103.475,148.09,109.868,72.3857,37.2,76.6127,20.7103
1080,104.118,147.159,110.247,72.5613,37.0061,70.938,21.1611
1110,102.239,146.459,108.294,70.506,37.6342,71.5719,21.0558
1140,107.619,147.806,111.496,71.2043,36.2364,66.4897,20.9443
1170,107.896,148.223,112.835,72.8183,36.214,64.6431,21.8492
1200,107.723,145.047,114.222,69.8452,36.8477,64.2273,22.1552
1230,98.3014,133.676,101.16,72.7745,37.7356,62.5052,19.6756
1260,94.1459,134.505,100.705,71.5426,37.3761,60.5786,19.543
1290,93.9393,135.453,101.847,71.0686,37.2076,57.1028,19.0809
1320,96.34,130.807,99.8849,70.9596,37.637,56.3435,19.2895
1350,125.871,171.202,130.88,72.3364,36.976,56.7131,24.8009
1380,123.295,168.712,131.639,71.7921,37.7714,56.4512,24.7976
1410,124.325,173.599,131.011,72.2455,37.6139,56.7816,24.7912
1440,123.298,169.746,128.846,69.8008,37.0008,57.0801,24.9917
1470,122.72,170.762,130.736,70.4549,36.1939,57.0315,24.6294
1500,123.911,171.271,129.114,72.8942,37.467,56.6548,25.2159
1530,124.611,169.176,131.809,70.6454,36.4287,57.7828,24.6603
1560,120.845,172.772,129.212,71.2082,36.3544,57.7551,25.0686
1590,124.495,173.145,132.025,72.8988,36.7563,57.886,24.8035
1620,123.219,173.006,129.126,72.8526,36.8634,57.9819,25.5442
1650,121.752,171.882,130.68,72.4298,37.7782,57.8796,24.7173
1680,121.363,167.924,128.87,70.1425,37.6735,57.9675,25.1744
1710,120.799,167.907,128.291,71.8414,37.7763,56.7635,25.2326
1740,122.388,171.193,131.913,72.0141,36.841,57.1351,25.2718
1770,125.595,172.281,130.938,69.7699,36.8306,57.4326,25.4372
1800,122.628,172.63,127.882,71.124,37.6324,57.2845,25.1483
1830,124.824,172.466,128.659,72.0225,37.5799,57.3862,24.9614
1860,124.982,169.475,128.065,69.7834,37.6654,58.941,25.3127
1890,122.306,168.323,129.869,70.0751,37.6468,57.0159,24.7084
1920,122.214,170.286,127.84,71.5929,36.4695,56.7558,24.6064
1950,131.382,184.969,141.795,72.1507,36.1015,58.5786,27.1839
1980,135.872,183.812,143.014,71.5089,36.7473,58.8992,27.2831
2010,132.36,188.902,140.517,71.3032,37.8868,58.5434,27.3097
2040,135.89,189.092,142.426,69.9951,36.6636,58.4822,27.3746
2070,134.145,188.22,142.255,71.5845,36.0906,57.4671,27.0483
2100,131.182,184.032,142.83,72.4251,36.3901,58.3882,27.1099
2130,134.159,187.402,143.572,72.1309,36.9918,57.4874,26.9551
2160,133.828,183.992,142.98,70.6909,37.9063,58.1637,27.0954
2190,132.855,185.661,139.351,72.3958,36.2907,58.5627,27.1242
2220,131.777,183.989,142.554,70.1706,36.4412,58.152,27.6865
2250,133.195,185.374,140.858,72.5902,37.8172,57.6626,27.3535
2280,133.608,187.981,143.183,72.6358,37.5848,58.5522,26.9219
2310,135.757,185.851,141.837,70.0818,37.4514,58.3481,27.6499
2340,136.063,186.38,140.756,72.8582,37.1206,57.0869,26.8297
2370,135.495,188.222,139.564,70.1247,36.2083,57.9551,26.7326
2400,131.141,189.25,142.154,71.1565,37.2603,58.128,27.066
2430,133.722,185.754,141.701,70.5592,37.4784,57.2043,27.0815
2460,98.4752,139.534,103.592,70.8745,36.7457,58.4129,19.9131
2490,100.941,139.391,104.224,71.9193,37.2375,58.1253,20.3813
2520,99.6163,134.587,105.938,71.9941,36.1448,57.9849,19.733
2550,99.4882,134.676,104.483,70.1435,37.0048,57.005,19.9662
2580,97.0688,135.889,105.632,72.1595,36.4703,57.0082,19.6969
2610,98.8926,139.178,104.231,71.3197,37.3807,58.9639,19.7603
2640,97.494,137.325,102.109,69.8205,37.3005,58.7548,20.3103
2670,99.6144,136.376,106.233,70.9175,37.0515,57.7743,20.0771
2700,95.7245,137.436,106.233,70.6449,37.7094,58.3641,19.6258
2730,96.1133,139.045,102.904,71.8632,37.2805,58.286,19.743
2760,97.6294,137.761,103.738,71.9279,36.3727,57.6252,20.2898
2790,106.486,144.377,110.805,71.3822,37.2612,57.6433,21.8102
2820,102.686,148.145,110.516,70.3494,36.812,57.4944,21.4063
2850,103.343,142.962,111.142,70.9255,37.6241,58.4575,21.9367
2880,102.006,145.945,110.453,70.4401,37.6426,56.7584,22.577
2910,104.846,143.925,113.108,70.5693,37.9164,57.2519,23.2786
2940,104.717,148.334,109.24,71.0494,36.1395,59.0047,23.9065
2970,103.06,145.16,109.347,72.0331,37.2757,57.15,23.7537
3000,101.87,142.932,108.678,69.9709,37.0142,57.6912,24.3182
3030,103.769,145.518,112.778,72.5803,37.1781,58.8093,24.6651
3060,105.148,143.512,112.791,70.0668,37.8736,56.8294,25.6309
3090,101.742,142.896,110.28,70.4808,36.7765,57.9461,26.6839
3120,101.865,147.272,109.734,69.8934,37.3985,57.322,26.2009
3150,103,147.048,110.682,71.564,36.2355,57.5631,27.1328
3180,105.669,144.357,111.563,70.5907,36.7224,58.0221,27.5469
3210,102.697,146.609,112.824,70.7659,37.196,56.2004,27.2196
3240,105.667,147.899,111.088,69.7524,36.9895,56.1989,26.0611
3270,100.281,143.024,109.587,71.0979,37.3601,54.7346,25.4399
3300,102.719,142.908,110.865,71.1931,36.5476,52.312,25.7706
3330,101.284,146.676,111.743,70.1108,37.7892,51.472,24.3735
3360,100.088,148.439,110.092,72.361,37.6757,49.9189,24.2157
3390,94.3441,134.005,99.5524,72.751,37.592,48.882,22.0283
3420,98.3103,143.634,117.581,85.1854,36.5701,48.8207,21.9189
3450,106.633,153.988,113.704,85.4223,37.6556,47.7311,21.015
3480,107.875,157.368,117.429,82.4024,37.6953,46.6226,20.1661
3510,106.791,157.16,115.539,82.5702,36.94,43.9068,19.4463
3540,105.654,159.187,115.212,84.3428,36.3427,43.1864,19.1347
3570,106.702,159.376,114.398,82.908,36.1402,42.1237,18.6795
3600,110.006,153.248,116.334,85.3656,37.232,41.2873,19.0892
3630,109.284,154.437,114.432,83.0477,37.5013,40.6529,18.4469
3660,109.139,158.33,115.707,84.62,37.2806,39.9242,18.4014
3690,111.73,154.213,116.381,83.0479,36.2021,38.6772,18.5479
3720,108.502,154.359,115.383,85.7914,36.4057,35.5921,19.0568
3750,111.766,156.618,116.994,83.3938,37.3525,36.6248,18.6929
3780,110.178,157.785,117.176,84.7769,36.8957,33.7872,18.5311
3810,108.471,154.336,116.196,85.4414,36.6645,32.4613,18.26
3840,109.823,153.729,115.607,84.0312,36.5377,32.8759,18.6582
3870,110.016,159.566,114.957,83.1331,36.9147,32.7907,18.2556
3900,110.526,154.178,113.68,82.4993,37.1978,36.9858,19.0351
