Time,FC,PAS,PAM,PAD,temp,SpO2,FR
-1,108,158,109,86,36.9763,93,26
0,118.8,173.8,119.9,86,36.4586,93,28.6
30,118.521,173.227,119.603,86,35.9409,93,28.1499
60,118.389,176.596,121.689,86,35.4233,93,28.186
90,117.088,176.332,121.813,86,34.9056,93,29.0867
120,121.71,173.647,117.027,86,34.3879,93,28.287
150,120.185,176.955,118.676,86,33.8703,93,28.2965
180,116.192,178.089,121.224,86,33.3526,93,27.9927
210,119.956,172.163,122.275,86,32.8349,93,29.2703
240,120.009,177.395,121.465,86,32.3173,93,28.7392
270,117.997,174.852,117.386,86,31.7996,93,28.8483
300,119.779,177.76,120.126,86,31.2819,93,27.9998
330,117.305,173.154,117.351,86,30.7643,93,29.2487
360,127.824,174.935,130.234,86,30.2466,93,29.2693
390,132.962,176.65,133.929,86,29.7289,93,28.6198
420,117.432,175.681,117.717,86,30.6378,93,28.3975
450,115.973,176.11,118.791,86,31.5467,93,28.8572
480,119.633,177.915,117.541,86,32.4556,100,29.233
510,115.086,175.265,122.814,86,33.3645,100.463,28.6254
540,118.569,141.675,96.091,68.8,33.9397,97.954,27.1578
570,118.644,141.164,96.5045,68.8,34.8486,94.4292,26.0286
600,116.569,135.72,95.7122,67.4574,36.1068,91.924,26.3877
630,112.94,142.172,92.7457,67.7959,37.386,92.3785,24.9546
660,108.665,124.807,87.8216,63.9703,37.4241,87.0957,24.6081
690,95.3284,113.178,53.198,57.7647,37.8041,85.6528,24.0436
720,94.3315,120.828,52.5316,57.1368,36.5042,88.6082,23.2633
750,93.3346,119.944,52.8473,59.0366,37.7672,87.602,23.5167
780,92.3376,116.499,50.0499,57.709,36.6195,83.3248,22.6641
810,91.3407,113.971,53.2373,75.8306,37.923,83.6356,22.1411
840,90.3437,120.188,51.8476,76.5812,36.4363,83.4074,21.5174
870,90.3437,156.412,76.9642,76.2783,37.8489,78.8119,21.2216
900,90.6162,149.286,75.8177,76.5564,37.4704,82.4071,21.6871
930,98.7584,150.919,102.6,75.2694,36.1091,79.1407,21.3256
960,96.6223,151.232,101.748,75.437,37.4212,78.8626,21.2675
990,95.5115,147.352,100.956,74.5012,36.6003,76.7305,21.5246
1020,93.8819,137.01,94.9976,68.9282,36.4348,74.3865,21.7027
1050,100.249,137.928,97.6425,65.7536,37.8903,73.8948,24.1566
1080,96.544,141.323,98.3379,63.9457,37.7164,73.5774,23.8428
1110,98.3656,138.776,99.835,66.0879,37.5949,67.7975,23.1993
1140,95.6232,139.328,98.4639,65.9205,36.1349,66.3975,24.249
1170,96.6142,139.299,99.5802,63.7697,37.6758,68.6727,23.7507
1200,100.159,139.575,101.163,63.5781,36.9557,64.5959,23.9888
1230,88.2504,124.48,91.448,66.036,37.6567,63.149,22.1752
1260,91.5508,126.414,91.2269,63.2582,37.5236,61.5765,21.8102
1290,90.1821,125.703,90.1741,65.2485,37.5268,59.9459,21.5881
1320,91.5455,122.599,88.6079,63.3647,37.7266,60.9235,21.2449
1350,112.999,159.241,114.772,64.3604,37.3101,61.0317,27.7518
1380,116.379,161.62,113.867,65.0186,36.7718,59.298,28.027
1410,113.757,161.767,113.548,65.7582,36.5991,61.1734,27.9708
1440,113.263,157.557,116.495,63.3484,36.2063,59.4379,27.4241
1470,118.075,157.555,113.337,66.0429,36.6831,60.6435,27.7382
1500,118.25,160.117,115.899,65.0705,36.3498,59.1037,27.617
1530,115.714,158.747,116.445,65.1851,37.8215,59.3313,27.9463
1560,114.121,163.024,113.481,64.0687,37.8421,59.3853,27.6955
1590,113.038,159.081,114.585,66.0641,36.6341,60.7793,28.395
1620,116.283,158.406,114.247,65.0192,37.212,59.6398,27.6172
1650,116.995,158.326,114.992,64.0427,36.7679,60.6179,28.3936
1680,114.612,160.653,114.981,64.7907,36.9437,61.2944,28.2516
1710,115.184,162.094,113.587,64.517,36.1778,61.0896,27.8067
1740,114.812,158.502,114.49,66.055,36.7173,61.4892,27.9968
1770,118.064,162.779,116.339,65.3006,36.1562,60.5429,27.3295
1800,115.139,162.703,116.726,65.3357,36.8455,60.8084,27.6314
1830,117.657,158.719,113.36,64.1134,37.9132,60.2249,28.1633
1860,113.162,163.037,113.668,64.3844,36.2889,61.0805,27.7521
1890,115.378,159.733,112.884,64.4352,36.587,61.8316,27.4808
1920,114.613,159.309,113.487,65.3359,36.4337,59.7539,27.8416
1950,125.399,176.087,125.79,64.6425,37.7015,61.8141,30.8503
1980,126.823,173.264,125.057,65.8741,36.3129,61.5144,30.321
2010,123.428,174.471,125.653,65.2433,37.5172,61.3817,30.0974
2040,122.428,175.814,123.897,64.2983,37.7986,60.568,30.0803
2070,122.8,175.565,125.117,65.3326,36.5172,60.3121,30.2117
2100,122.76,173.453,122.962,66.073,36.8526,61.0503,30.972
2130,125.068,174.405,123.782,65.4915,37.5138,62.0499,30.5046
2160,125.124,176.288,125.264,64.986,36.6553,61.8563,31.054
2190,123.445,174.101,123.219,64.2865,37.7553,61.2738,30.0745
2220,122.917,172.28,124.143,63.9827,36.5513,60.4055,30.2428
2250,125.762,178.027,123.505,63.8652,36.7564,60.5333,29.9733
2280,122.91,174.446,124.824,65.2444,36.2364,59.7337,30.3102
2310,124.272,172.289,124.035,65.074,36.7523,60.51,29.9748
2340,123.601,172.71,123.303,64.4328,36.3237,60.6457,30.7191
2370,124.223,177.149,126.541,63.4128,37.5963,59.704,30.2806
2400,123.15,175.381,124.029,64.1879,37.8049,61.6385,30.0025
2430,122.244,177.846,124.237,64.4313,37.899,61.2286,30.0306
2460,90.3986,126.673,90.1758,65.0226,36.4252,59.9424,21.8778
2490,90.2355,130.204,92.7486,65.2682,37.0193,61.2674,22.6879
2520,90.2949,131.037,90.1332,64.7259,36.7331,60.4248,22.7776
2550,90.0688,127.378,93.3988,64.1197,36.3674,60.1004,22.6377
2580,89.2786,131.813,93.0021,64.647,36.1228,61.8274,21.9604
2610,89.6509,126.74,90.5304,64.7589,37.4972,61.8987,22.0982
2640,90.0065,129.773,89.9602,64.981,36.8343,59.6503,21.9748
2670,92.6173,129.09,93.7745,63.3818,37.3512,61.8708,22.2331
2700,93.0574,127.178,90.261,66.07,36.2774,61.8875,22.3642
2730,89.2208,130.965,92.2563,64.2158,37.7301,61.5513,22.8011
2760,92.0748,130.39,90.362,65.9336,36.6362,59.8118,22.4404
2790,98.5259,136.052,98.2266,64.5949,37.4678,61.2914,23.9013
2820,97.0773,138.058,99.0578,64.0551,37.4965,59.3982,23.621
2850,99.4087,140.013,98.5283,63.2495,37.4082,60.4328,23.7042
2880,98.0062,135.499,96.44,64.0264,37.6964,60.3984,23.5574
2910,95.6619,137.677,98.5728,65.7867,37.5576,60.6912,23.7199
2940,97.6777,135.496,99.0639,66.0903,37.504,61.6245,23.6289
2970,97.6053,139.441,97.7464,64.4238,37.4643,60.3208,23.7844
3000,97.2327,138.857,98.5934,63.4737,37.7498,59.4447,23.7176
3030,98.9024,136.879,97.8354,65.9882,37.811,60.4151,24.2571
3060,98.6764,139.623,96.3923,64.0705,36.137,59.7432,23.6348
3090,99.0219,140.191,97.7951,64.2167,37.5188,59.8034,24.1573
3120,97.5546,137.49,96.2672,63.232,36.513,62.0993,23.4113
3150,95.4585,134.543,97.3172,65.8793,36.8517,59.5288,24.2928
3180,96.6223,137.098,98.4251,63.5057,36.6277,62.0688,23.747
3210,96.4716,135.125,98.2142,63.61,36.1974,60.1336,23.8435
3240,99.2407,137.083,96.4771,64.3067,37.8162,60.6056,23.7325
3270,95.6519,137.065,97.3699,64.1396,36.9084,61.9769,23.5801
3300,99.3686,134.46,96.0229,63.8762,36.8932,61.8081,23.672
3330,97.8444,139.61,98.3463,63.4229,37.8659,59.4681,23.0641
3360,93.222,138.645,98.2117,65.7498,36.3237,59.8691,22.6477
3390,83.5242,124.588,89.7688,63.9484,37.5998,59.2922,20.8024
3420,87.7373,135.718,95.7625,67.6512,37.5926,59.7793,20.3729
3450,94.744,148.765,103.143,74.1405,37.623,63.1431,20.7113
3480,95.7581,145.473,102.906,74.6322,37.6419,62.9365,21.3811
3510,95.274,144.155,104.013,74.6796,36.3742,65.0946,21.5626
3540,95.4759,145.788,101.573,73.7276,37.1857,64.5094,21.5473
3570,96.1317,145.31,104.953,74.8393,36.7408,63.1643,21.141
3600,94.2672,148.258,103.609,75.3529,36.639,66.8812,21.6477
3630,94.2404,144.847,102.613,74.7379,37.0884,67.6595,21.5356
3660,96.8372,146.947,102.086,73.3612,36.3451,64.9432,21.9739
3690,97.9953,147.275,102.777,73.8308,36.3005,65.3554,21.9375
3720,97.836,144.399,103.137,74.6796,36.3218,69.7496,22.5837
3750,98.6429,146.905,102.063,74.4001,37.9007,68.0531,22.3296
3780,100.07,144.048,104.364,73.3108,37.6773,70.7175,22.5268
3810,97.7862,148.555,102.149,74.9329,37.2592,69.6389,22.2233
3840,101.054,146.022,102.844,73.3033,37.5076,71.488,22.8992
