Time,FC,PAS,PAM,PAD,temp,SpO2,FR
-1,85,138,105,82,36.6625,98,12
0,93.5,151.8,115.5,82,36.1493,98,13.2
30,91.7698,153.07,112.91,82,35.636,98,13.2854
60,93.1061,153.115,114.104,82,35.1227,98,13.0218
90,91.1706,149.569,112.933,82,34.6094,98,13.3193
120,94.3154,155.449,113.741,82,34.0962,98,13.2903
150,94.3538,150.652,117.007,82,33.5829,98,13.1685
180,91.5864,153.041,113.309,82,33.0696,98,13.5158
210,94.7599,153.049,116.382,82,32.5563,98,13.005
240,92.3677,149.362,114.978,82,32.0431,98,13.0924
270,95.8005,152.185,114.453,82,31.5298,98,13.2701
300,95.0163,149.786,118.122,82,31.0165,98,13.1932
330,91.3474,153.359,113.503,82,30.5032,98,13.136
360,100.945,152.681,124.359,82,29.99,98,13.0321
390,104.943,154.841,126.407,82,29.4767,98,13.0678
420,103.759,149.576,128.868,82,30.0141,98,13.135
450,102.441,153.591,127.508,80.736,31.183,100.281,12.7467
480,95.4889,148.568,118.767,80.5847,31.9682,100.127,13.448
510,91.6015,150.612,115.066,80.802,32.138,100.134,13.6936
540,92.8643,156.256,116.316,82.9635,32.6977,96.713,12.967
570,91.6805,119.598,91.0063,63.9433,32.5099,96.3753,12.2086
600,89.385,117.295,95.8878,64.9672,32.7126,91.4325,11.8572
630,93.3624,121.816,91.2111,64.5451,33.7625,89.249,11.7452
660,90.0385,117.996,94.2543,65.7712,34.2873,86.4714,12.1899
690,91.9557,117.272,92.6006,63.995,34.5233,86.2736,11.8557
720,121.345,62.9739,90.116,40.858,35.9037,82.7652,10.7746
750,122.202,64.7599,90.5996,39.8077,36.5454,97.1486,10.2404
780,124.305,56.5549,87.9603,38.7586,35.8921,95.4795,10.3497
810,122.35,62.4995,93.695,38.3093,36.2033,96.925,10.0783
840,120.372,93.1614,88.6919,40.7534,37.8449,91.5694,9.51391
870,119.558,94.3083,91.3509,37.9284,37.3999,90.1955,9.53681
900,119.299,91.1391,89.4869,39.4133,37.1962,89.6625,9.37652
930,120.917,94.0536,88.9921,39.9496,38.6412,85.0994,9.27033
960,120.212,94.9077,117.138,55.7565,35.9101,86.786,9.71428
990,120.623,92.7563,115.809,54.8044,36.9468,79.9555,9.82131
1020,118.842,90.7737,114.807,55.1833,38.3266,81.1631,9.79578
1050,119.632,92.4572,115.087,57.3133,36.9319,78.2559,10.0334
1080,119.414,96.5849,111.131,56.4248,36.3439,74.2087,9.75908
1110,123.346,89.8279,117.041,56.7176,38.9302,72.6082,9.44383
1140,118.567,92.6914,117.563,56.4608,37.0747,71.0954,9.70217
1170,120.684,89.978,118.142,56.671,37.3976,72.2375,9.74749
1200,122.316,90.6567,115.496,57.0331,37.8828,68.4835,9.95784
1230,83.1013,131.521,116.639,74.2097,37.4699,64.4792,9.82421
1260,81.1507,107.427,101.605,68.4025,37.1583,65.9845,9.89618
1290,72.3311,106.515,70.1075,62.114,36.6689,63.6682,10.1689
1320,73.8621,108.263,68.3266,62.681,36.636,84.5803,10.0222
1350,74.9335,109.537,69.7148,60.7585,37.1272,82.0712,9.71433
1380,73.229,109.755,66.7541,61.6082,38.2842,82.2174,9.90528
1410,72.0229,105.713,67.2301,62.5142,37.7378,80.2215,9.90457
1440,73.2715,110.976,68.2681,61.9837,36.4932,83.3916,10.0636
1470,72.3465,111.601,69.4699,61.812,37.242,84.7499,9.85124
1500,73.4447,112.151,69.7506,63.7438,36.8076,85.9541,9.55264
1530,78.8507,110.155,94.9002,60.678,38.4939,87.2448,9.62867
1560,77.9468,109.747,95.8734,62.1422,37.9479,85.2043,9.21313
1590,79.389,111.227,94.9934,62.3768,36.8376,86.7371,9.34842
1620,71.4083,92.4467,82.5423,55.8852,38.3693,87.0007,9.24971
1650,78.3441,101.388,91.0487,52.3686,37.9541,86.5354,10.3572
1680,78.667,102.104,90.1907,52.4771,36.597,88.2939,9.93498
1710,77.3537,102.999,91.8216,51.6487,36.7436,88.2114,9.96954
1740,78.4924,99.0408,89.5951,51.8182,36.7791,87.7141,10.2592
1770,94.9244,124.326,112.664,53.1787,37.798,86.6549,12.458
1800,81.9914,107.621,100.489,52.2859,38.231,86.8175,12.2096
1830,83.4459,110.073,97.5121,51.761,38.8502,86.298,12.4366
1860,82.3293,106.236,99.4276,52.2795,37.456,89.5096,12.2777
1890,82.2429,109.313,100.112,51.5961,35.8669,88,12.3196
1920,84.0009,107.026,99.2005,53.1438,37.1924,88.3111,12.5248
1950,84.6939,109.511,100.003,53.9535,36.7562,90.8738,12.7452
1980,82.8733,109.891,97.9071,52.0215,35.9029,91.5676,12.3582
2010,81.6926,105.411,98.542,51.6269,35.9993,91.3097,12.1981
2040,83.3437,110.12,99.474,52.9235,37.5068,90.0242,12.6524
2070,96.5405,128.119,115.378,54.0806,38.6541,93.6413,13.293
2100,98.9404,123.384,114.825,54.3262,37.5971,90.7938,13.3418
2130,96.5568,127.011,114.647,52.8013,38.1696,92.104,13.2773
2160,98.7989,123.668,115.944,53.4779,37.7403,91.9408,13.5222
2190,98.6531,123.513,114.903,53.3402,36.0695,94.08,13.7075
2220,97.7694,125.441,116.615,53.8844,36.2971,90.3337,13.4839
2250,99.1019,126.766,112.868,53.2348,37.2611,93.7869,13.3452
2280,98.728,126.665,112.766,52.0543,37.172,94.0114,13.3309
2310,98.4521,125.465,116.912,53.7813,38.3717,93.2231,13.3576
2340,97.3041,126.906,113.414,53.7339,37.4407,91.2866,13.6145
2370,96.1701,125.438,114.43,53.0459,35.7738,94.0624,13.6616
2400,99.2854,128.817,113.163,52.797,36.1938,93.5603,13.3008
2430,97.8062,127.759,112.852,52.3804,37.9494,93.1418,13.2181
2460,97.8036,128.573,116.615,52.5143,36.1797,90.4985,13.3742
2490,98.5873,126.666,116.831,53.86,38.4125,92.9616,13.6884
2520,99.0628,127.986,114.379,52.6135,37.1351,93.027,13.412
2550,102.528,134.771,122.161,53.8319,37.1859,94.2126,13.5446
2580,104.093,135.309,121.075,53.9767,36.7374,90.7462,14.0068
2610,103.834,131.215,121.904,52.4991,36.0539,91.0908,13.466
2640,103.451,134.49,120.628,52.0346,35.2788,93.0628,13.4926
2670,102.31,133.256,122.493,53.2785,36.7066,93.5501,13.8435
2700,104.867,132.325,120.852,54.2087,36.7134,93.8427,13.8455
2730,102.421,133.88,118.844,51.7715,35.8526,90.5764,13.7344
2760,102.882,134.247,121.825,51.8447,37.4003,90.7876,14.0052
2790,102.44,130.84,121.096,51.9343,35.6323,93.7265,13.9229
2820,105.148,132.231,121.759,51.577,36.2798,93.0707,13.5907
2850,103.266,134.87,120.4,52.8864,36.3925,94.0364,13.6908
2880,103.601,134.163,121.224,52.5802,36.646,90.709,13.5728
2910,102.464,135.383,120.453,51.9781,35.7248,93.9639,13.5062
2940,104.579,134.275,119.451,54.5548,36.8438,90.0471,13.7986
2970,104.713,133.848,118.84,54.8695,36.7728,91.2423,13.8412
3000,104.37,136.561,123.046,54.3229,36.5043,94.4076,14.0252
3030,102.403,133.163,119.014,52.8018,37.4866,91.5127,13.7107
3060,105.548,136.485,121.932,54.5369,36.032,91.5018,13.7469
3090,106.729,135.619,121.613,52.2384,36.0314,93.1834,14.2265
3120,106.064,137.289,124.4,52.7703,37.3996,90.4178,14.213
3150,105.846,134.23,122.195,54.4455,35.7797,90.2467,14.0885
3180,106.988,135.401,123.534,54.034,37.4712,93.7826,14.0657
3210,108.344,132.97,124.659,54.0805,36.2834,92.7342,14.2547
3240,108.719,135.486,122.348,52.06,35.4788,94.376,13.8474
3270,111.121,134.294,121.621,54.2781,36.4355,91.6332,13.7226
3300,111.954,139.059,124.573,52.9988,37.2147,89.475,13.8364
3330,112.796,137.923,125.481,52.1994,36.1168,89.8204,13.995
3360,110.524,135.064,123.89,52.2952,36.9391,89.8475,13.6654
3390,113.043,136.241,122.118,53.9098,37.0103,89.5757,13.3702
3420,112.188,135.951,124.694,53.4364,36.0396,89.9928,13.2804
3450,111.902,137.525,125.009,54.6668,36.7449,88.4142,12.7813
3480,109.891,133.001,123.515,51.953,37.2429,89.0122,12.5253
3510,109.635,137.318,121.461,52.5572,36.4318,90.0115,12.566
3540,107.942,135.675,123.191,52.9106,35.1867,87.346,12.4742
3570,109.351,138.827,124.239,52.6669,36.1438,90.3318,12.0648
3600,105.54,133.899,121.973,54.0394,35.7776,87.8975,12.3186
3630,105.465,133.903,124.727,53.9867,36.9042,90.7335,12.0785
3660,106.322,133.324,123.476,52.0734,35.9548,92.3102,12.0871
3690,104.149,136.511,123.25,52.9789,35.7596,90.5873,12.41
3720,103.22,137.115,123.127,52.8677,35.9405,92.8265,12.6339
3750,104.722,137.24,122.685,53.7238,36.3422,92.4386,13.1009
3780,102.409,134.65,121.498,52.6551,37.6995,91.1611,13.002
3810,104.138,138.731,124.414,52.2831,36.627,93.5749,13.2055
3840,105.37,134.973,123.74,52.3576,36.7905,93.519,13.6462
3870,102.848,133.96,121.708,52.5788,36.186,90.7237,13.6733
3900,102.871,134.741,122.856,54.9874,36.3269,91.5681,14.0475
3930,104.928,133.326,125.122,54.1746,36.2976,94.9664,13.6862
3960,102.696,136.368,122.544,54.8045,36.4659,92.5807,13.6833
3990,103.382,136.465,122.826,53.0497,36.2481,93.0601,13.9454
4020,105.37,138.4,123.626,52.0767,37.2767,94.9269,13.8593
4050,106.822,139.45,123.719,52.4532,35.4716,92.7402,13.9976
4080,84.485,111.131,100.423,53.8972,37.4748,95.1836,13.6926
4110,83.8445,107.987,100.2,54.6913,37.3911,93.8445,14.0133
4140,84.8842,113.455,101.245,53.2665,36.8859,97.8859,14.1571
4170,82.8033,107.259,98.3866,53.836,35.2787,96.3912,14.1434
4200,85.5616,111.273,100.262,54.1361,35.825,99.3013,13.692
4230,83.3816,108.312,102.442,51.9465,35.2741,98.6046,14.1898
4260,83.5061,108.92,99.7425,52.5928,36.1353,95.8075,14.2209
4290,82.9249,107.625,100.753,52.8878,36.4973,96.1473,13.901
4320,83.5043,110.734,98.7913,54.8351,37.4092,100.371,13.7334
4350,82.3828,112.871,98.9916,52.2522,36.3325,95.5558,14.0609
4380,78.0805,104.345,97.397,54.3853,37.1086,99.0966,11.3696
4410,78.0163,103.946,93.6581,53.2372,36.5607,99.6545,11.1542
4440,80.4839,108.193,94.7269,53.4643,36.3726,98.6077,11.4451
4470,78.5024,107.149,97.789,53.2542,37.223,96.0233,11.2907
4500,79.0241,108.596,95.1235,54.511,36.3534,98.292,11.5274
4530,79.1841,106.142,95.3069,52.9491,36.3369,99.0841,11.2613
4560,78.5754,102.335,93.6442,55.008,36.1517,99.686,11.208
4590,79.4402,107.469,97.4025,54.9819,37.741,98.3593,11.0201
4620,81.3565,108.318,97.7295,54.8861,35.4786,100.184,11.1936
4650,78.399,104.56,96.8779,54.8212,36.4522,97.8667,11.4231
4680,79.6606,105.582,96.9582,54.3442,35.9257,96.689,11.3202
4710,79.4843,103.112,96.1594,52.6685,34.9947,97.5348,11.0179
4740,78.4108,104.652,93.7862,52.4465,36.1095,98.6392,10.9655
4770,79.2313,104.84,97.7494,55.0361,36.8882,99.5461,11.1828
4800,81.2599,106.106,94.2673,52.3317,35.6301,99.518,11.3549
4830,79.8487,104.931,97.69,54.0467,36.2013,99.6373,11.389
4860,80.4799,108.033,97.6391,53.8998,37.1786,98.9742,11.1251
4890,81.3043,106.509,94.7861,54.6653,34.8334,96.9732,10.9913
4920,80.4062,105.336,94.5322,54.9172,36.1857,98.7945,11.2218
4950,79.5513,106.196,94.1491,52.0645,38.0458,99.6802,11.3771
4980,72.5007,95.2932,84.7157,54.4909,35.2078,96.2234,9.47223
