Time,FC,PAS,PAM,PAD,temp,SpO2,FR
-1,121,167,130,93,37.407,100,33
0,133.1,183.7,143,93,36.8833,100,36.3
30,131.653,184.499,141.087,93,36.3596,100,36.854
60,131.231,181.267,146.399,93,35.8359,100,36.0864
90,132.263,183.543,140.606,93,35.3122,100,35.74
120,134.193,182.885,142.045,93,34.7885,100,36.851
150,130.864,181.998,142.03,93,34.2648,100,35.427
180,131.704,182.836,143.751,93,33.7411,100,35.584
210,131.955,186.531,141.853,93,33.2174,100,35.9
240,134.335,186.032,144.87,93,32.6937,100,37.1361
270,130.054,187.593,142.091,93,32.17,100,36.2481
300,131.185,183.213,145.038,93,31.6463,100,37.0414
330,133.722,187.788,141.68,93,31.1226,100,37.0341
360,145.168,186.406,158.696,93,30.5989,100,35.5656
390,149.276,186.313,159.658,93,30.0752,100,35.5921
420,134.068,185.321,139.674,93,30.39,100,35.9692
450,134.372,183.683,146.282,93.93,31.0087,101,36.2527
480,136.909,184.824,142.146,93.7675,31.1189,100.998,36.9573
510,136.66,184.682,147.736,94.5367,31.0547,100.561,37.0737
540,131.4,185.855,144.494,91.8798,31.5196,95.7943,35.3237
570,134.572,145.684,118.217,77.4776,31.9879,94.4073,34.2916
600,129.387,144.332,116.863,76.9746,32.3737,90.3671,33.7318
630,127.495,150.174,112.947,75.4736,33.2046,91.4102,32.8319
660,125.204,150.404,112.506,75.3377,33.6744,86.4235,32.288
690,128.407,145.64,116.208,72.8395,33.6028,86.7498,31.3572
720,113.085,121.282,103.534,69.4153,33.1144,82.1155,31.2663
750,99.6963,128.898,61.3237,61.7319,34.3311,81.361,29.4206
780,105.137,122.93,61.0108,63.9608,34.5092,96.9891,28.9317
810,97.7357,129.151,57.8495,65.4926,35.2752,91.8567,27.9089
840,101.399,123.011,87.8498,64.0035,35.4611,92.1131,28.2349
870,101.333,121.302,92.7479,63.8608,36.0348,85.1652,27.3907
900,98.4246,157.7,86.0257,84.0186,36.3813,83.6682,28.2119
930,95.8969,157.893,92.7323,80.1526,35.9423,80.2202,28.0053
960,100.902,161.258,86.4899,81.7306,36.1037,81.3218,28.2064
990,102.112,164.267,115.415,79.9905,36.8184,83.204,27.0208
1020,107.653,159.927,118.383,83.9783,37.2123,77.7078,28.2623
1050,106.732,158.477,121.705,84.4493,37.2996,78.0516,26.8761
1080,97.5593,132.281,112.141,76.27,37.4643,75.8276,28.5854
1110,105.641,151.757,117.172,69.8874,38.1418,73.3084,30.7899
1140,103.831,150.556,115.722,67.7885,37.0465,66.8734,31.5204
1170,106.928,146.986,116.34,69.2979,37.9003,67.2119,30.4736
1200,102.293,148.111,113.932,70.6999,37.6436,62.6931,30.302
1230,130.242,177.604,136.008,69.6226,36.9539,59.7176,36.2701
1260,109.275,135.422,107.756,68.8241,38.3549,58.2096,36.9623
1290,110.444,139.045,106.241,71.7833,38.3516,55.1922,36.8778
1320,113.607,143.084,108.887,70.7618,37.5123,55.4264,37.025
1350,94.9581,135.889,105.022,67.8666,38.01,54.6574,28.8831
1380,94.3051,133.432,104.404,67.8706,37.3164,56.184,28.5758
1410,123.356,176.815,136.772,70.5466,37.0263,56.2335,36.6703
1440,134.002,192.952,143.775,67.3783,37.5705,58.9766,40.1005
1470,137.282,195.348,147.895,68.6384,37.9171,54.8764,40.8401
1500,140.471,195.427,146.512,70.398,37.4334,58.5478,41.5222
1530,110.757,157.388,119.76,69.3445,36.4383,55.6838,32.6012
1560,112.91,161.276,123.621,70.1628,36.9527,59.2966,33.5051
1590,116.884,163.478,120.839,67.5532,36.5719,58.3121,32.9832
1620,116.859,163.158,123.395,69.7485,36.5107,59.2168,32.7
1650,98.557,139.293,100.942,70.2029,38.1378,56.3918,27.4338
1680,99.1398,135.466,100.234,68.6833,36.7617,55.2804,28.4488
1710,96.0863,130.525,102.691,69.3221,38.0529,55.0472,27.6865
1740,92.7615,137.49,104.743,71.6856,37.5064,58.3475,27.6369
1770,97.3948,135.825,103.451,68.8987,36.9469,58.5314,28.5476
1800,104.268,144.047,109.644,68.6651,37.504,56.4793,30.8356
1830,87.2742,118.597,91.0683,69.2242,37.1775,55.5991,31.299
1860,84.1483,116.533,89.9075,69.4366,36.2865,56.2376,30.4824
1890,85.7445,114.493,93.5835,69.0708,37.3865,57.9443,31.0759
1920,87.8226,117.996,92.3848,68.6049,37.0744,58.9736,30.8053
1950,82.0626,116.101,88.7011,67.2866,37.3501,58.7369,30.5117
1980,81.9769,123.371,89.36,69.7459,36.5193,58.3776,29.7322
2010,82.5327,114.549,90.2019,71.2387,36.2046,56.5723,30.1681
2040,85.5067,123.706,87.1595,70.0561,36.8473,58.5757,31.3433
2070,86.817,119.986,90.6726,71.6565,37.57,58.4536,31.4524
2100,83.8137,119.321,89.956,69.5138,37.0157,58.4123,29.762
2130,103.739,144.088,106.634,71.1398,36.9575,57.1883,31.2112
2160,102.475,147.814,113.011,67.6386,37.6442,59.5755,31.2125
2190,100.684,146.61,110.54,67.3049,36.6574,55.2818,31.7024
2220,99.817,147.767,112.866,69.3075,36.7409,56.4342,31.6482
2250,104.951,140.486,113.131,69.4223,36.9875,54.7971,30.5087
2280,105.741,144.524,106.351,69.0932,36.6622,59.548,30.8401
2310,100.407,148.412,107.643,68.8375,37.1793,58.704,30.6121
2340,105.545,148.231,108.66,71.8005,37.3585,56.0577,30.7198
2370,99.8495,145.462,108.868,71.411,37.2045,56.3962,30.6136
2400,100.289,143.056,111.07,67.5767,37.5133,58.1582,30.8161
2430,100.329,145.786,113.143,68.5912,36.9616,55.5277,31.1096
2460,100.302,148.687,106.358,67.4498,37.4856,56.4378,30.0013
2490,102.975,145.469,109.512,70.0406,36.2885,58.8451,30.8527
2520,104.888,141.218,112.406,71.6722,36.805,57.4532,30.0008
2550,101.252,141.904,109.884,69.1773,37.4665,57.1324,31.241
2580,101.753,145.774,108.8,69.6359,36.9452,56.5382,30.927
2610,101.863,146.36,110.317,71.6959,36.4111,54.8425,30.863
2640,102.385,147.678,113.374,68.8267,37.664,59.1031,30.3344
2670,102.204,143.655,108.014,70.9948,36.9905,58.4998,30.1581
2700,102.484,141.942,112.145,71.5107,37.4035,55.6413,31.1765
2730,95.898,135.214,105.224,71.5106,36.2406,56.6243,29.7801
2760,107.684,155.739,109.358,77.7842,36.2266,55.5327,29.6754
2790,105.785,152.272,119.775,81.649,36.5784,57.9527,30.5874
2820,104.932,155.82,119.752,80.9404,36.8917,55.8542,31.2044
2850,107.915,156.156,120.344,82.6482,37.4898,56.1755,32.5564
2880,105.948,158.755,118.382,81.7329,35.8603,56.5295,33.2574
2910,106.74,157.571,121.978,80.8096,36.751,55.2824,34.8365
2940,111.337,159.926,118.853,83.2513,35.9998,58.069,34.4355
2970,109.785,161.384,120.973,79.4007,36.2823,54.9708,36.161
3000,107.44,156.419,120.125,80.3072,37.5891,57.9987,36.9419
3030,114.155,162.869,119.955,80.037,36.7116,55.4113,37.2646
3060,108.585,155.763,121.533,83.2595,37.5828,59.2596,37.6854
3090,109.258,158.719,118.682,82.4875,36.5729,57.214,36.9995
3120,113.587,161.19,122.719,82.9114,36.0441,52.9349,34.9904
3150,109.911,161.536,117.782,79.38,37.3513,52.796,34.622
3180,111.718,159.148,124.477,80.5041,37.2809,52.0728,33.7795
3210,115.029,158.263,118.512,82.9434,35.8041,49.1942,33.7135
3240,113.065,154.466,121.231,79.5725,37.3483,47.384,33.6328
3270,111.463,159.101,119.83,79.5399,35.6762,45.6291,31.7463
