Time,FC,PAS,PAM,PAD,temp,SpO2,FR
-1,101,176,123,97,37.3325,94,18
0,111.1,193.6,135.3,97,36.8098,94,19.8
30,109.318,196.64,134.572,97,36.2872,94,19.8245
60,112.641,195.31,133.901,97,35.7645,94,20.2905
90,113.022,190.632,133.493,97,35.2418,94,20.267
120,110.211,191.752,135.088,97,34.7192,94,19.8919
150,113.061,192.049,136.702,97,34.1965,94,20.0203
180,109.239,191.447,135.554,97,33.6739,94,19.7024
210,108.779,190.96,132.452,97,33.1512,94,19.6875
240,110.383,195.272,135.833,97,32.6286,94,20.0511
270,111.52,194.286,132.348,97,32.1059,94,19.8256
300,111.861,195.021,137.767,97,31.5833,94,20.2584
330,108.705,194.272,133.552,97,31.0606,94,19.9875
360,119.236,190.775,151.467,97,30.5379,94,20.0401
390,121.81,197.971,148.089,97,30.0153,94,19.9456
420,112.786,190.039,146.754,97,30.5974,94,19.3174
450,111.772,193.131,143.93,95.7806,30.6722,94.6388,20.0781
480,111.137,200.736,134.739,97.2142,32.3401,93.494,19.5441
510,109.001,195.151,130.949,95.3117,32.0919,98.6188,19.5022
540,112.737,194.728,138.94,96.8327,32.8377,97.6121,19.2349
570,106.531,153.277,107.7,76.4848,33.5806,98.0437,18.7135
600,106.768,155.998,111.41,75.4509,33.9026,93.8229,18.1604
630,109.627,148.684,105.387,77.6361,33.9634,90.0013,18.6507
660,107.116,152.614,105.463,77.2625,34.1246,89.8334,18.2393
690,106.786,149.701,105.795,79.2559,35.0235,85.362,16.6588
720,100.503,130.296,101.925,73.001,37.1237,85.5404,16.4119
750,87.0744,133.323,59.588,65.2864,36.6647,78.7801,15.817
780,85.1378,134.317,59.817,65.8808,36.5219,91.5015,15.851
810,84.0227,129.965,61.8478,64.0845,37.143,87.7121,15.3233
840,85.1654,170.914,61.0436,64.0917,38.0558,86.3976,15.2856
870,81.3072,165.975,57.6188,64.1843,36.1014,81.8977,14.696
900,83.5762,171.533,61.8634,67.1108,36.4924,82.1736,14.3802
930,80.966,165.142,60.9759,64.8308,36.8216,81.1504,14.7858
960,81.2788,172.902,88.2583,85.3151,37.3997,78.2728,14.5136
990,88.4613,173.254,113.824,82.3049,37.1614,77.1358,13.9984
1020,88.9222,171.702,114.365,85.3038,38.0709,75.4644,14.2524
1050,88.2353,166.945,115.671,84.6946,38.1761,71.1695,14.6989
1080,82.926,147.422,105.056,75.8735,37.7152,69.6403,14.3662
1110,87.9591,155.529,111.404,69.9632,37.8035,66.8522,15.3894
1140,89.5508,155.715,112.857,71.8328,37.6211,67.7472,15.6853
1170,88.9286,155.131,113.818,71.5249,37.0413,62.4491,16.1755
1200,90.7473,155.551,113.567,73.0859,37.1124,60.0919,16.1532
1230,109.042,192.568,132.87,73.5876,37.2968,56.2457,19.2593
1260,94.6499,156.69,126.677,71.4208,37.2603,57.7887,19.4703
1290,92.7933,156.625,121.982,73.3679,37.8501,55.2198,19.6845
1320,95.2348,155.922,125.202,71.172,39.024,52.7767,19.4059
1350,95.6498,152.223,124.208,72.0529,37.288,56.1582,19.0076
1380,93.5089,157.274,124.687,71.3803,37.5042,51.7653,19.7297
1410,93.0939,150.828,125.822,69.9454,37.379,58.7257,19.1411
1440,93.4191,154.808,125.153,70.5505,38.1432,58.0435,19.3014
1470,93.0516,152.029,121.662,72.5903,38.5715,58.3211,18.9686
1500,95.7668,153.112,124.408,72.1192,37.817,56.7305,18.9053
1530,111.404,186.487,137.84,70.1968,36.9318,56.515,20.106
1560,111.348,185.001,139.186,70.4268,37.402,57.6408,20.1868
1590,110.344,189.896,142.231,70.1202,37.8445,55.6897,20.4947
1620,109.232,190.517,137.897,73.4613,36.9267,59.08,20.8997
1650,112.188,184.724,137.838,72.3903,36.4247,58.481,20.7027
1680,111.183,185.589,142.516,72.0722,36.8844,58.6074,20.6487
1710,109.797,190.249,141.814,73.4342,36.144,56.9237,20.5365
1740,111.928,189.027,139.834,69.7778,36.2417,55.0461,20.0204
1770,110.462,185.579,141.006,71.7254,37.3108,56.1758,20.2725
1800,111.179,186.246,142.078,73.3459,37.9471,57.6707,20.0865
1830,110.245,187.781,142.71,73.0189,36.7971,56.7468,20.2427
1860,112.676,191.505,139.01,70.058,36.2503,55.6993,20.6442
1890,110.697,191.448,138.274,70.1678,36.5465,57.0931,20.8753
1920,111.438,187.177,141.667,71.6165,35.8202,57.7336,20.3629
1950,111.883,189.229,138.262,70.5083,36.1536,57.3142,20.9299
1980,110.435,191.255,137.839,72.3882,35.9076,56.603,20.628
2010,115.083,204.18,147.126,71.3532,37.4033,56.6415,21.3215
2040,117.031,201.039,143.44,72.1119,37.4146,59.6709,20.995
2070,115.883,201.184,145.674,70.8497,36.5195,56.3682,20.8544
2100,118.147,203.125,147.223,69.6705,36.6343,58.347,21.4588
2130,117.541,204.116,143.91,72.6178,37.5929,56.7939,21.0788
2160,117.664,204.202,142.647,70.7566,35.5119,57.9044,21.2633
2190,115.328,201.179,147.671,73.5309,35.8076,55.4301,20.7997
2220,117.154,207.502,143.476,70.8577,36.8101,55.5676,21.5056
2250,116.246,202.784,145.779,70.386,38.5145,57.9236,21.3832
2280,116.658,204.97,142.715,72.9348,37.2914,56.8456,21.4687
2310,117.926,202.336,146.714,69.7057,37.4702,55.7713,20.8539
2340,117.8,202.488,145.29,73.4971,36.4294,58.6835,21.2799
2370,118.617,202.683,147.184,73.6829,36.318,58.2674,21.4856
2400,114.969,205.666,146.062,72.6544,35.5822,57.5775,20.872
2430,115.997,202.17,143.942,73.3311,35.8936,55.2097,21.5851
2460,117.66,204.23,147.352,73.7062,36.3282,57.7712,20.8477
2490,114.617,203.207,143.278,70.9058,37.9522,55.7556,21.6136
2520,118.464,211.108,148.631,73.438,36.7863,55.4174,21.2526
2550,118.495,207.354,145.072,72.5202,36.4061,58.0194,21.5857
2580,118.947,208.669,147.492,73.0998,35.1966,59.7162,21.2343
2610,118.333,205.511,147.446,71.1607,37.7072,56.6803,21.5512
2640,118.12,205.013,146.952,70.7062,36.2475,57.1588,21.9087
2670,119.685,208.802,147.883,72.1418,36.3051,55.6177,21.3706
2700,119.159,209.755,145.47,73.2496,36.3143,55.0509,21.3086
2730,117.29,208.706,148.201,70.3242,36.8783,58.2509,21.68
2760,116.478,205.217,149.798,71.0648,36.5199,56.0748,21.4962
2790,119.895,211.13,144.996,71.7945,35.1093,58.9422,21.776
2820,119.598,212.48,148.027,71.8512,36.0539,58.6909,21.4148
2850,116.778,207.846,147.766,70.7387,35.9059,59.3541,21.5086
2880,117.692,211.381,149.249,73.4559,35.2188,56.5992,21.2179
2910,119.929,207.719,148.289,73.2462,36.6875,57.7838,21.5294
2940,119.28,206.018,149.998,71.7966,37.5744,59.1678,22.0594
2970,119.069,208.021,145.969,71.7811,36.2311,59.6251,22.1496
3000,123.47,211.181,149.849,70.3523,36.753,56.3358,21.8998
3030,123.127,212.495,148.051,70.5937,35.7712,57.9112,22.0766
3060,122.92,209.645,147.181,70.3446,35.7824,55.2649,21.688
3090,125.366,207.481,150.538,71.3914,37.2874,56.6007,21.6591
3120,126.564,207.302,148.553,72.4602,37.2899,56.2427,21.7929
3150,127.884,212.269,147.348,70.9794,38.354,55.2585,22.3556
3180,126.633,209.258,148.03,73.8096,37.0255,54.9453,22.3785
3210,127.573,207.751,149.804,71.2839,35.2909,55.3968,22.8208
3240,125.555,207.861,148.518,73.9431,36.3756,58.0491,22.7697
3270,126.427,208.829,146.672,72.7972,35.6601,58.7174,22.6361
3300,125.603,209.033,149.675,71.8755,38.0868,59.1621,22.4344
3330,122.737,210.487,151.062,72.0338,36.9038,58.1136,22.6571
3360,124.168,213.064,150.511,74.4418,37.2787,61.8657,21.879
3390,120.412,206.454,150.393,72.3527,36.402,60.2951,22.489
3420,119.041,206.334,147.589,74.5503,34.7201,63.0566,21.7635
3450,120.172,211.291,149.422,71.4716,36.7491,62.2064,21.554
3480,119.935,207.104,146.03,72.3049,37.9572,65.3581,21.1681
3510,121.579,212.042,150.392,71.3737,36.7055,64.0173,20.7631
3540,93.294,169.511,118.833,70.3133,35.6567,65.3685,20.6654
3570,96.0383,172.695,119.918,74.2667,37.6319,70.0061,21.1235
3600,97.1876,165.465,118.107,74.3317,37.9492,66.6911,21.3259
3630,95.2081,171,118.115,73.5324,36.4583,68.0269,21.0592
3660,97.1408,169.203,120.758,72.7927,37.1884,72.6118,20.6255
3690,96.7978,168.577,117.672,73.642,35.1478,72.1576,20.6242
3720,94.0067,171.472,117.746,70.914,36.1537,71.2995,20.5882
3750,97.0828,168.107,122.067,72.9416,35.9998,73.2587,21.1237
3780,95.5198,165.27,118.723,70.6444,36.5785,74.4467,21.2218
3810,95.7192,169.099,120.367,73.9975,35.8732,74.4025,21.1782
3840,92.5103,160.627,117.951,73.0086,35.4916,79.0274,16.5953
3870,90.5654,164.909,112.917,71.2762,36.6352,80.9384,16.5578
3900,90.2791,161.32,115.34,71.792,36.9112,78.3012,16.3123
3930,89.952,165.609,112.596,74.2673,34.6149,81.8765,17.0841
3960,90.1231,164.371,115.858,73.8751,36.6499,82.0525,16.4153
3990,89.4873,161.317,115.304,70.3179,36.6007,85.1522,16.256
4020,92.0622,166.186,115.024,71.7613,36.9984,85.486,16.2216
4050,90.8016,162.659,117.945,72.5485,36.7884,85.4544,17.0591
4080,90.3802,159.199,116.804,71.1057,35.3866,85.2912,16.8228
4110,90.2403,166.372,116.476,70.5272,35.4377,83.8555,16.4183
4140,88.9431,163.471,115.933,73.7051,35.0533,87.1485,16.9002
4170,91.1497,165.251,114.203,71.0128,36.7934,83.6524,17.0479
4200,92.2139,165.782,113.245,71.7656,37.1458,83.28,16.4445
4230,90.8358,164.648,114.53,74.3798,36.9359,84.088,17.045
4260,89.1462,165.234,116.507,71.7545,37.0964,83.659,16.6547
4290,90.1941,161.904,116.37,74.0347,36.2192,86.8924,16.2207
4320,91.4453,166.063,114.784,72.7515,36.0908,87.2346,17.1255
4350,89.4203,160.292,117.829,70.3507,36.0043,87.6494,16.9524
4380,92.6093,163.967,113.506,74.0015,35.2997,84.8696,16.7128
4410,91.5102,158.955,114.983,74.0323,36.3738,87.5008,16.6653
4440,79.269,143.208,100.511,72.8862,37.5362,86.0316,14.4735
4470,83.9381,167.676,113.161,80.0065,37.3496,86.4403,14.2366
4500,90.0182,170.202,118.778,85.3775,36.3089,84.6044,14.3912
4530,91.6198,169.236,119.72,85.5381,37.3125,84.5394,13.6978
4560,91.5482,166.287,119.762,85.0165,35.6017,85.8766,14.0822
4590,91.3214,167.367,117.952,84.5999,35.2809,80.1681,14.5085
4620,91.5782,169.33,119.72,82.3978,35.6021,83.3373,14.162
4650,90.8473,167.935,117.898,85.226,35.9897,82.9192,13.7195
4680,88.0243,167.275,120.194,83.7974,36.5699,83.3029,14.2553
4710,91.3548,165.233,117.26,83.3239,35.9014,80.1497,13.8529
4740,88.7786,170.706,117.67,85.9626,36.5138,81.2775,14.2471
4770,91.0714,169.932,118.001,86.4819,35.6582,79.6083,14.1197
4800,90.6386,170.479,120.994,84.3486,36.3625,79.9884,13.725
4830,88.1077,166.749,118.091,83.8472,37.2718,82.1984,13.7609
4860,90.0413,171.184,116.09,84.1768,35.6931,79.7594,14.5557
4890,89.1554,167.462,121.388,85.6911,35.934,80.7677,14.0022
4920,87.838,165.398,121.003,83.2045,34.7912,80.851,13.7605
4950,90.0992,169.483,118.958,84.2354,35.5356,82.1573,14.5088
4980,88.4527,169.803,118.604,83.7898,35.2998,80.8964,13.8822
