Time,FC,PAS,PAM,PAD,temp,SpO2,FR
-1,95,193,138,107,36.6576,96,19
0,104.5,212.3,151.8,107,36.1444,96,20.9
30,106.801,212.606,155.434,107,35.6311,96,20.9678
60,105.108,213.966,150.716,107,35.1179,96,20.6759
90,104.341,215.465,149.971,107,34.6047,96,21.1803
120,103.509,207.131,153.06,107,34.0915,96,20.5074
150,102.001,207.746,151.856,107,33.5783,96,20.5157
180,106.173,216.129,153.015,107,33.0651,96,21.2065
210,103.799,209.233,151.43,107,32.5519,96,20.6241
240,101.932,213.049,148.272,107,32.0387,96,21.0518
270,102.075,213.571,152.994,107,31.5255,96,21.3014
300,106.193,214.328,155.247,107,31.0123,96,21.2913
330,104.31,216.716,153.593,107,30.4991,96,20.7233
360,117.11,207.881,167.47,107,29.9859,96,21.0484
390,115.476,215.614,164.985,107,29.4727,96,20.924
420,113.806,208.209,164.455,107,29.8909,96,21.227
450,116.635,213.78,167.197,107,30.309,96,21.0055
480,105.319,211.615,151.937,107,30.7272,100,20.9618
510,102.243,214.676,151.626,107,31.1454,96.5659,20.8417
540,126.342,166.933,128.193,99.51,31.5636,97.6515,0
570,125.286,157.481,129.655,99.51,31.9818,92.58,0
600,128.044,160.661,131.932,100.007,32.4,89.163,20.8966
630,123.613,167.109,128.989,100.534,32.8181,89.0907,20.902
660,112.85,155.116,109.599,91.7702,33.2363,87.4172,19.4777
690,107.631,142.473,76.2713,86.4239,33.6545,86.0168,19.3678
720,107.136,142.771,73.3231,86.1842,34.0727,92.48,19.2745
750,105.931,142.66,73.3859,82.4546,34.4909,92.3192,18.2156
780,101.596,137.66,71.4975,82.785,34.9091,85.8163,18.6426
810,103.942,132.857,71.0534,85.5482,35.3273,86.2199,17.894
840,100.99,138.975,72.5771,83.8811,35.7454,83.4669,17.1406
870,99.951,141.064,70.9083,83.212,36.1636,79.9081,17.8616
900,101.801,132.587,76.2632,83.507,36.5818,81.0932,17.7668
930,105.976,125.545,102.203,84.2582,37,80.8664,17.5444
960,105.799,124.877,102.993,83.729,37,76.0181,17.2777
990,108.531,126.111,104.544,82.8123,37.6216,74.5432,17.5422
1020,95.6213,113.088,87.1597,77.4901,36.5554,72.8514,17.4403
1050,105.475,114.275,97.9249,71.6341,37.8661,73.5321,19.5958
1080,105.416,115.846,96.5902,72.7711,37.2975,70.0455,19.0259
1110,104.194,118.387,95.154,73.982,36.293,68.5368,19.0144
1140,108.61,120.965,97.1929,69.7843,37.9179,66.5326,19.2797
1170,107.91,115.694,100.516,72.2422,36.671,61.0929,20.0978
1200,107.933,114.25,101.983,72.3516,36.936,58.4199,19.6661
1230,96.3669,108.04,89.0927,70.2525,36.8938,57.684,17.4709
1260,98.4153,103.619,87.8544,72.0737,36.4805,56.0368,17.8854
1290,96.7893,105.081,93.3326,71.8695,37.1192,56.3352,17.4512
1320,99.9612,108.504,93.4625,70.4055,37.7997,56.8816,18.0293
1350,126.844,140.993,120.51,72.1317,37.3025,55.8799,23.2148
1380,125.463,139.53,118.883,72.8316,37.8292,57.0153,22.8234
1410,125.753,136.877,119.069,71.4294,37.562,56.7774,23.3612
1440,126.705,136.422,119.904,70.7931,36.3814,57.0868,23.025
1470,101.382,187.457,140.735,79.498,37.2437,55.676,23.0758
1500,103.393,184.965,138.117,78.1633,36.8647,56.7312,22.9142
1530,101.581,186.806,143.248,77.7467,36.5187,55.5922,22.8854
1560,129.296,146.936,119.555,73.7782,37.1812,56.327,0.43475
1590,130.731,143.307,116.375,72.346,36.514,56.3183,0
1620,130.422,145.434,119.846,73.5949,37.5894,56.7769,23.1889
1650,127.477,143.57,120.823,73.5703,37.5835,57.0159,23.1066
1680,126.575,147.552,120.058,74.8484,37.6508,56.0741,22.8247
1710,128.445,146.838,121.11,73.564,36.5195,57.329,23.1132
1740,128.567,144.051,119.776,73.3959,36.3475,56.0774,23.3147
1770,130.881,141.314,117.78,72.8267,36.9953,55.695,23.204
1800,127.796,140.819,116.452,73.4964,37.9037,56.9632,22.7721
1830,130.296,141.945,117.011,73.1712,36.1646,55.514,23.267
1860,127.672,141.275,116.932,75.1807,37.1104,57.0373,22.8154
1890,129.654,142.212,120.681,74.7899,36.6416,55.6417,23.4314
1920,130.113,143.165,118.687,72.4215,36.7609,56.4486,23.1147
1950,140.077,157.102,129.097,72.7847,37.0732,56.7784,25.1559
1980,141.151,160.327,127.081,75.6527,37.7388,55.9915,25.2702
2010,140.549,155.78,130.23,72.6328,36.7985,56.5276,25.4293
2040,141.669,159.902,130.093,74.0558,36.274,55.7278,25.2531
2070,140.631,159.926,126.701,75.4937,36.2994,56.6281,24.7939
2100,141.497,157.084,129.06,72.9785,36.399,56.7569,24.8597
2130,138.727,154.813,130.3,74.2029,36.4693,56.3507,25.3199
2160,141.228,155.261,129.091,73.2035,37.6597,55.8457,25.3989
2190,142.934,157.846,128.422,73.8056,36.4932,56.3747,24.9842
2220,140.011,155.69,127.879,71.9502,37.0375,57.0567,24.9644
2250,141.66,158.488,128.195,75.2044,37.1748,55.5868,25.0044
2280,142.192,159.102,126.167,73.6749,37.4514,56.4255,25.3278
2310,141.22,160.253,128.936,74.3367,36.5784,57.214,24.7685
2340,140.725,157.712,127.705,75.5192,37.2013,56.5477,25.438
2370,138.986,157.766,126.705,75.4378,36.0979,56.2909,25.2346
2400,141.241,158.896,131.051,73.6863,36.552,57.161,25.4179
2430,138.383,157.704,129.067,74.4978,36.5416,55.4023,24.8976
2460,137.238,83.4496,72.7638,66.7961,36.8537,56.2582,-6.20432
2490,109.508,120.251,97.6468,72.8295,37.0384,56.9843,0
2520,111.885,121.871,96.9007,72.7409,37.7545,56.2819,24.5545
2550,110.153,122.449,95.8011,72.867,37.5948,57.1784,24.7293
2580,109.717,126.561,98.8945,74.6975,37.7939,55.5503,24.607
2610,111.027,123.897,96.3789,73.7738,37.2704,55.7074,24.545
2640,110.158,119.857,96.6062,75.1336,36.6399,55.5127,24.7819
2670,110.378,123.849,95.876,73.77,37.8304,56.8797,24.5512
2700,113.019,124.572,95.4915,75.7576,37.2437,55.8427,24.4681
2730,112.026,122.463,94.0771,76.0432,37.8466,56.4212,24.3491
2760,112.229,125.002,98.3026,75.4438,37.4556,56.039,24.4909
2790,118.22,132.24,102.192,73.2826,36.1304,56.7434,27.0371
2820,122.604,132.301,101.553,75.3522,36.3345,56.3592,26.9985
2850,121.624,134.484,100.715,73.5732,36.3538,55.5136,26.7201
2880,118.488,133.563,103.451,75.1936,36.7752,56.0733,26.9105
2910,118.566,134.175,105.737,72.9044,36.416,55.8559,26.8758
2940,118.981,135.856,100.976,72.9674,36.8695,55.8825,27.2733
2970,119.674,134.621,103.446,73.6024,37.1167,55.2308,26.5146
3000,119.365,133.818,105.533,75.6552,36.6676,53.723,25.859
3030,118.243,133.961,105.052,72.2405,37.5965,52.6653,25.7047
3060,120.829,136.099,104.57,73.1957,36.8926,52.2147,25.1538
3090,118.178,130.063,103.999,75.5984,36.2436,49.4133,25.5985
3120,118.629,132.903,101.391,73.0335,36.488,49.5199,25.8905
3150,115.772,133.96,101.62,74.72,36.5074,48.3105,25.1038
3180,116.286,134.16,105.943,73.1424,37.4171,46.709,25.0405
3210,115.685,133.945,104.263,75.1213,37.6352,44.5992,24.9546
3240,119.898,132.812,101.072,74.5529,36.2337,43.2116,25.2173
3270,116.247,130.032,104.084,74.0718,37.631,43.1636,24.0391
3300,114.82,134.421,103.166,73.5546,36.9801,41.1233,24.659
3330,116.488,130.582,100.713,73.7835,37.7704,40.3609,24.371
3360,149.57,99.1767,88.2648,69.9524,37.1671,39.0186,0.68247
3390,107.002,126.989,94.1688,76.3931,36.2626,37.7439,-4.21624
3420,119.701,139.759,113.457,82.2378,36.6443,37.074,20.0647
3450,118.978,151.821,115.327,89.758,37.3279,37.0993,20.686
3480,116.986,152.563,114.289,91.3814,36.7344,38.6293,19.7666
3510,115.287,151.087,114.614,90.8079,37.913,39.5073,20.0577
3540,119.875,153.685,111.406,91.1608,37.4562,39.8358,20.6346
3570,118.819,154.064,115.163,90.1066,37.3176,39.6479,19.726
3600,118.419,149.407,115.584,89.9917,37.1844,42.188,20.2774
3630,119.768,151.353,114.006,89.744,37.3468,41.7937,20.0356
3660,118.412,149.711,114.217,92.0347,37.6765,44.3895,19.7797
3690,118.071,150.718,115.594,91.0445,36.3085,46.165,20.212
3720,118.983,150.273,113.552,91.4071,36.3942,45.3626,20.2849
3750,118.855,149.992,111.794,92.273,36.9688,48.8461,20.467
3780,115.878,149.805,111.538,92.7139,36.3373,51.0592,20.2371
3810,115.068,151.485,113.89,91.8982,37.2647,52.5374,20.7396
3840,118.841,151.477,113.463,91.7059,37.1084,56.9847,19.7554
