Time,FC,PAS,PAM,PAD,temp,SpO2,FR
-1,65,106,68,50,36.2475,95,19
0,71.5,116.6,74.8,50,35.7401,95,20.9
30,72.2059,116.544,76.2541,50,35.2326,95,21.0975
60,71.3164,114.63,75.2327,50,34.7251,95,20.8362
90,71.5229,116.76,75.9086,50,34.2177,95,21.1367
120,71.8209,113.892,73.0832,50,33.7102,95,20.5491
150,72.5591,116.963,75.5523,50,33.2027,95,20.7554
180,72.9045,113.783,76.1129,50,32.6953,95,20.9388
210,71.4021,116.686,75.5409,50,32.1878,95,21.3453
240,71.5973,114.754,74.63,50,31.6804,95,20.5734
270,69.8989,118.233,73.7602,50,31.1729,95,20.9849
300,70.6254,114.547,73.4709,50,30.6654,95,20.8604
330,70.8498,116.374,74.7175,50,30.158,95,20.946
360,79.3223,117.862,80.6252,50,29.6505,95,21.1452
390,77.9862,115.627,83.8314,50,29.143,95,20.4917
420,73.1891,117.812,83.724,50,29.4049,95,20.6282
450,71.1295,118.163,81.9187,49.7002,29.354,94.6024,21.274
480,71.7778,114.229,75.0186,49.1907,29.378,97.0737,20.6088
510,71.3168,116.067,74.9652,51.0103,30.5182,97.2372,21.2675
540,72.0454,119.049,75.1917,49.0049,31.0652,94.5858,20.5472
570,70.2165,91.213,60.7019,41.0691,29.523,88.4337,19.1305
600,71.7222,93.9935,59.9108,39.667,30.6008,88.7126,18.6414
630,69.1696,95.0109,59.355,40.0476,30.3749,83.7783,19.313
660,67.5047,91.7193,60.0599,38.8106,30.8054,77.7253,18.9125
690,70.386,93.7276,58.2128,40.8222,31.2014,76.5222,18.4875
720,64.7558,79.151,49.7415,37.6288,31.8854,72.7864,17.6669
750,55.2257,78.8596,32.8564,33.6229,31.5242,66.8899,16.8733
780,56.3123,75.9255,31.8939,34.4203,33.1526,93.3499,17.0735
810,54.3059,77.8486,33.1478,35.0157,32.1112,86.6575,16.5344
840,55.5957,103.448,32.0345,32.7793,33.9151,84.278,15.6756
870,54.4503,100.625,32.1724,34.5285,33.9117,79.4406,15.4646
900,54.9053,102.49,31.6763,33.1989,33.3132,76.2048,14.9461
930,54.8839,104.318,33.817,32.7798,34.0978,74.7153,15.0649
960,52.9213,97.7261,49.1567,42.718,34.2443,74.4115,15.1414
990,56.4584,99.1726,62.3074,44.4475,34.4566,70.5718,15.1047
1020,58.0114,96.0915,61.9918,42.3567,34.2506,68.3376,14.5222
1050,56.1387,98.5635,64.4968,42.7876,34.5163,63.368,14.9181
1080,54.1267,85.6496,54.437,39.937,35.7816,56.6307,14.9545
1110,57.7214,89.1116,58.6198,37.1429,36.093,55.4942,16.1453
1140,56.9022,90.0795,58.877,37.7564,35.6258,51.69,16.4802
1170,57.9495,91.6594,57.8711,37.0663,35.4608,45.4476,16.3989
1200,57.2436,92.6947,59.149,36.7887,36.7252,43.0629,16.4243
1230,69.6179,110.695,72.1721,37.4155,36.7963,41.8539,19.5315
1260,60.4083,93.3833,67.6893,36.5334,37.5159,38.7907,19.4473
1290,59.9824,93.9785,68.7076,37.0528,36.6874,30.4426,19.3937
1320,60.5219,91.1541,68.1597,36.9138,37.8789,31.5613,20.0614
1350,61.1646,93.8001,67.7318,37.7038,37.5149,32.4507,19.7791
1380,59.8671,93.8911,68.0233,37.1145,35.7387,32.0314,19.5349
1410,60.0004,92.7874,68.2789,35.7772,38.7554,32.2997,20.0942
1440,60.4337,91.1631,67.7918,37.4845,38.6099,34.78,19.6889
1470,61.0578,91.5158,66.1707,36.8127,36.8808,36.637,19.6615
1500,60.1252,94.0142,68.552,36.5688,36.758,34.8158,19.9412
1530,71.5382,110.551,76.3939,36.8517,37.0436,33.9955,21.1761
1560,72.2078,114.05,74.6284,37.506,37.9957,32.8832,20.9829
1590,72.3226,110.081,76.2308,36.0547,37.6177,34.8012,21.4776
1620,70.3404,110.767,74.6861,37.7223,37.3831,34.8903,20.8258
1650,72.773,109.869,75.6422,36.3013,38.2211,36.0155,21.2868
1680,72.0666,113.477,75.1054,37.1179,36.8055,36.4484,21.04
1710,71.56,111.218,75.4964,36.506,38.5608,33.5995,20.8788
1740,70.4814,110.705,76.9673,37.5408,37.6039,36.431,21.5369
1770,71.3621,110.096,74.586,36.6417,38.4703,37.4821,21.3447
1800,71.8929,110.406,74.846,36.2029,38.0844,35.2232,20.9264
1830,71.0769,113.786,75.6104,36.6642,37.6518,35.127,21.5656
1860,72.653,110.787,76.2826,38.0457,37.0669,36.8485,20.912
1890,71.6864,114.134,75.7249,37.2157,37.377,34.1897,21.1511
1920,72.0235,111.56,76.137,36.5877,36.1091,35.2654,21.4739
1950,72.8893,114.02,74.7929,37.706,37.2716,36.3916,21.1527
1980,72.8833,111.096,75.2483,37.4262,36.8089,36.7264,21.0946
2010,75.3697,117.397,79.8767,38.1016,36.7661,34.6854,21.6057
2040,77.0367,121.057,79.2784,36.1166,35.6086,37.6139,21.3038
2070,75.5448,116.878,79.4771,37.6173,37.5734,33.8018,21.921
2100,77.8238,118.611,78.3844,37.6009,36.7685,33.4305,21.9014
2130,76.7094,116.083,79.1655,36.546,35.5788,36.4689,21.9844
2160,75.1803,118.534,76.9729,36.1261,36.4067,33.9212,21.9988
2190,75.6619,115.985,78.944,35.9562,37.5081,37.234,21.654
2220,76.0354,117.939,77.5225,35.8489,36.7397,36.9212,21.4446
2250,76.0494,118.86,78.5709,37.2765,36.6335,35.3494,21.8258
2280,77.3714,118.801,79.5843,37.13,36.0806,35.164,21.902
2310,75.2023,116.517,79.6773,37.402,38.0762,33.6399,21.4916
2340,75.5198,117.77,77.8732,37.9317,36.4056,33.3862,21.2713
2370,77.1976,119.193,78.7975,36.7382,36.7414,33.4257,21.8097
2400,77.0113,120.89,77.5548,36.4227,36.0991,33.2919,21.3128
2430,77.4542,120.891,79.1261,37.7173,37.7314,33.2666,21.9829
2460,75.6169,117.92,79.2803,38.012,37.3627,37.2062,21.4773
2490,76.416,118.581,78.9484,36.7463,37.3134,33.346,21.4881
2520,78.52,120.485,80.0702,37.5534,37.7292,36.6047,22.0581
2550,78.0974,121.432,80.1529,36.526,36.529,33.9576,21.8465
2580,76.5662,123.988,79.6693,37.2232,36.8287,36.9624,21.6383
2610,79.1659,121.546,80.4536,36.9442,36.5511,36.5117,22.1743
2640,76.8867,120.453,80.4921,35.8856,37.1815,36.9845,21.7876
2670,79.6287,121.121,80.9311,36.3973,36.6047,36.6851,21.4722
2700,80.4338,119.995,80.614,37.6886,36.6101,33.1511,21.7065
2730,81.3208,122.578,81.2862,36.4215,36.599,33.9646,21.8023
2760,81.5536,123.435,80.4021,37.7849,35.9569,34.2059,21.9941
2790,81.9382,119.01,80.1815,37.9822,36.9864,37.4067,23.0117
2820,81.4119,121.978,81.0657,38.3024,36.1937,34.6072,22.7492
2850,81.958,119.794,79.9756,38.067,37.1001,34.6606,23.6185
2880,82.4789,123.578,80.2733,37.6526,36.4756,37.1398,23.6297
2910,84.0065,120.601,81.9885,37.7386,37.3816,36.0114,24.8085
2940,83.9082,120.647,82.0647,37.4059,35.4204,35.9718,24.8494
2970,84.5441,123.99,80.0535,36.6542,36.9579,37.1188,25.6355
3000,85.4632,120.479,80.8415,38.2905,37.4264,37.4854,25.9141
3030,86.6927,123.69,80.2052,37.0354,36.2936,34.6919,26.0365
3060,85.3895,120.664,81.6443,37.2705,36.79,37.3412,26.3806
3090,85.5945,120.372,80.2069,38.6181,37.0183,37.0377,27.1833
3120,86.0136,121.315,80.4325,37.644,37.1656,34.2395,27.3098
3150,85.2668,122.411,79.2944,36.5568,36.8101,35.0058,26.7848
3180,86.7325,120.332,80.6523,37.4123,36.8286,35.9649,26.8723
3210,86.5139,119.07,79.4295,38.0847,35.1856,34.5902,27.4315
3240,85.712,123.268,80.4596,37.2864,36.3318,33.862,27.1751
3270,85.4937,120.682,81.2758,36.5199,36.2455,34.0552,27.1982
3300,85.5609,123.206,79.2165,36.6838,36.2275,34.9158,27.4948
3330,86.5681,122.224,81.2785,36.4128,35.6546,37.7457,26.7698
3360,86.2093,121.846,80.5591,36.5231,36.1127,35.0599,26.6821
3390,82.7995,121.799,81.401,38.2134,37.3794,32.238,25.6764
3420,84.3933,122.198,79.6992,36.1875,36.0525,33.5545,25.108
3450,81.9869,123.406,79.2201,38.2279,36.0644,31.6732,25.1099
3480,82.3541,121.762,81.5431,38.2028,35.5623,28.1842,24.1047
3510,85.2626,122.123,82.8269,37.6964,35.3461,27.7956,25.3121
3540,66.9627,101.334,66.5074,36.3095,37.1558,23.6635,24.6034
3570,65.8224,97.4518,65.1605,37.3686,35.6729,22.6986,24.1239
3600,65.5584,101.711,65.3554,38.5013,35.4128,20.6437,23.3136
3630,63.0761,101.354,63.5935,37.3122,36.0817,21.1593,22.4019
3660,63.438,98.6059,63.5406,36.5296,35.2255,25.6825,22.6602
3690,61.6927,98.9244,64.8711,37.4863,37.131,25.3762,21.8764
3720,62.6196,101.6,65.3057,36.3363,37.3298,28.6255,21.5079
3750,62.3856,99.8057,65.5365,37.9256,35.1352,31.6368,22.055
3780,62.2525,100.529,63.5184,38.1496,37.6787,34.3148,21.4147
3810,61.9892,97.844,65.3797,36.7553,37.6991,37.2694,21.651
3840,60.0979,94.5875,61.8984,38.3904,36.4311,35.7203,16.4901
3870,59.2114,95.9207,61.293,38.4876,37.7138,41.4069,16.2379
3900,59.5259,96.4565,60.554,37.5654,37.364,42.8844,16.1326
3930,57.5368,93.3327,61.5926,38.4259,35.3269,43.4172,16.0965
3960,59.7781,95.8629,63.5298,38.4311,35.8941,46.5613,16.2843
3990,59.8701,95.8853,61.173,37.8154,35.8343,50.8843,16.3434
4020,60.1689,97.0192,63.4813,37.9496,36.9596,52.7617,16.6748
4050,60.0371,93.0048,62.681,36.3866,37.1169,51.9172,16.2267
4080,59.6285,92.6758,60.8669,37.3847,35.9202,57.109,16.024
4110,58.5198,92.1511,62.5024,36.3833,35.6336,57.8592,16.0207
4140,59.0094,94.2256,62.6601,36.9672,35.4661,59.8676,16.7362
4170,59.6502,96.3298,63.5745,36.7454,36.227,65.1918,16.4575
4200,58.3117,95.2306,60.4711,37.4484,36.3867,68.9725,16.5051
4230,60.0511,92.727,62.6315,38.6422,36.068,74.829,16.2128
4260,59.256,95.4436,62.1884,37.8233,36.0405,76.508,16.7666
4290,58.9693,94.6835,60.9118,37.0371,36.8476,81.7879,16.7977
4320,58.2085,96.7211,61.9345,37.4795,37.5669,81.8675,16.5001
4350,57.7958,96.1891,62.247,38.3384,37.2207,85.4094,16.488
4380,58.0238,95.3159,61.154,37.2135,36.4407,90.2647,16.6866
4410,58.3089,94.5645,60.9587,38.6703,34.7901,96.8084,16.34
4440,53.7723,84.0648,56.378,37.965,35.2294,93.7602,13.7467
4470,56.3758,100.486,63.3792,41.3284,36.0429,94.2449,13.8128
4500,57.1538,99.2499,62.2138,43.4122,35.8532,93.6093,13.8905
4530,59.4372,98.2145,64.3864,44.8526,36.5254,94.2281,13.6934
4560,57.0267,97.5358,62.6867,43.5104,35.9216,92.3587,13.4678
4590,57.8565,97.8948,62.1546,44.224,36.7447,90.3262,14.0894
4620,56.9606,97.9149,63.4338,43.4845,37.025,89.4201,13.8069
4650,57.1527,100.436,64.122,43.8641,35.3815,88.9617,13.7799
4680,57.8096,97.1475,62.3014,44.0184,35.8319,92.6111,13.3622
4710,58.1383,100.395,64.7577,43.0356,35.2269,89.7611,13.569
4740,58.5164,99.2672,64.6551,43.087,36.7257,92.887,13.6558
4770,59.2832,98.6252,62.2482,43.1123,35.6045,92.7745,14.0059
4800,57.8782,100.819,63.8673,42.4576,36.9501,89.1143,13.6569
4830,57.547,100.697,64.4402,43.5887,36.3219,92.4137,13.8338
4860,58.63,98.9607,65.2245,44.6103,36.9797,90.1161,13.5934
4890,57.9812,97.7341,64.2801,44.6348,36.2722,92.2183,13.966
4920,58.2842,97.4557,64.9594,43.5007,37.4699,92.768,14.0585
4950,59.5202,99.0099,63.5331,44.7818,35.873,91.4782,13.4346
4980,59.3237,98.8344,62.3008,43.2102,35.88,91.8597,13.9631
5010,59.0143,97.7244,64.4789,42.769,36.9754,93.2356,13.6234
5040,59.2184,100.384,64.8969,43.5112,37.2987,88.8545,13.8932
5070,57.8179,100.213,64.3824,44.5361,35.0882,87.0786,14.0264
5100,59.3918,96.7654,63.2626,43.0303,36.4339,87.4078,13.2122
