Time,FC,PAS,PAM,PAD,temp,SpO2,FR
-1,95,165,121,97,36.5744,95,20
0,104.5,181.5,133.1,97,36.0624,95,22
30,106.666,185.429,130.195,97,35.5503,95,22.2213
60,102.118,179.842,132.617,97,35.0383,95,21.5066
90,106.79,177.845,130.063,97,34.5262,95,22.3012
120,105.034,182.136,133.932,97,34.0142,95,21.7331
150,106.621,178.621,133.143,97,33.5022,95,21.8345
180,106.669,185.722,131.659,97,32.9901,95,21.8368
210,105.439,178.693,134.217,97,32.4781,95,22.5116
240,102.716,183.908,130.194,97,31.966,95,21.9916
270,106.977,183.849,130.195,97,31.454,95,22.3319
300,106.362,184.107,136.318,97,30.9419,95,21.4898
330,105.61,180.107,129.788,97,30.4299,95,21.6138
360,114.264,177.016,145.005,97,29.9179,95,21.6322
390,117.572,179.418,148.941,97,29.4058,95,21.5474
420,115.251,181.008,148.384,97,30.1652,95,22.2506
450,114.546,185.15,146.186,97,30.9247,95,22.4901
480,104.088,185.841,131.723,97,31.6841,100,22.5216
510,104.245,182.14,131.92,97,32.4435,100.339,21.3715
540,103.988,143.436,103.425,77.6,32.8785,94.0583,20.7354
570,101.769,148.692,109.512,77.6,33.6379,96.9546,20.4335
600,103.465,148.694,109.172,76.3767,34.0538,91.177,19.5789
630,101.241,144.376,104.252,76.0155,34.4205,92.2191,19.4388
660,91.5396,136.517,98.2154,66.9047,35.2275,88.9646,19.2894
690,83.9184,126.832,60.128,65.5527,37.1536,88.7814,18.9978
720,83.051,122.398,59.8751,66.7203,36.7906,91.6605,17.6533
750,82.1836,125.248,59.8347,67.6961,36.0991,91.6271,18.2569
780,81.3162,123.896,58.0792,67.4717,36.1659,86.3644,16.9816
810,80.4488,120.81,85.0375,85.5977,37.2369,86.5094,17.2056
840,79.5814,121.71,87.1577,84.9652,36.1347,86.1154,16.1216
870,79.5814,160.238,85.9392,87.1802,37.113,82.6947,16.8068
900,78.5787,162.729,83.4406,85.0817,37.8949,86.1246,16.8483
930,86.1596,164.786,110.991,86.2352,36.2342,84.2406,16.302
960,85.7743,162.753,113.957,85.5263,37.1337,81.7543,16.5731
990,86.9905,159.844,111.922,87.1526,37.2346,81.0525,16.683
1020,79.2276,147.992,104.604,71.0786,36.8673,79.2449,16.741
1050,83.6929,150.58,109.241,71.0158,36.6907,76.6303,17.8696
1080,82.9536,151.998,110.354,71.4768,36.1969,76.2407,18.327
1110,85.9289,149.289,107.485,72.9403,36.3493,73.9987,18.2915
1140,86.5704,149.869,107.869,73.1285,36.5652,73.9335,18.4004
1170,87.6557,150.752,109.387,73.6588,37.0954,68.7532,18.8562
1200,88.7679,151.628,107.563,73.7663,37.7337,70.8714,18.2438
1230,80.4794,136.857,99.5897,72.8467,36.9824,69.4816,16.441
1260,78.9631,136.575,100.151,72.2433,37.0723,63.8834,16.331
1290,79.7375,139.908,100.146,72.513,36.3838,64.846,16.543
1320,79.3365,136.8,97.4627,72.8539,37.5039,64.1027,16.6617
1350,101.972,174.415,127.086,72.9527,36.9836,65.1343,21.2846
1380,103.427,174.967,126.706,72.9107,37.0653,65.3157,21.1136
1410,99.1868,176.529,125.251,73.7443,36.6947,67.2458,21.4059
1440,101.18,175.696,127.862,71.6182,37.3528,67.267,21.7871
1470,101.008,175.058,126.028,71.3459,36.5747,67.0576,21.7412
1500,102.395,174.616,129.087,73.3063,36.6081,66.0278,21.3952
1530,102.686,178.578,126.411,73.807,36.4272,66.2778,21.7487
1560,101.29,176.959,125.332,70.9943,37.5342,67.3084,21.2945
1590,101.084,178.979,124.954,73.9579,36.1047,65.9839,21.1533
1620,100.169,175.308,128.407,71.0592,36.7111,67.3655,21.7589
1650,101.789,175.788,125.33,72.3777,36.2038,66.5945,21.3867
1680,100.047,174.347,125.232,73.4371,37.1274,65.9217,21.7763
1710,100.513,174.84,124.898,73.6171,37.8853,65.5404,21.755
1740,103.488,176.914,128.479,71.8131,37.4039,67.2506,21.3633
1770,99.1295,177.302,125.164,73.1488,37.6655,66.0779,21.2123
1800,103.182,178.853,126.877,71.5181,37.6984,67.0946,21.9151
1830,100.929,179.462,128.111,73.5101,36.1846,67.6605,21.6364
1860,99.0154,179.722,126.558,71.0174,36.8882,66.154,21.3522
1890,99.5779,180.023,127.481,71.6236,37.0958,67.4314,21.8666
1920,100.766,173.982,124.94,72.0139,37.5885,66.9109,21.5381
1950,110.668,189.947,137.869,71.3779,36.2552,66.124,23.8478
1980,108.134,189.461,138.286,71.5345,36.1868,65.4089,23.229
2010,109.743,190.694,138.032,73.0315,36.6494,65.8303,23.7861
2040,111.439,194.434,139.158,71.7971,37.802,67.7223,23.5625
2070,110.931,191.329,136.299,72.3641,37.1951,67.1425,23.5442
2100,110.693,194.444,138.065,73.6767,36.1415,65.7333,23.0793
2130,107.852,189.768,136.875,72.8263,36.9498,67.6078,23.2506
2160,111.07,194.822,136.225,72.9919,37.7548,67.9069,23.8216
2190,111.352,193.521,138.023,72.8354,36.4265,67.2396,23.0762
2220,111.127,190.776,138.492,72.5162,36.5381,65.8631,23.3394
2250,108.742,190.768,137.447,72.1359,36.9721,67.2396,23.8675
2280,111.887,191.801,136.646,73.3005,36.9609,66.3266,23.3657
2310,109.222,190.449,137.005,71.6571,36.1613,67.6833,23.7431
2340,108.509,191.967,139.521,71.0099,37.6375,66.7794,23.4871
2370,107.855,193.071,139.558,72.1377,36.1215,66.1455,23.6851
2400,109.79,194.705,138.895,72.4175,36.9257,68.0067,23.2136
2430,111.798,190.669,138.279,71.9646,37.1475,67.8441,23.5124
2460,81.2079,142.771,101.209,73.6877,36.5513,66.0656,17.5334
2490,78.7614,142.991,101.359,71.5489,36.9502,66.1834,17.2656
2520,80.6077,141.854,100.998,70.9328,37.1005,65.5392,17.1765
2550,78.3498,138.41,102.518,73.9846,36.6911,66.1074,17.0109
2580,82.5493,139.302,103.207,72.6478,37.7528,65.9612,17.1132
2610,79.0535,141.189,100.79,71.7734,36.5415,67.3171,17.1691
2640,81.6712,138.31,99.693,71.6281,37.177,66.3997,16.9674
2670,78.986,140.996,102.61,71.4429,36.9483,66.4088,16.8727
2700,82.045,142.267,101.262,73.2252,37.6006,65.9943,16.9906
2730,81.7103,141.032,102.402,73.8073,37.7975,67.9733,16.9132
2760,79.1418,142.25,102.291,73.8413,37.2962,67.213,16.8837
2790,84.1303,147.94,107.724,72.2236,36.9926,65.5131,18.2858
2820,87.4571,150.341,109.183,73.4039,36.2536,65.5829,18.2165
2850,87.2375,149.583,109.435,73.0216,37.4991,66.4589,18.2694
2880,86.2148,149.744,109.308,73.7688,37.9146,66.309,18.4763
2910,85.9978,147.74,110.227,73.8536,36.197,66.1341,18.0702
2940,85.555,149.737,110.074,72.6186,37.5231,66.9557,18.0558
2970,87.0414,151.699,109.64,73.4923,37.886,66.8413,18.1859
3000,86.439,153.376,106.166,72.3714,36.5937,67.3578,18.087
3030,84.2192,148.059,106.725,73.9149,36.2329,65.5056,18.5183
3060,83.6314,149.72,106.856,73.2041,37.3359,65.4915,18.0028
3090,85.1071,151.498,108.534,72.0229,36.6171,66.2747,17.9214
3120,84.206,152.97,108.786,70.9859,37.5665,67.0295,18.2039
3150,83.3378,149.645,109.736,72.0803,36.8072,67.9789,18.0485
3180,85.1764,147.657,106.743,72.943,36.709,66.178,18.0888
3210,83.0457,149.786,108.705,72.4912,37.8866,68.4403,17.9021
3240,86.8304,149.311,108.152,74.0671,37.0837,68.175,18.2908
3270,84.864,148.451,106.942,71.0521,36.4813,69.6178,18.1639
3300,84.2018,153.18,109.688,73.7322,36.787,71.6155,17.0758
3330,80.8283,148.545,107.508,72.0565,36.3945,71.4429,17.4992
3360,83.1306,151.561,106.391,72.5105,37.7625,71.2578,16.7395
3390,75.0036,137.153,100.023,71.0767,36.1256,74.0476,14.4647
3420,82.0435,145.872,108.988,84.0549,37.4984,72.9988,14.5229
3450,84.4704,155.627,115.824,83.0537,36.1596,73.718,14.3588
3480,83.6416,161.211,116.254,81.8675,37.029,72.2121,13.503
3510,82.2432,156.628,117.576,82.4243,37.252,75.09,13.6804
3540,84.4714,159.914,116.66,83.4717,37.4293,76.41,13.7741
3570,85.1028,159.957,114.027,82.0641,36.656,73.4498,14.2374
3600,86.4792,156.987,116.155,84.0842,37.2414,75.3268,13.9887
3630,87.3313,162.023,117.201,81.9494,37.8959,73.6306,14.1643
3660,86.2331,159.753,113.292,80.6548,36.6343,77.6541,14.8055
3690,85.3688,159.561,114.64,83.1936,36.5938,76.8664,14.7746
3720,88.4575,159.672,113.302,82.7115,37.6615,78.2255,15.5136
3750,88.0416,155.864,113.555,82.3101,36.1496,80.1108,16.1818
3780,86.1972,161.409,113.626,82.4608,37.0414,76.6807,16.4175
3810,89.3737,160.733,114.601,83.8055,36.8051,79.6267,16.903
3840,88.7781,155.437,116.294,81.6219,37.2394,80.5351,17.5469
3870,88.0374,157.072,114.845,84.242,36.6475,79.84,17.2696
3900,87.4835,157.219,114.438,82.01,36.3516,80.0327,17.5727
3930,88.7655,158.035,115.043,82.4629,36.3896,82.2096,17.2164
