Time,FC,PAS,PAM,PAD,temp,SpO2,FR
-1,102,169,122,93,36.8312,96,22
0,112.2,185.9,134.2,93,36.3155,96,24.2
30,111.152,190.154,131.401,93,35.7999,96,24.4493
60,112.519,187.311,134.947,93,35.2842,96,23.996
90,114.222,185.712,135.874,93,34.7686,96,23.7629
120,114.614,183.097,131.725,93,34.253,96,24.6509
150,114.779,187.536,136.516,93,33.7373,96,23.9083
180,110.243,186.268,132.305,93,33.2217,96,23.6446
210,114.657,181.744,135.487,93,32.7061,96,23.8325
240,114.336,181.694,135.375,93,32.1904,96,24.3528
270,113.709,182.248,136.372,93,31.6748,96,24.3314
300,113.731,183.294,132.762,93,31.1591,96,24.2147
330,114.314,182.854,131.199,93,30.6435,96,24.2566
360,121.587,184.444,147.982,93,30.1279,96,24.5432
390,120.959,188.452,149.535,93,29.6122,96,23.6032
420,111.218,182.896,131.602,93,30.0227,96,24.0435
450,115.196,183.081,134.576,93.234,30.1514,97.3665,24.2792
480,108.908,186.838,135.378,92.6737,30.9112,95.639,23.7233
510,110.558,184.312,136.005,93.4121,31.9087,102.083,24.2003
540,110.519,179.343,137.35,94.4345,31.7748,99.1629,23.3236
570,110.813,157.935,102.702,72.7364,31.5215,93.3718,23.5449
600,111.978,149.513,105.852,72.4028,32.2774,88.8489,22.3246
630,108.131,154.714,106.138,73.1232,31.7743,88.6638,22.1083
660,110.349,145.104,107.044,71.8842,33.1432,81.9731,21.9455
690,105.42,155.615,105.196,71.5764,32.9964,81.4759,21.7354
720,145.773,69.0104,105.606,44.0439,33.47,75.9571,20.4813
750,147.026,72.3885,110.873,44.8293,34.417,93.1267,19.6692
780,141.621,74.2155,102.183,44.2566,34.7233,88.2971,19.9742
810,141.173,71.7227,107.793,43.6834,35.2207,81.6469,18.6435
840,144.324,66.7813,133.98,63.1837,36.1132,82.0793,18.843
870,143.452,72.2767,136.865,62.2593,37.1657,79.109,18.1117
900,141.97,101.009,131.056,62.7952,36.4535,73.8884,18.3084
930,141.085,106.955,133.275,62.7752,37.9714,67.3354,18.3411
960,144.325,112.397,134.147,62.8834,36.5014,67.6374,17.2879
990,139.932,108.991,133.12,62.7863,37.8127,62.6709,17.8829
1020,143.25,109.197,136.712,63.5986,36.9409,60.377,18.5188
1050,140.862,107.802,133.426,63.6736,37.6299,53.6108,18.204
1080,144.66,107.619,133.778,62.7889,36.8792,52.0524,18.8523
1110,144.675,109.591,129.772,64.1028,36.7327,47.3114,18.165
1140,142.5,113.697,136.819,63.5537,36.5302,44.871,17.9798
1170,141.069,110.081,137.977,63.7774,38.5668,43.0821,18.7617
1200,144.477,103.551,134.597,65.9214,37.1765,38.9068,17.9719
1230,98.6441,149.907,130.485,85.0295,37.0943,33.779,18.8237
1260,93.0066,128.105,120.373,78.2963,36.1538,33.017,18.2018
1290,86.5298,121.326,73.5387,73.0591,37.3129,30.1998,17.668
1320,85.0424,125.349,78.1605,71.5072,36.2781,72.5032,18.2655
1350,87.7209,127.664,78.0012,71.6405,37.9367,74.7344,17.7046
1380,87.0766,129.707,77.3524,72.7063,36.8649,71.9242,18.0715
1410,87.1706,130.382,74.3018,71.5031,36.9345,74.1197,18.4278
1440,87.9478,129.417,76.5719,71.4859,36.0527,72.6805,17.6279
1470,87.5829,126.413,75.0483,71.7393,38.6971,74.7387,17.6706
1500,85.7687,133.594,74.3024,69.675,37.3558,76.8498,17.7672
1530,93.6356,123.361,105.357,71.3178,37.9107,78.1431,17.5736
1560,90.4886,130.667,104.954,72.8548,37.2061,75.4142,17.3186
1590,90.2669,123.044,106.333,70.5463,37.1612,75.7502,17.1123
1620,86.0024,107.434,100.099,65.6018,38.6547,78.7113,17.5707
1650,94.8986,120.218,102.61,60.9764,38.4187,76.0071,19.3097
1680,95.2451,115.04,104.537,61.8886,37.7121,75.6593,19.1222
1710,94.4987,116.439,105.778,58.9194,35.8331,75.9344,19.5074
1740,92.9315,119.52,103.322,60.0358,37.1494,74.9834,19.2032
1770,111.647,141.097,123.565,61.849,36.7676,77.0616,23.0708
1800,99.3681,121.156,113.431,59.3312,37.4162,77.959,23.4206
1830,99.1534,124.51,117.198,62.0383,38.2785,78.4055,22.8758
1860,99.8415,121.54,115.194,60.9145,36.7708,75.3877,23.2819
1890,99.0885,122.936,114.697,62.608,38.1129,75.6108,23.2636
1920,99.6621,122.202,116.733,61.3759,36.7294,76.2006,22.9549
1950,99.6193,120.878,118.184,60.1079,36.6556,80.2954,23.598
1980,99.5949,126.306,115.503,59.0741,36.5965,81.4329,23.5428
2010,99.7933,127.433,117.27,60.9641,38.1604,78.6449,23.2085
2040,96.6322,125.906,113.65,60.8481,37.8157,81.5914,23.5218
2070,114.161,145.821,127.557,60.3164,36.6541,79.8141,24.608
2100,113.313,146.828,127.559,59.9496,37.0647,79.0801,24.6424
2130,114.986,148.284,130.13,59.3276,37.9255,81.3031,25.3641
2160,113.737,146.485,129.197,59.7428,37.2632,78.7245,24.9259
2190,115.138,142.794,131.091,62.1389,36.6185,82.6406,25.3298
2220,115.657,149.257,127.862,62.6172,37.1243,78.5421,24.839
2250,113.083,146.378,129.316,62.5451,35.7919,82.5781,25.0666
2280,115.342,143.642,131.253,61.3608,37.4717,78.7261,25.41
2310,112.55,148.13,131.093,61.5227,38.0743,81.2153,25.1301
2340,115.162,147.363,129.944,59.9667,36.3595,81.4796,24.7587
2370,113.277,142.009,127.538,60.496,37.1582,78.542,25.2442
2400,113.438,148.071,129.088,61.0299,37.3183,81.1109,25.2137
2430,113.702,144.083,129.1,59.3866,38.7674,82.4786,25.1014
2460,115.569,144.605,131.749,61.7708,37.9419,83.0804,24.7423
2490,115.057,141.966,130.17,61.5517,36.3454,80.7602,24.8143
2520,114.408,148.463,131.284,59.205,36.4326,82.7483,25.1286
2550,122.593,152.799,138.249,61.4159,36.7759,79.7902,26.0679
2580,119.622,151.918,137.782,62.8255,37.5982,79.35,25.4994
2610,122.756,156.792,133.964,61.7827,36.6194,78.5705,25.9737
2640,121.035,157.189,133.995,61.4587,36.9314,79.9942,26.0017
2670,120.278,151.418,136.927,60.4356,37.7638,80.5193,25.8947
2700,119.535,151.58,138.017,61.6141,38.0136,78.6204,25.6929
2730,122.759,150.669,135.458,59.2003,36.184,78.5718,25.945
2760,120.115,150.635,136.798,60.0314,37.8758,79.6801,25.3017
2790,123.634,156.888,136.971,61.4526,37.5573,80.6913,25.7762
2820,119.767,152.416,136.281,62.2403,35.6594,80.4386,25.9934
2850,121.235,156.318,134.796,62.3055,36.5667,81.9519,25.3351
2880,119.782,152.791,137.189,62.7867,35.9862,78.6921,26.0484
2910,121.701,155.599,138.29,59.3395,35.6504,82.1672,25.6795
2940,120.997,152.244,136.973,60.8611,36.9174,80.1646,25.9599
2970,121.904,154.623,138.802,60.9053,36.1866,81.1609,25.64
3000,123.863,159.817,137.256,62.0471,36.7435,81.5549,25.4149
3030,122.132,154.084,136.546,61.308,35.3063,83.3088,25.8133
3060,126.944,157.237,137.444,61.8956,35.6025,80.7388,26.0892
3090,130.855,155.759,137.214,60.1217,36.7609,81.7294,25.829
3120,130.834,155.06,142.007,60.3879,36.6265,80.6148,26.1137
3150,132.843,160.133,137.273,59.908,36.0416,82.2059,26.4407
3180,131.902,160.937,139.898,61.5728,36.7988,79.1422,25.6928
3210,131.847,155.535,138.165,62.6489,37.457,78.7516,25.9485
3240,136.274,162.126,139.945,61.5295,37.2934,78.9642,26.0212
3270,136.048,155.331,139.653,61.3621,35.2405,80.5045,26.2118
3300,134.19,161.834,137.481,60.6555,36.5871,80.1369,25.8385
3330,136.355,158.612,141.785,59.6609,36.9453,80.3265,26.0616
3360,138.835,161.611,141.78,61.2369,37.9003,82.4056,26.2509
3390,135.246,156.616,137.462,60.4237,36.3244,82.4306,26.2699
3420,135.524,161.363,141.988,60.8311,35.0787,77.9895,25.601
3450,136.068,157.128,139.854,60.1942,36.6044,75.7598,24.8729
3480,134.991,158.022,140.555,62.2845,36.088,71.6091,25.1258
3510,133.582,157.221,141.376,60.522,37.1234,71.7702,24.8451
3540,131.366,160.914,140.392,61.8197,34.7532,64.8163,25.3285
3570,129.971,158.784,137.58,62.4229,36.4995,66.4122,24.7611
3600,127.482,159.07,142.197,61.7789,35.0034,63.1778,25.1731
3630,128.524,161.866,137.536,61.3128,37.2761,66.7831,24.5086
3660,128.233,157.253,140.559,63.1389,36.5423,67.7251,25.1729
3690,124.625,161.385,140.422,62.3344,36.5,69.3505,24.9551
3720,123.112,161.889,138.519,60.2606,35.5552,65.4346,25.0327
3750,122.809,155.217,138.68,63.2125,34.6899,70.7924,25.0578
3780,123.079,159.471,141.371,63.0129,36.1574,70.4552,25.2724
3810,123.414,157.546,138.689,59.5108,36.7515,70.9966,25.3742
3840,122.287,154.405,139.008,61.1993,35.9151,69.4668,25.9063
3870,123.488,158.947,140.718,61.8798,36.8197,71.3266,25.2855
3900,122.677,156.931,141.888,62.1276,37.3947,70.777,25.6087
3930,121.633,158.798,139.535,59.5878,36.3646,71.2423,25.323
3960,122.202,158.887,139.86,62.0052,37.68,72.9008,25.6516
3990,122.951,155.057,137.468,59.3591,36.9287,71.8836,25.3313
4020,125.323,161.967,141.069,62.9202,35.6315,73.6553,25.8711
4050,125.069,163.33,143.077,61.1068,36.159,75.5003,25.4069
4080,100.053,125.052,114.438,61.6008,36.3215,73.8033,25.4625
4110,98.7777,125.465,111.484,59.5557,36.1806,75.186,25.7785
4140,98.5622,132.019,112.606,63.0463,37.4213,78.1138,25.692
4170,99.4876,128.003,115.094,60.95,35.9325,78.4854,26.1031
4200,99.5018,127.418,112.985,60.5257,36.3453,81.7984,25.9608
4230,100.198,130.668,114.836,60.5052,34.4749,87.0583,25.4895
4260,101.58,127.313,110.961,62.8537,35.8299,87.8847,25.6768
4290,98.1328,126.692,114.804,61.6198,36.3629,92.3027,25.3643
4320,100.729,125.054,112.327,60.3638,37.0889,93.4954,25.4123
4350,100.303,132.13,112.601,62.0478,36.7201,101.006,25.9957
4380,95.2445,119.32,108.585,62.0973,35.8542,97.291,20.8968
4410,93.5359,126.977,107.361,63.1307,36.9104,96.687,20.2193
4440,92.4573,122.24,106.86,61.6758,35.7089,100.141,20.9046
4470,93.9127,120.368,107.943,60.4213,36.1352,97.1977,20.2125
4500,94.6016,125.423,108.979,60.3822,37.5226,97.441,20.163
4530,96.3219,123.977,109.959,60.4,37.2292,98.4362,20.6196
4560,93.9554,124.862,105.702,61.9731,36.2357,99.3008,20.5178
4590,92.5091,119.939,108.793,61.3762,36.9852,99.5114,20.1656
4620,95.2154,121.851,106.548,61.1033,35.686,98.9169,20.2123
4650,92.7491,122.349,106.861,62.061,36.3982,97.7748,20.7127
4680,94.4179,122.024,106.654,61.756,36.4103,96.8461,20.3246
4710,96.74,125.156,108.779,61.5547,36.0741,99.447,20.3059
4740,95.3395,126.058,108.322,63.0493,35.2082,101.419,20.4615
4770,94.6871,121.8,105.197,62.9469,35.0303,99.3175,20.5526
4800,95.2759,126.005,105.385,62.9501,35.9734,97.1067,20.7128
4830,96.3239,125.566,106.133,61.2725,36.0917,99.9255,20.7764
4860,95.3989,121.541,108.393,63.5227,36.318,98.541,20.8949
4890,96.7379,122.525,109.004,59.4216,36.2815,99.2211,20.4106
4920,93.2204,123.93,105.989,63.1288,36.2683,99.5257,20.6274
4950,92.8567,125.562,105.248,60.1953,36.8634,101.381,20.3516
4980,81.8077,110.18,94.3394,61.1491,36.061,98.3054,17.1426
