Time,FC,PAS,PAM,PAD,temp,SpO2,FR
-1,133,81,57,40,35.7322,94,22
0,146.3,89.1,62.7,40,35.2319,94,24.2
30,148.968,89.1754,61.73,40,34.7317,94,24.6196
60,145.616,88.5975,61.7948,40,34.2314,94,23.5966
90,144.492,91.0144,63.4296,40,33.7312,94,24.3447
120,148.727,91.2248,62.4059,40,33.2309,94,24.4371
150,145.872,89.7511,62.1076,40,32.7307,94,24.0768
180,146.323,89.2241,63.9981,40,32.2304,94,23.9569
210,146.596,87.7824,63.2808,40,31.7302,94,23.8754
240,148.137,89.1295,61.6418,40,31.2299,94,24.6412
270,143.413,89.3116,63.7739,40,30.7297,94,23.7551
300,144.161,89.4532,63.5699,40,30.2294,94,24.1282
330,149.334,87.8404,64.1656,40,29.7292,94,24.5209
360,158.526,88.8791,70.5852,40,29.2289,94,23.8664
390,157.919,91.1146,69.8372,40,28.7287,94,24.1342
420,143.183,89.2889,70.6593,40,30.7965,94,23.7547
450,142.125,91.9558,69.6678,39.2541,33.2214,94.6963,23.894
480,144.851,86.8411,64.0342,39.0501,34.3662,94.0664,24.0381
510,148.255,90.2526,60.9856,40.6724,36.4255,99.9035,24.4817
540,143.215,88.6438,65.5581,39.2648,36.2344,97.2806,23.8497
570,142.054,68.8529,47.0345,31.1243,36.5874,96.4696,23.0904
600,146.92,68.8832,48.3578,32.4296,37.451,91.3154,22.5822
630,141.399,71.3531,47.153,32.7625,36.6506,92.4915,22.32
660,137.77,70.511,48.3625,32.2151,36.9873,88.3073,21.721
690,136.523,70.0525,48.2581,31.251,36.213,85.2611,21.4564
720,131.549,57.9129,44.769,27.0435,36.2704,82.5956,20.1396
750,113.681,58.21,29.6572,27.5094,37.5068,79.6397,20.6453
780,112.787,62.2849,29.2677,26.9066,36.0309,90.666,18.9135
810,111.361,56.3914,29.2223,26.1961,37.909,90.6559,18.3328
840,108.192,81.3298,27.6169,26.8648,35.9389,85.4792,18.8814
870,109.491,75.3925,27.4916,25.7988,37.6252,82.5888,17.9939
900,107.206,77.5551,27.92,34.1046,37.586,79.9573,17.9317
930,106.131,77.8977,29.6206,35.794,38.479,76.8449,18.2397
960,106.638,77.9666,39.4324,34.5308,37.5284,77.65,18.4279
990,113.997,79.8624,54.7779,36.2846,37.6337,78.0511,18.2399
1020,115.9,76.9397,52.6797,34.5368,38.7926,73.5639,18.3443
1050,116.15,81.8464,53.3701,33.887,35.9824,72.3316,18.0259
1080,109.264,69.5083,47.3376,29.7156,38.9301,71.8069,18.1037
1110,116.243,72.2151,50.7354,31.2922,37.4454,67.7343,19.7665
1140,117.466,73.1894,51.8271,31.1838,37.4552,66.0049,19.9051
1170,116.285,74.9858,51.944,30.9237,38.9509,65.4934,19.9085
1200,117.227,74.1476,53.1646,30.7482,37.9208,58.5487,19.8884
1230,142.623,87.3588,62.6997,29.0307,37.0455,57.5075,24.0646
1260,121.676,82.8736,60.5253,30.4819,37.4234,53.5807,24.0938
1290,122.212,81.1878,60.3884,29.4855,38.0274,54.6331,24.2382
1320,122.984,81.0991,56.977,29.4178,36.0163,54.4272,24.0937
1350,122.359,83.4852,57.9032,30.147,37.8859,54.3131,24.5865
1380,122.437,81.5145,59.0657,31.4058,36.8894,51.6262,24.3794
1410,121.26,83.9305,60.5,30.3182,38.349,58.7212,24.3654
1440,121.336,78.5528,60.3128,29.3002,36.9424,56.0196,24.4709
1470,122.449,82.4446,57.8174,28.7801,37.885,54.4049,24.5746
1500,122.572,82.0758,60.195,30.5076,37.7016,55.4338,24.3215
1530,144.609,90.1308,64.9231,31.0988,37.1474,56.2973,25.8517
1560,141.782,90.8199,66.0771,29.7313,38.4831,55.1178,26.0453
1590,143.153,91.7194,66.7497,31.4178,37.2489,58.6464,26.3776
1620,142.271,93.2996,67.1515,30.3268,38.2824,54.9358,26.1974
1650,141.645,90.1941,66.6663,28.4155,37.6285,54.9788,26.098
1680,142.239,91.7891,68.3672,28.992,36.021,57.5328,26.315
1710,143.356,89.8127,67.9083,28.4421,37.991,59.4885,25.8616
1740,142.846,92.6308,67.4939,28.8848,37.8001,58.7517,26.2196
1770,141.423,90.9936,67.4914,29.5856,37.3437,59.0156,26.1782
1800,142.392,93.6976,67.9578,30.3906,37.746,57.1113,26.1301
1830,143.41,90.7831,66.8999,29.6379,36.3006,57.1462,26.1042
1860,141.986,90.2425,67.2997,30.847,36.2417,57.03,25.8974
1890,144.372,90.1007,66.7715,29.0038,36.0353,58.777,26.0392
1920,142.137,92.8381,64.629,29.0031,36.3555,58.3796,26.2544
1950,144.354,90.8783,65.148,31.2549,38.0514,56.709,25.8991
1980,144.496,89.4487,68.4389,28.3302,37.0205,55.4184,26.1058
2010,152.309,96.0058,70.7647,30.5926,36.3781,55.1477,26.7757
2040,150.804,92.6734,70.4571,29.5282,37.0675,55.2773,26.863
2070,152.674,93.557,69.832,30.521,38.5152,58.8213,27.0547
2100,150.014,96.5158,71.5265,30.3938,35.5543,55.3903,27.0557
2130,152.767,96.9495,70.311,31.339,37.1074,56.4909,26.9252
2160,153.092,91.941,68.0008,30.1467,36.1107,55.3667,26.6311
2190,151.727,95.6111,71.437,29.8469,37.3359,56.4842,26.8742
2220,151.871,93.4353,68.7799,30.817,36.2923,57.9927,26.5923
2250,150.943,93.5257,68.0474,30.6275,35.7544,56.6234,27.0473
2280,151.663,94.5366,69.6673,31.244,37.2236,55.1509,26.6113
2310,150.869,97.6086,70.4137,30.9827,36.2129,56.752,26.6703
2340,150.996,95.7843,67.9083,30.3703,36.3237,58.4194,26.7344
2370,149.987,96.7429,68.1082,28.4336,36.2703,59.1771,26.9789
2400,153.419,94.0333,70.6287,30.3145,38.1023,58.4899,26.6681
2430,152.781,94.2626,68.11,29.9436,36.5442,58.403,26.9543
2460,150.644,96.5278,69.3095,29.2255,36.0194,57.8207,26.8437
2490,153.509,96.1145,70.1853,29.217,36.1356,54.8845,26.6296
2520,156.758,98.8219,71.854,31.1359,36.879,55.2885,26.9201
2550,153.594,95.7652,71.9338,29.777,37.2585,55.5474,27.2898
2580,155,97.759,69.3879,31.3571,37.6966,56.9992,27.1394
2610,155.745,94.8315,72.5155,31.1051,35.8802,54.763,27.0001
2640,156.324,99.417,69.867,29.4611,36.4736,57.7478,27.0015
2670,156.072,97.1987,72.2849,29.9437,35.0956,56.5243,27.008
2700,155.955,98.1668,70.1447,29.7726,37.3179,54.9386,26.783
2730,156.997,94.897,72.3623,30.3076,36.6781,59.4762,27.2236
2760,156.469,96.6996,69.0878,29.4333,37.685,58.1356,27.0244
2790,154.401,98.613,72.5091,29.6152,36.7413,58.4707,26.966
2820,156.949,96.1208,71.867,29.9956,36.4695,57.2027,26.7425
2850,156.719,97.8394,70.995,31.637,36.5526,58.4364,26.8646
2880,156.658,100.516,70.7612,30.7418,36.4085,55.4083,27.2812
2910,156.528,95.7416,69.7832,30.4193,35.6037,59.3683,26.9478
2940,154.261,99.4769,72.1991,29.5197,36.4384,56.1325,26.9976
2970,156.367,100.201,70.569,29.286,35.822,56.7785,26.8794
3000,155.057,100.56,72.7581,31.0897,35.137,58.1135,27.3121
3030,156.652,100.637,71.0105,30.586,37.3868,59.5722,26.8629
3060,157.956,99.7412,70.7155,31.1136,36.3315,55.9069,27.3241
3090,160.64,98.8307,69.2838,31.8067,37.2199,56.0521,27.3433
3120,159.991,96.1334,71.6239,30.4333,35.8718,56.0228,26.5499
3150,159.275,95.1739,69.0755,29.3648,35.6852,54.1299,26.1702
3180,161.228,99.9221,70.7769,31.533,37.0071,54.8737,25.3343
3210,159.444,100.328,69.5013,28.9518,36.1826,54.5048,25.2346
3240,160.42,98.8178,70.6676,31.2142,38.1676,49.5559,24.3481
3270,161.804,96.7581,70.9173,29.9079,36.7721,47.4405,23.7363
3300,160.906,98.1572,68.9557,29.3452,36.4296,47.6503,23.4238
3330,160.986,98.146,71.4,28.9287,37.2822,49.2211,22.8594
3360,158.012,97.2988,70.0546,29.1656,36.0002,45.3104,22.657
3390,158.955,100.407,71.5158,28.8945,37.154,42.8813,22.7237
3420,155.638,96.2868,71.6448,29.8837,36.3334,45.0608,22.8187
3450,155.648,97.9607,72.1637,30.0264,35.8444,43.8523,22.5007
3480,154.037,96.1609,70.6497,29.8544,37.2083,41.1047,23.1215
3510,156.561,96.4876,71.3971,30.1714,37.4572,41.3334,21.9986
3540,125.987,79.1744,56.9513,31.5932,36.2226,38.5645,22.4891
3570,125.789,78.1336,57.1447,31.5881,35.459,35.1216,23.0282
3600,124.899,79.3217,57.2657,29.6314,35.5352,36.784,23.4843
3630,124.116,77.7921,57.4466,29.6876,35.5207,33.8124,24.4799
3660,122.973,81.4927,58.6628,30.8263,36.0367,36.6234,24.5118
3690,125.934,77.9843,55.452,28.7113,36.5212,34.8027,25.134
3720,125.93,80.6301,58.0034,29.6939,37.2543,37.0879,25.1142
3750,125.766,76.4773,57.9385,31.6024,35.9554,40.3163,25.3121
3780,123.148,80.7915,56.6269,30.2325,35.526,40.4036,25.0337
3810,124.784,81.0309,56.0938,29.9606,35.7682,42.119,24.9357
3840,118.501,76.5684,53.936,29.7198,36.4252,42.6253,20.6234
3870,117.373,75.8384,56.0846,30.7881,37.3184,42.0128,21.1083
3900,119.879,77.9116,53.4897,28.904,34.7042,44.1165,21.0164
3930,120.71,76.8399,52.4892,29.1145,36.5683,46.0085,20.9289
3960,119.408,77.1128,55.7525,31.0381,36.7746,50.9387,21.0082
3990,117.754,77.2889,53.5178,31.277,36.9906,52.7436,20.8123
4020,119.517,72.9647,53.8652,30.8975,36.0329,53.7727,20.6215
4050,118.956,75.8436,52.8064,30.761,36.0991,55.2147,20.6389
4080,117.849,73.4279,55.4525,31.2019,36.8533,58.9253,21.1214
4110,118.499,77.7692,54.9521,31.7241,36.1781,60.4913,20.7341
4140,118.612,77.2933,55.9344,30.0767,36.0103,63.6843,20.6103
4170,120.255,76.7813,54.8883,29.5574,36.2409,65.3987,20.7652
4200,120.806,73.8234,52.3603,30.8704,36.8193,68.8452,20.6603
4230,118.637,74.398,52.3111,31.7448,36.2419,69.377,21.1955
4260,117.704,73.5814,53.8953,30.7577,36.9202,74.1431,20.7609
4290,119.367,74.9623,54.363,30.8197,36.5031,77.8922,20.7295
4320,117.457,73.0492,55.8664,31.2088,36.3511,80.003,21.1768
4350,119.909,78.5538,55.9535,29.7272,35.256,79.5613,20.8793
4380,118.121,77.4223,52.5755,30.7887,37.158,84.9325,20.7644
4410,117.803,75.7628,56.044,29.8589,36.7923,85.6097,20.8672
4440,107.471,67.2215,47.4685,30.2524,36.4788,84.9685,18.1248
4470,110.268,77.0876,53.8688,34.7306,36.0519,87.1303,18.1534
4500,116.207,74.919,55.4623,35.9733,36.5996,83.1643,18.2867
4530,118.775,75.0642,55.1751,34.0605,37.9266,85.9938,18.2335
4560,117.328,80.1653,55.3192,34.6787,36.1006,83.3137,17.8032
4590,116.584,75.7929,56.2242,35.7464,36.36,81.3592,18.1176
4620,117.623,80.2816,55.864,34.4534,36.1022,80.4587,17.7906
4650,118.118,78.8047,55.2564,35.3038,35.6672,81.3354,17.7547
4680,119.189,80.0522,55.8162,33.3895,36.9744,79.7648,18.3008
4710,118.637,79.4515,56.8489,34.4618,35.4598,79.0768,18.203
4740,116.418,78.1255,54.4673,34.9085,35.7105,82.0105,18.2162
4770,116.413,74.8804,55.6755,35.9808,36.3435,83.3727,17.7197
4800,118.882,77.2905,53.8791,35.3231,34.9646,81.9208,18.228
4830,115.791,77.0106,54.6528,34.3744,36.121,79.6466,18.211
4860,118.778,76.8425,55.1207,33.4361,37.8326,83.2436,17.7438
4890,115.698,76.939,57.4489,33.5352,36.5645,79.3008,17.8394
4920,116.574,75.6042,57.2552,34.3044,35.9855,79.7438,17.9462
4950,118.804,77.219,56.7573,34.9217,37.3532,80.5592,18.0298
4980,116.591,78.8481,56.1111,33.6867,36.533,79.734,18.1116
5010,118.62,75.5555,56.8202,33.9182,37.1097,80.8812,17.5127
