Time,FC,PAS,PAM,PAD,temp,SpO2,FR
-1,106,153,107,85,36.5837,91,26
0,116.6,168.3,117.7,85,36.0716,91,28.6
30,115.904,171.003,119.576,85,35.5594,91,28.2645
60,114.428,169.456,118.43,85,35.0472,91,28.0368
90,118.204,165.392,120.5,85,34.5351,91,29.1052
120,118.128,170.454,118.996,85,34.0229,91,28.728
150,118.191,166.073,119.834,85,33.5107,91,28.8037
180,119.323,168.649,117.492,85,32.9985,91,28.9578
210,113.995,166.722,117.045,85,32.4864,91,29.1026
240,118.241,165.454,114.798,85,31.9742,91,28.5418
270,117.256,171.994,116.03,85,31.462,91,29.2153
300,119.062,167.109,115.738,85,30.9498,91,28.3534
330,116.188,170.507,119.866,85,30.4377,91,27.9638
360,129.059,169.161,128.901,85,29.9255,91,28.9593
390,130.459,164.616,132.112,85,29.4133,91,28.0152
420,115.728,167.735,126.927,85,29.7051,91,28.7639
450,117.423,173.378,130.746,86.8099,30.7372,91.1399,29.4996
480,115.995,169.064,116.296,86.7076,29.4316,90.3607,28.4965
510,116.681,165.079,114.431,83.772,29.7442,101.463,29.1355
540,115.747,165.302,114.887,86.6635,30.2806,100.552,26.8157
570,114.176,171.593,116.084,84.9495,30.9425,94.5963,27.8187
600,111.94,134.631,94.9834,68.2348,31.5061,96.1521,26.4835
630,110.917,132.672,95.4016,68.2623,31.8108,93.1876,26.7798
660,114.183,140.447,97.3909,68.4048,32.0428,88.8304,26.4153
690,107.428,134.169,96.0956,68.5895,31.7678,88.8404,24.74
720,108.532,133.417,95.797,67.4208,33.2933,87.1376,24.0744
750,102.787,113.189,80.192,58.8653,32.8517,82.8597,23.7039
780,89.2328,116.056,54.0905,57.9777,33.5925,83.1418,22.6634
810,93.6188,111.048,53.9434,57.6108,33.3056,83.7485,22.6016
840,89.3897,111.237,54.8146,58.8474,33.1359,84.0544,22.8524
870,86.2079,111.974,51.5339,54.4142,34.6262,80.4612,21.4435
900,87.9174,115.938,52.692,55.071,33.8256,77.5969,21.1758
930,90.922,110.217,50.1663,57.9193,34.9534,78.9454,21.7438
960,87.9432,118.402,49.6898,58.3295,34.8681,76.2346,21.2788
990,91.6658,147.857,75.9775,75.1786,36.3681,76.5863,20.9208
1020,94.5547,151.075,98.7048,75.0873,35.1996,74.3326,20.2731
1050,95.7603,150.421,101.596,74.382,36.1377,71.9509,19.9858
1080,93.0926,152.03,101.348,72.3616,37.2508,70.4264,20.9657
1110,85.4886,127.261,84.8503,64.3472,36.4267,66.5295,20.2529
1140,97.3425,140.528,93.5171,65.95,37.4584,66.687,22.6788
1170,93.4116,139.514,96.7823,62.8235,37.8062,66.6676,22.4041
1200,94.192,136.851,91.5689,62.6536,37.6615,61.3659,21.8247
1230,96.8033,135.199,93.5089,64.0905,37.5717,61.3231,22.5401
1260,117.935,164.948,114.419,62.1372,38.0781,56.3346,27.6974
1290,98.5664,151.503,99.5028,63.6009,37.6701,58.3861,26.7355
1320,101.104,149.129,101.321,65.2949,36.5445,55.3395,26.9587
1350,101.357,157.222,101.378,64.2328,37.2968,57.7182,27.8137
1380,100.988,151.59,98.964,60.4396,36.9051,54.4674,27.1919
1410,102.117,154.975,102.985,60.9753,36.8921,55.0367,27.4253
1440,102.25,148.706,100.772,62.7098,36.5568,61.0341,26.6935
1470,97.6063,150.899,99.5372,66.2514,37.3002,60.7011,27.6173
1500,104.152,159.416,100.024,64.3864,36.4423,61.7475,26.8005
1530,98.9312,155.882,103.141,64.1668,37.7372,58.4228,26.9831
1560,116.691,172.218,119.337,60.8785,37.3763,61.2741,28.9738
1590,116.29,172.61,118.609,62.7705,36.7957,60.2396,29.6907
1620,114.514,172.878,116.444,61.8315,36.4185,61.2922,29.0533
1650,115.404,172.32,117.334,65.2697,38.1602,59.2573,29.0823
1680,113.767,175.42,117.646,64.2321,36.3551,61.5021,28.4394
1710,114.659,171.753,117.132,62.8618,36.3683,58.7751,29.3547
1740,120.15,173.95,121.703,66.5083,38.1322,59.6755,29.0884
1770,121.103,171.952,114.762,62.0079,37.0264,60.6175,29.6966
1800,118.548,167.759,118.516,64.438,36.1084,61.9804,29.6735
1830,117.975,175.738,117.156,63.973,35.8173,61.1828,28.8151
1860,114.71,175.46,117.933,63.8677,37.4693,60.5707,29.0399
1890,118.412,174.216,120.987,63.3844,38.0656,59.4469,28.5645
1920,114.849,173.834,115.788,64.6782,36.262,58.7957,28.4665
1950,118.974,172.459,116.272,63.1329,37.2286,59.2211,28.7146
1980,116.665,170.873,117.161,62.5668,37.9806,62.0867,28.4786
2010,116.154,173.367,117.619,62.9793,37.7865,61.4727,28.4809
2040,121.918,180.046,122.726,64.8157,38.4885,62.0925,29.0897
2070,123.777,179.936,121.736,61.4803,37.0297,59.6316,29.236
2100,126.506,182.324,124.42,63.4399,38.2527,58.2524,29.1405
2130,125.269,181.27,126.158,62.3335,38.1924,61.3417,29.1004
2160,121.319,177.339,122.578,64.7346,35.76,59.5126,30.0532
2190,126.745,181.596,124.154,66.2412,36.4327,59.0556,29.1244
2220,123.369,178.672,122.219,62.4464,36.3265,61.6457,29.7013
2250,125.103,178.469,125.188,63.7739,36.6306,61.9449,29.3235
2280,126.17,182.516,122.649,61.4866,35.9924,60.575,29.569
2310,126.884,181.935,123.8,62.4592,35.2123,58.9481,29.6694
2340,124.84,182.794,124.111,63.3321,35.3498,58.7172,29.6393
2370,123.123,184.094,125.264,65.2304,37.0633,61.1663,29.6324
2400,124.686,183.067,125.377,62.1949,38.2547,58.0273,29.582
2430,125.596,183.291,126.933,61.4712,35.0522,61.8076,30.1213
2460,125.942,182.888,123.259,62.3044,37.3487,58.4776,29.0749
2490,124.37,181.874,123.036,62.3915,36.6742,59.6981,29.3037
2520,124.441,181.521,124.122,61.6737,36.5458,58.0541,30.214
2550,128.712,182.447,125.122,64.4855,37.948,60.0962,29.7976
2580,127.556,188.389,123.639,62.1573,37.1326,58.5936,30.1811
2610,129.797,182.455,125.975,60.5598,37.19,60.4342,29.9349
2640,131.34,182.26,128.6,63.6531,35.6474,58.8049,30.0139
2670,127.036,185.854,125.874,65.1326,36.1528,62.2444,30.7839
2700,127.016,189.432,126.473,64.0821,37.4529,62.0857,30.3073
2730,128.116,186.855,122.651,65.0631,36.3542,58.1279,29.8363
2760,129.418,184.766,130.294,62.6869,38.0925,60.5382,30.1033
2790,127.879,181.774,126.401,65.0097,35.5063,60.0939,29.973
2820,126.134,188.03,130.28,64.1666,37.1122,61.0131,30.6494
2850,128.489,183.085,125.617,62.4014,36.1021,58.8982,29.842
2880,129.687,182.831,124.699,64.5177,37.6297,58.0229,30.541
2910,130.679,182.069,127.319,63.1823,36.9924,57.9696,29.9408
2940,130.426,183.648,127.898,62.9677,36.3719,58.1066,30.1592
2970,129.101,189.499,129.094,63.798,36.919,58.0732,30.8908
3000,127.608,189.47,129.411,63.5223,36.0657,59.2965,31.0334
3030,128.579,183.125,125.768,64.8607,36.0696,60.3612,29.9501
3060,125.673,188.278,128.557,63.1847,36.8301,59.0133,31.6582
3090,129.999,184.63,126.508,60.225,36.9932,59.605,31.6554
3120,127.501,185.559,127.188,66.6139,37.1065,60.1472,32.3101
3150,126.09,185.143,127.854,61.4268,36.9554,59.2331,32.686
3180,129.818,186.681,127.924,62.2748,36.6939,58.7491,33.2772
3210,129.121,183.298,128.229,60.7713,37.2471,59.3337,34.7528
3240,129.166,180.409,125.754,62.2297,37.2776,58.2119,34.6023
3270,126.909,183.694,129.199,63.5199,35.3911,58.7039,35.683
3300,128.036,188.605,127.59,64.4334,37.0644,59.8296,35.6324
3330,127.107,185.73,125.79,64.7106,35.4692,59.7829,34.4256
3360,125.763,188.805,128.647,64.4157,37.2938,59.2355,35.2902
3390,125.479,183.604,123.964,62.2257,36.7571,55.0306,34.7782
3420,123.274,185.929,126.95,65.0558,35.7885,54.5195,34.5615
3450,118.463,187.198,127.289,64.2515,36.1503,54.5133,33.9709
3480,120.943,181.46,126.049,63.5381,36.641,50.4784,33.2473
3510,119.409,185.229,127.574,61.6185,35.6892,53.6481,32.1819
3540,120.608,185.522,131.009,65.76,37.31,52.0154,32.1122
3570,94.0073,155.801,103.596,64.676,36.4791,50.1986,31.612
3600,95.3832,151.696,104.297,62.4704,35.5214,46.5928,30.1164
3630,97.0096,153.106,105.418,62.1256,36.5461,46.3565,29.7571
3660,95.477,152.536,102.858,65.4424,35.4779,47.5435,30.4298
3690,97.9944,148.931,103.833,64.6953,36.0152,46.9862,29.3891
3720,94.4699,150.655,102.879,64.1168,35.7988,50.757,30.154
3750,94.0399,151.151,100.241,62.892,36.9965,51.6813,29.6262
3780,97.0449,154.337,102.072,63.9827,35.4326,52.3194,29.6215
3810,99.1949,148.639,100.043,62.0006,36.3491,53.6085,29.9325
3840,101.04,153.211,105.144,64.635,37.6053,55.2771,30.1555
3870,100.971,143.36,97.7082,63.249,36.162,55.4646,22.9828
3900,101.71,143.347,100.421,65.3922,36.7705,53.829,23.2222
3930,95.1929,143.734,98.3696,66.5042,36.8475,57.6188,23.3852
3960,96.1402,141.62,94.6856,67.2301,37.5123,54.448,23.2363
3990,98.4645,140.027,98.4932,64.6982,37.0942,57.4126,23.4032
4020,97.4593,142.728,101.542,64.8828,36.2954,59.3184,23.5189
4050,97.5994,143.328,100.259,66.201,35.7333,60.793,23.4522
4080,99.9731,142.809,99.2452,64.8089,34.6478,58.7453,22.4672
4110,100.812,142.687,95.442,62.9392,36.1681,62.7607,22.6389
4140,94.9663,141.172,100.185,62.6527,36.6541,66.1782,23.3958
4170,96.577,145.18,98.1273,65.842,35.5032,66.1182,23.2987
4200,97.2474,143.195,100.632,64.0505,35.9053,69.0899,22.5247
4230,102.386,142.282,97.8883,62.0857,36.4152,72.2103,22.8825
4260,98.0049,139.271,98.9435,65.432,36.4414,72.511,22.5273
4290,97.5537,138.004,99.6987,63.1855,36.4053,72.6791,22.714
4320,97.6435,145.589,96.4508,63.6652,36.4669,78.2684,22.5664
4350,100.861,143.237,97.3209,64.8108,36.2672,80.963,22.6341
4380,98.8957,145.848,101.173,64.4439,35.0757,78.8975,22.7146
4410,97.3934,145.311,101.165,64.3017,35.4009,84.4982,23.5855
4440,95.7492,148.435,100.693,62.7542,37.7328,81.0143,23.2558
4470,90.0058,132.674,84.8205,66.7617,36.807,80.5008,18.7377
4500,97.4576,147.398,102.954,73.7111,37.6444,83.3469,19.2168
4530,98.6695,146.045,100.87,72.4949,35.2085,84.4372,19.0275
4560,98.0652,147.057,101.692,75.6763,36.3755,83.7609,19.9436
4590,97.0178,146.653,103.064,74.073,35.4541,81.3957,19.4721
4620,97.7024,151.217,105.167,75.5895,35.3535,77.7213,19.0385
4650,93.1312,150.59,103.548,75.8758,35.6595,81.1403,18.8783
4680,97.3398,150.945,106.034,73.967,35.5982,77.7733,19.2293
4710,96.983,149.358,99.3313,73.9101,35.6285,80.5604,19.8471
4740,94.1346,149.781,104.625,73.9137,35.3935,77.174,18.9539
4770,95.1433,150.677,101.089,72.5356,36.5209,80.5773,19.2802
4800,94.4977,147.981,104.994,74.5017,36.2368,78.4059,19.5764
4830,100.176,142.227,99.6486,72.9271,35.8516,81.0428,19.1291
4860,92.9576,149.88,105.259,77.0479,36.0227,77.2129,18.885
4890,94.7546,144.423,101.239,70.6859,35.4926,77.1723,19.5878
4920,95.4438,148.182,100.395,74.1337,34.8259,76.9747,19.8748
4950,100.694,148.134,104.943,75.0486,35.7083,77.6977,19.2408
4980,93.5646,147.925,102.137,73.6425,34.9889,79.3552,19.3802
5010,97.5945,145.208,99.8727,71.7434,34.6482,77.6526,19.3777
