Time,FC,PAS,PAM,PAD,temp,SpO2,FR
-1,71,145,107,85,36.5586,97,16
0,78.1,159.5,117.7,85,36.0468,97,17.6
30,79.9577,155.649,117.426,85,35.535,97,17.8253
60,78.96,160.653,118.966,85,35.0232,97,17.3671
90,79.5159,158.995,115.71,85,34.5113,97,17.6365
120,77.9619,161.788,115.852,85,33.9995,97,17.435
150,77.6651,160.906,117.027,85,33.4877,97,17.3024
180,76.1744,161.559,115.805,85,32.9759,97,17.9863
210,76.992,158.174,118.198,85,32.4641,97,17.4754
240,76.7983,161.78,119.431,85,31.9522,97,17.8308
270,79.5373,162.633,117.995,85,31.4404,97,17.69
300,77.579,155.782,116.403,85,30.9286,97,17.2147
330,79.7092,162.611,119.579,85,30.4168,97,17.5409
360,84.2396,160.023,131.221,85,29.905,97,17.7662
390,87.9143,160.797,129.515,85,29.3931,97,17.9556
420,78.2188,162.357,131.411,85,29.6857,97,17.5499
450,78.1648,162.445,126.279,83.2412,30.7904,95.7853,17.5998
480,77.8381,153.777,115.819,85.6069,30.6949,97.7449,17.2587
510,77.2508,159.473,117.645,83.2688,29.813,98.541,17.7033
540,79.2619,156.606,118.179,84.7861,30.9369,96.4811,17.0533
570,95.5566,135.6,98.2611,80.0801,30.6052,96.3737,0
600,96.4637,138.881,94.8907,77.7514,32.1866,90.9772,0
630,94.4847,135.801,97.6236,77.9815,32.1359,91.0847,17.5385
660,95.4115,134.166,98.0998,80.1222,32.6933,88.1861,17.3022
690,92.8767,134.952,94.8763,77.1819,33.0395,86.4404,16.2381
720,131.765,69.4989,96.5394,46.8209,32.9314,82.5452,16.2504
750,128.674,59.8748,98.271,47.3933,33.2753,97.4964,15.67
780,130.932,66.4304,98.2957,47.7228,33.4067,95.6629,15.0069
810,127.092,73.0545,94.5038,46.2599,33.2674,93.7918,14.4846
840,124.525,72.6852,96.1421,48.2802,33.9104,90.5467,14.525
870,128.278,71.0919,92.9629,47.8632,34.8285,86.8945,14.2409
900,125.129,68.2899,93.9786,49.1497,34.789,85.7159,14.0158
930,129.423,65.0267,98.5225,49.546,34.7371,80.1946,14.2275
960,129.304,64.8934,91.6642,49.034,34.9606,82.6632,14.0284
990,126.119,72.1739,93.4674,48.1089,35.0736,76.482,13.7702
1020,128.018,70.6622,93.2241,48.4682,35.1199,74.7669,14.3965
1050,129.452,70.7884,94.9668,48.8303,37.0113,73.8564,13.6871
1080,128.414,68.568,96.3081,49.5616,36.7522,73.083,14.0915
1110,127.72,68.7565,98.0456,46.704,36.7685,67.0607,14.5071
1140,129.148,67.0058,93.1484,47.6416,36.8641,66.2435,14.4263
1170,129.133,69.656,95.8327,47.3461,36.7517,64.8736,13.8357
1200,130.522,65.6759,95.3278,47.7401,38.1328,61.9082,14.0877
1230,87.6221,97.9491,95.3356,60.5479,37.4383,62.0929,14.6794
1260,80.6357,84.0417,89.9415,54.094,36.6629,59.0986,14.577
1290,76.7654,77.8207,55.2001,54.8173,37.0788,55.9561,14.2607
1320,74.9144,77.4917,52.8218,53.8224,36.1084,81.4839,14.4372
1350,75.0248,78.3134,56.0743,52.1523,37.5627,81.4259,14.5928
1380,75.8077,77.7324,55.2127,52.167,36.7026,80.9017,14.2532
1410,76.7287,73.7509,53.4382,52.3046,36.6019,80.0118,14.3177
1440,76.8786,78.9936,51.9664,54.5013,36.0317,78.3954,14.7721
1470,76.9091,75.9208,52.8942,52.1428,37.2653,80.8639,14.6106
1500,56.2589,104.837,77.831,57.656,38.5304,85.7979,14.002
1530,58.0156,97.5393,101.786,57.772,36.2408,84.3898,13.4693
1560,58.9728,100.337,102.855,58.2441,38.6791,84.7969,13.5058
1590,58.446,98.4036,102.641,57.8595,37.0422,86.6785,13.4848
1620,53.2369,82.9729,95.7675,48.7064,36.9423,85.2401,13.9905
1650,57.8955,89.5854,95.6586,48.8655,37.21,82.9413,15.4023
1680,74.9173,80.9365,78.4621,48.0012,38.1272,86.6016,0.0568514
1710,74.7629,78.9056,78.3879,46.7273,37.1583,84.7566,0.0691584
1740,72.6121,77.5917,77.8963,48.4063,37.4452,85.9023,15.1091
1770,74.5857,80.2542,80.0727,46.0671,37.1866,82.9086,14.9216
1800,93.1322,92.6192,94.759,46.2485,37.0382,83.5773,18.5573
1830,81.49,75.1358,79.4246,46.0762,37.918,83.4419,18.4002
1860,80.9044,74.2052,80.3794,47.4271,37.7423,82.4997,18.4843
1890,80.4311,76.1863,78.1166,46.2629,36.2373,84.4347,18.542
1920,81.6704,74.8215,78.7366,46.9659,36.6362,83.9816,18.4142
1950,82.8334,76.7172,82.1335,46.5355,36.6337,82.2277,18.463
1980,81.6309,75.7261,79.6229,46.7232,37.6308,87.2216,18.5538
2010,80.2773,73.5315,78.8361,46.1571,37.2103,86.9069,18.5419
2040,80.3343,74.0316,79.6082,46.0462,37.9864,90.687,18.3755
2070,81.3901,77.624,82.4238,48.3823,38.941,89.2579,18.2779
2100,95.6796,95.8805,95.4312,46.252,36.1349,87.1218,19.5797
2130,94.9657,91.7271,94.4609,47.4267,38.5617,88.5871,19.3383
2160,94.3571,94.9274,92.6547,47.9501,36.5696,88.026,19.9283
2190,97.0073,91.6171,95.0894,48.5344,36.609,88.0643,19.8652
2220,95.2369,90.9946,92.0619,47.7799,36.3737,86.7584,19.7009
2250,96.0524,94.5024,92.3528,47.3571,37.4643,89.2688,19.7202
2280,95.5696,95.2568,93.123,48.7857,36.5994,90.7179,19.9681
2310,94.3007,94.1607,95.5498,46.3836,35.9241,87.0614,19.6353
2340,95.6445,91.2976,92.3285,48.0291,36.8029,88.0017,19.4694
2370,94.2684,93.0422,95.1564,47.1763,36.3532,87.0178,19.7661
2400,95.0167,92.8407,94.4574,46.202,36.6482,87.5962,19.5041
2430,94.9554,90.5242,94.2131,46.4515,37.3795,90.3084,19.9344
2460,94.2959,89.4203,94.7021,47.3493,35.818,90.2463,19.5358
2490,95.9395,93.6073,95.3966,48.0131,35.2774,88.4724,19.545
2520,95.715,90.0893,94.2752,47.8315,38.0022,91.1469,19.9352
2550,94.3232,93.4317,92.7891,46.8497,35.9988,88.2001,19.589
2580,99.676,96.4044,100.121,46.5322,36.9051,89.6653,20.3508
2610,111.045,98.432,97.2468,46.9678,37.9796,90.0951,0
2640,110.057,97.334,98.5144,48.0265,37.1136,89.5484,0.151836
2670,111.004,101.116,98.3715,48.0711,35.5368,86.9978,20.4001
2700,110.627,95.6048,97.2759,46.887,37.2597,87.2184,20.5288
2730,112.128,99.613,98.4982,46.5828,37.4873,88.4362,20.8128
2760,112.712,96.6016,97.2607,46.2323,35.5859,89.1166,20.6066
2790,110.268,97.4993,95.8875,46.0512,36.7623,88.1042,20.8302
2820,111.329,101.395,95.9957,46.9567,36.1466,90.2738,20.9046
2850,110.328,99.6357,96.1404,48.5562,36.7887,89.6426,20.4337
2880,113.364,97.0593,96.9454,45.6361,35.9141,88.9345,20.679
2910,112.317,100.957,98.4226,49.0874,35.6115,90.1241,20.7326
2940,111.992,96.1549,95.5269,46.5462,37.6312,87.1424,20.7302
2970,114.07,99.1917,97.5787,48.7593,35.7929,86.3471,20.4164
3000,114.407,99.3043,96.3065,49.2764,37.3947,88.7035,20.9098
3030,115.328,98.0204,99.3895,48.7308,37.0797,88.2083,20.6528
3060,116.471,99.5581,98.9705,46.9076,37.5568,90.6662,20.3189
3090,116.209,99.0975,99.3116,48.3695,37.7654,90.2369,20.4023
3120,125.32,98.6601,98.5958,49.2466,37.4697,90.228,20.8833
3150,127.509,103.121,98.9713,47.2443,36.5316,90.5284,20.7079
3180,125.839,102.719,100.03,47.9077,36.3987,88.8904,20.6446
3210,128.552,100.776,101.37,47.5498,36.0017,89.0446,20.9704
3240,127.024,102.566,100.201,47.3962,35.439,88.0444,20.2286
3270,127.212,104.296,100.025,47.2299,35.824,84.5302,20.0631
3300,126.127,103.754,102.59,47.8701,35.5824,85.1114,19.8572
3330,125.003,99.5076,99.1415,46.2062,37.1014,85.5741,19.0466
3360,122.637,104.878,100.738,48.0731,35.374,85.8265,18.9324
3390,121.098,104.671,100.197,48.1419,36.3469,88.0417,18.8376
3420,121.548,104.542,100.772,48.6693,35.2795,85.6695,18.8805
3450,119.33,102.534,99.4972,49.2709,36.6118,83.7279,19.1365
3480,119.905,101.96,99.5016,49.5979,37.4837,84.0025,19.2516
3510,148.749,85.4564,82.2507,46.0178,35.9324,88.7376,0
3540,121.839,100.734,101.327,48.9241,35.5825,84.4084,0
3570,121.533,99.2948,101.319,46.0722,35.7704,88.1547,19.2609
3600,119.983,104.209,102.233,45.8616,37.5089,89.4948,19.4286
3630,120.305,100.938,100.811,47.9522,35.3625,87.3432,19.7261
3660,122.254,98.1624,99.9926,47.6536,35.4314,86.4002,20.344
3690,121.305,103.269,102.841,48.5147,36.6581,88.3613,20.5579
3720,121.545,100.227,101.615,47.8321,36.1358,86.311,20.4787
3750,119.973,101.661,99.1183,46.6919,35.7145,89.5232,20.1427
3780,121.569,97.7367,100.92,49.2359,36.5736,90.2489,20.1354
3810,121.299,102.69,101.917,46.3502,35.9485,90.5197,20.2448
3840,121.657,100.854,101.844,45.945,36.2891,89.6442,20.3382
3870,120.842,102.294,101.104,47.9506,35.5652,90.0262,20.1472
3900,120.432,98.4022,102.876,48.5861,37.5362,91.0708,20.4651
3930,121.08,100.999,101.567,46.0282,36.9207,88.7666,20.5135
3960,122.377,104.119,101.409,46.4649,36.3797,90.3072,20.3154
3990,122.216,97.9932,102.477,46.8656,36.0047,89.6567,20.5731
4020,121.302,99.41,100.543,47.8686,34.9555,90.721,20.5205
4050,121.634,102.602,101.559,48.1104,36.5745,93.6351,20.2753
4080,122.111,103.312,100.393,48.6038,36.2793,92.8433,20.1344
4110,121.821,105.446,100.337,47.2603,36.348,93.0549,20.0393
4140,100.148,81.6614,81.5723,49.5243,37.0576,95.7053,20.3284
4170,98.7417,80.0219,79.3772,48.4298,35.424,97.346,20.0837
4200,98.0231,80.4696,82.774,46.929,36.6193,94.2958,20.1928
4230,99.9384,82.2848,81.8956,46.8535,36.2728,94.2864,20.1195
4260,98.2917,84.2408,79.6507,46.0175,36.9596,95.3591,20.0302
4290,97.6753,82.4125,82.192,46.9455,37.4662,94.7432,20.1195
4320,97.5502,79.9043,80.9851,47.0415,36.2134,95.693,20.0323
4350,98.6542,79.8952,80.2895,48.3259,35.6248,96.8415,20.2121
4380,99.0411,78.0966,80.5176,46.3744,37.5353,93.5836,20.574
4410,123.804,72.1188,64.6219,44.5407,36.5705,96.1275,0
4440,95.0311,77.0025,79.52,46.2719,37.1765,93.1649,-8.05376
4470,94.9357,78.6264,75.3964,49.2411,36.0615,93.5623,12.659
4500,95.0879,79.5225,78.4746,48.5723,36.8392,95.4045,12.9203
4530,94.849,80.7837,77.5109,47.5017,35.3277,92.7579,12.3901
4560,93.545,82.3684,76.2141,47.1917,35.8943,95.9366,12.5004
4590,94.5599,80.5486,76.0981,48.7692,36.0853,94.1815,12.5654
4620,95.1118,75.978,75.7347,47.254,37.2643,94.1452,12.7371
4650,93.5856,81.2578,75.6206,48.5488,36.3827,96.7531,12.504
4680,92.605,76.1309,78.1212,48.0665,35.5607,96.946,12.3059
4710,95.3685,76.2233,78.6684,48.0192,35.2548,97.3734,12.4723
4740,92.6878,76.2672,77.9777,49.6259,37.3465,95.9047,12.3321
4770,94.5036,80.8431,78.5817,48.5197,36.9378,97.573,12.8346
4800,94.2455,80.1504,76.9829,49.4881,36.5524,97.3624,12.8628
4830,93.3536,80.6851,77.1203,48.6245,36.4759,97.4731,12.8181
4860,93.72,79.7949,78.7655,46.5075,36.0568,93.6125,12.3798
4890,92.9554,82.1366,78.8768,49.6387,36.7495,96.657,12.3313
4920,93.7322,77.1592,79.7185,47.3071,36.9212,93.7815,12.751
4950,94.3891,80.1626,77.083,47.5468,36.9245,93.7624,12.5467
4980,95.286,82.6224,77.5847,47.592,36.4585,95.4085,12.6562
5010,94.3065,78.2886,77.6599,46.4107,35.2956,93.4781,12.6505
5040,78.6993,70.2865,74.1171,49.5712,34.7619,95.9376,14.0194
5070,86.3042,125.684,77.7869,73.9695,35.816,93.2963,13.7966
5100,85.0782,129.562,87.9407,74.014,35.6298,94.1806,14.1606
5130,86.1581,130.903,84.533,74.3616,35.0479,90.5546,13.9937
5160,85.0957,127.137,87.2214,72.7965,35.6339,89.2649,13.6247
5190,85.1478,126.875,88.1465,74.1613,37.1883,89.3929,14.1216
5220,85.8468,131.591,87.1499,74.646,36.56,92.7788,14.1652
5250,86.3074,131.14,87.8745,74.6213,34.7765,91.488,13.7884
5280,85.3998,126.625,87.8537,74.2836,36.9197,93.149,14.0829
5310,84.4959,130.328,87.0611,73.8234,37.0354,91.3954,13.7254
5340,82.4631,118.307,83.9537,72.8069,34.5577,92.9224,0.346945
5370,83.0703,121.521,86.3256,72.7564,36.3706,90.0156,0
5400,81.8893,117.456,83.2741,72.886,37.8225,92.4068,13.6123
5430,82.4952,119.577,86.422,70.7343,35.0732,91.7528,14.0708
5460,81.794,122.607,86.2061,71.2521,36.8839,90.1638,14.0224
5490,81.0221,123.986,85.8094,72.9437,36.4806,89.5285,14.0653
5520,83.1365,118.493,86.2643,72.3926,35.456,92.8358,14.1021
5550,82.8504,121.053,83.9018,72.6327,37.4066,91.7203,13.7656
5580,83.2936,119.179,86.6935,70.8077,36.0985,88.9383,13.5878
5610,81.7912,125.594,88.4231,70.6868,35.0642,84.9906,13.9269
