Time,FC,PAS,PAM,PAD,temp,SpO2,FR
-1,143,117,86,68,36.599,99,18
0,157.3,128.7,94.6,68,36.0866,99,19.8
30,160.956,131.391,96.1684,68,35.5743,99,19.951
60,158.52,127.346,95.5206,68,35.0619,99,19.7019
90,159.313,127.79,94.4304,68,34.5495,99,19.5199
120,155.28,131.691,95.5205,68,34.0371,99,19.5753
150,160.187,131.46,92.9262,68,33.5247,99,20.2378
180,157.956,131.21,96.3096,68,33.0123,99,19.3222
210,153.914,129.283,93.6827,68,32.4999,99,19.4361
240,154.665,130.552,94.5531,68,31.9876,99,19.5089
270,160.007,128.308,93.048,68,31.4752,99,20.0976
300,159.752,131.059,95.6903,68,30.9628,99,19.9541
330,160.447,131.315,94.8207,68,30.4504,99,19.7823
360,175.539,128.004,102.065,68,29.938,99,19.4095
390,171.122,127.54,105.938,68,29.4256,99,19.3943
420,176.581,130.579,104.216,68,30.3724,99,19.8276
450,174.079,128.732,103.069,67.3166,30.395,99.616,20.3675
480,159.54,128.025,94.5196,67.987,32.2251,100.703,19.9891
510,159.425,128.249,96.789,68.153,33.9351,98.3788,19.2938
540,156.319,127.155,92.3442,67.2714,33.4931,97.5792,19.0688
570,154.562,97.8025,76.8589,55.6141,35.0786,92.7622,18.6008
600,154.595,100.546,78.3924,53.2669,35.8331,92.4246,17.8538
630,149.326,101.446,78.1607,55.0905,36.143,88.2609,18.0651
660,147.801,102.458,77.9751,53.3902,37.4693,86.4186,18.2128
690,149.757,100.988,73.7091,55.5831,37.4179,81.0735,17.4475
720,140.004,84.2382,63.8328,49.1212,37.7975,78.3994,16.8096
750,121.811,85.786,43.5642,47.1829,37.4142,73.7657,16.5577
780,118.403,82.9588,45.6757,44.7669,36.0316,101.258,16.0376
810,116.623,85.44,43.6454,46.9438,38.4534,96.5438,15.3882
840,119.003,115.46,44.9825,47.1395,37.2756,94.6722,15.3282
870,117.942,111.082,44.1928,46.7234,37.5412,89.0911,15.1089
900,114.055,110.04,62.7072,58.4544,36.8182,88.8443,15.3411
930,113.594,111.517,61.3289,60.2874,37.7752,86.4676,15.3001
960,114.407,108.352,63.3497,59.1381,37.6371,87.0265,15.0726
990,124.895,106.77,80.1653,58.9085,37.0994,86.4748,14.2818
1020,125.456,107.898,82.0738,58.0666,37.3152,83.981,15.0846
1050,120.622,110.712,81.3979,59.2002,37.5633,79.9562,14.5156
1080,114.808,95.7244,68.0081,54.8462,37.7891,75.6195,14.5853
1110,125.632,101.251,77.7185,51.4577,37.2957,75.3782,15.8675
1140,126.998,101.232,76.0796,50.0753,36.23,69.6226,15.9039
1170,121.195,102.532,77.7236,50.5975,37.0219,69.6819,16.0601
1200,123.911,98.1173,78.4866,48.8913,37.4942,64.5524,16.1324
1230,153.164,118.972,94.0224,49.2425,37.6604,61.7658,20.0121
1260,133.827,108.281,80.8652,51.4174,36.7089,57.9787,19.3501
1290,130.605,109.388,82.7425,50.7323,37.4136,55.0286,20.0707
1320,132.699,104.089,83.4919,49.8739,36.8273,58.9545,19.5112
1350,131.522,105.409,81.6281,49.7771,38.0536,55.7443,19.6003
1380,132.018,106.817,80.9204,50.6162,36.377,58.656,19.6161
1410,130.519,107.172,80.0839,50.9309,36.0505,60.9939,20.0275
1440,129.575,107.507,80.6643,50.4865,37.3024,62.3377,19.6162
1470,130.564,106.221,82.7686,51.4169,37.6031,59.492,19.9723
1500,131.177,107.592,81.4119,50.256,35.8216,62.6325,19.5719
1530,154.922,121.974,94.0982,51.4686,37.0881,61.91,20.9419
1560,152.366,121.89,97.4308,49.5282,37.1318,61.5744,21.0145
1590,151.694,124.64,95.0157,50.1096,37.3151,59.5354,21.4043
1620,151.806,126.014,95.1078,49.5945,37.5106,61.5844,21.1766
1650,152.25,126.553,95.7576,50.2217,36.8334,62.6434,21.4036
1680,152.185,126.849,94.1468,49.961,38.0559,62.6574,21.452
1710,151.936,123.056,95.1135,50.7911,38.0106,61.1335,20.6807
1740,152.198,127.389,95.1703,49.3064,35.7438,62.4241,21.0912
1770,155.472,123.911,93.7608,49.7407,38.1038,59.4142,21.4918
1800,154.792,123.764,95.0832,49.8899,35.884,59.9077,20.9672
1830,152.873,125.871,93.9948,49.5036,36.9361,60.1884,21.1584
1860,153.671,126.308,96.7772,50.9648,37.7749,59.8022,21.1589
1890,156.236,123.651,97.3511,50.4587,35.7963,61.0419,21.4467
1920,153.056,127.237,94.8021,50.4328,36.4703,63.1838,21.0825
1950,151.772,122.134,96.7214,50.3178,36.6689,59.0922,20.7964
1980,155.737,127.425,97.4554,50.6411,36.558,59.6228,21.0213
2010,163.442,130.818,100.2,50.8803,36.7457,61.4978,21.8762
2040,162.868,135.303,101.31,50.3556,36.5633,58.7626,21.8682
2070,162.104,134.862,101.125,51.7194,37.6384,59.5141,21.9516
2100,162.012,130.843,101.897,51.1939,37.1713,59.8163,22.0633
2130,165.607,131.635,102.677,49.2258,37.2128,62.9109,21.459
2160,161.216,131.114,103.416,50.75,37.693,60.4691,21.9475
2190,164.793,133.877,103.3,50.8323,35.2566,61.0335,21.5265
2220,161.344,135.772,100.858,50.5669,37.2038,61.1761,21.6916
2250,165.028,131.065,102.895,50.6395,37.1149,63.068,21.8111
2280,165.44,134.561,101.456,49.7346,37.7282,59.2192,21.5816
2310,162.798,135.679,100.611,50.2134,38.0994,62.7202,21.3657
2340,164.164,130.178,103.306,49.6982,36.6999,62.7304,21.471
2370,163.776,133.337,103.839,48.9427,37.0471,62.1124,21.2174
2400,164.397,130.346,101.593,49.8373,37.5596,62.3903,21.4392
2430,163.282,135.474,103.146,50.241,37.277,61.9358,21.397
2460,164.609,132.982,102.292,49.4773,37.4249,61.2313,21.6274
2490,160.132,132.929,102.255,49.3962,36.2607,59.7909,21.2574
2520,164.29,135.956,103.815,49.4482,35.7753,61.02,21.9262
2550,163.053,133.797,102.792,51.0981,38.3621,58.6069,21.8895
2580,164.587,135.562,105.576,49.726,35.8269,62.4444,21.3015
2610,168.149,134.195,103.025,49.9256,37.1034,60.8623,21.3135
2640,162.96,137.756,103.143,49.8443,36.7845,58.8017,21.6533
2670,162.488,133.612,102.786,48.8912,35.623,61.9458,21.8478
2700,167.032,135.737,105.826,51.2307,36.4358,62.7341,21.3402
2730,162.571,132.779,104.075,51.0712,37.866,62.5357,22.0665
2760,167.674,132.715,103.142,49.1053,37.0827,61.0771,21.3057
2790,165.336,136.435,102.761,50.9126,38.0918,60.1422,22.0007
2820,164.508,133.73,104.885,50.2613,35.7899,61.3503,21.4265
2850,165.728,132.38,106.326,49.5482,36.3104,59.0418,22.1648
2880,167.595,134.005,102.962,51.2274,37.0487,62.7503,21.8124
2910,163.958,137.887,106.309,49.6172,36.6486,58.815,22.2276
2940,165.178,136.119,105.574,50.4457,35.6133,62.0964,23.1586
2970,164.139,136.193,102.96,49.9209,35.9255,60.1575,23.1676
3000,164.987,134.621,103.603,49.0708,34.9482,59.8511,23.5389
3030,162.15,133.271,105.365,51.2234,36.8747,58.6279,24.4798
3060,164.414,136.798,104.821,50.4364,35.2756,60.1543,24.356
3090,167.923,134.758,105.953,50.0103,35.9854,62.4047,24.4056
3120,165.647,132.564,103.436,50.5073,35.6668,63.1414,24.8906
3150,166.233,136.3,106.682,48.8811,35.28,63.3479,25.8372
3180,168.634,135.815,104.035,51.1578,37.2452,59.5475,26.2065
3210,165.583,132.93,103.405,50.5688,36.6628,61.7411,26.6085
3240,171.672,137.958,104.127,49.049,35.5879,57.9606,26.2604
3270,171.372,134.386,106.596,49.6302,36.7433,55.1025,24.905
3300,168.764,134.94,106.075,49.7304,36.3658,60.9636,24.4163
3330,166.335,133.923,105.383,49.8035,35.239,57.169,23.9616
3360,166.818,135.148,103.516,50.447,36.4132,59.942,23.8948
3390,169.968,135.073,106.028,51.9173,36.5224,63.7608,23.6032
3420,166.636,137.769,103.03,49.6576,36.0777,61.0667,23.2211
3450,167.005,138.182,103.562,50.3215,35.1462,63.3235,22.1661
3480,169.235,136.855,105.989,49.9909,34.8859,66.0701,21.9937
3510,172.599,138.384,106.881,51.8503,36.3971,66.3443,21.6451
3540,135.831,111.254,85.9185,50.0494,37.6401,65.1097,20.5319
3570,137.13,109.228,84.2855,49.3222,37.0135,67.0484,20.1657
3600,134.707,107.992,84.5403,50.8363,35.5173,67.5394,20.8661
3630,137.369,112.451,85.9584,50.2557,36.1943,71.9618,20.8851
3660,132.862,111.197,83.6664,52.1175,36.3656,73.0589,20.4665
3690,136.84,108.73,84.9106,50.4366,36.2497,72.2219,20.5233
3720,132.294,112.859,83.198,50.6394,35.4093,72.3281,20.0608
3750,133.473,107.783,84.4528,51.6515,36.1176,75.1321,20.7017
3780,132.195,112.511,85.6269,51.4832,36.186,73.7509,20.0813
3810,138,111.403,84.7762,49.5014,35.6459,76.7495,20.6582
3840,126.477,106.396,79.4355,50.0242,35.4629,76.2708,15.6106
3870,130.654,106.427,79.1808,50.0992,36.0325,75.8616,15.4343
3900,131.106,106.42,82.1681,49.4937,35.2196,77.6155,15.6311
3930,131.608,105.979,80.377,50.6694,35.7152,78.6739,16.0115
3960,131.01,104.015,82.6472,51.6313,36.4998,79.3287,15.8304
3990,126.297,103.127,81.9926,49.4769,37.7682,80.8431,16.0368
4020,129.734,102.227,82.0538,51.991,36.4251,83.8229,16.2172
4050,130.29,105.837,80.4096,50.23,36.6414,85.6575,15.6897
4080,131.973,102.117,79.4828,51.492,35.4091,86.8306,15.6134
4110,128.996,102.509,80.2713,50.5491,37.0639,86.4018,15.7398
4140,129.94,108.1,80.1648,51.3243,37.2443,88.5981,15.895
4170,127.451,102.207,82.4339,51.7726,37.2592,86.6096,15.779
4200,132.457,104.388,79.6708,50.0642,36.4604,88.3161,15.3801
4230,129.843,107.73,80.713,50.6428,36.4825,89.913,15.3707
4260,130.393,103.466,81.6943,51.1303,36.5109,86.6199,16.2553
4290,128.656,102.87,82.0207,52.1669,34.5988,87.7144,15.3722
4320,128.877,106.054,80.0416,49.401,36.2723,86.0296,15.985
4350,131.426,105.566,79.4093,50.1175,34.8806,87.1513,16.1486
4380,127.986,102.39,80.7315,49.4752,36.4387,85.7746,16.0599
4410,131.618,107.268,81.7277,52.0354,36.3456,90.2916,15.5971
4440,117.176,92.1929,71.3211,52.1907,35.4485,88.8158,13.6552
4470,124.592,110.615,81.9984,54.1151,36.9962,85.994,12.8679
4500,128.456,109.144,81.8212,57.6487,35.3182,89.3895,12.8532
4530,125.076,108.822,81.1889,60.4997,37.5214,86.7687,13.2544
4560,126.266,109.139,83.0614,58.8636,36.5278,87.3459,13.6894
4590,130.843,109.272,81.9153,60.1059,35.2139,85.8811,13.4681
4620,130.139,106.469,84.1009,58.0428,36.0706,82.4356,13.1723
4650,124.962,107.291,82.6826,59.8976,36.0771,82.6439,13.2512
4680,125.969,110.442,84.7987,58.2565,36.7099,82.2076,13.6322
4710,130.325,108.129,84.0763,57.7529,36.9995,85.1335,13.2935
4740,129.944,109.059,83.8939,58.2142,36.3585,84.3612,12.9118
4770,125.981,105.907,84.749,59.0601,36.0629,81.2598,13.6162
4800,130.983,111.402,81.5747,60.4609,35.4423,85.5127,12.8901
4830,129.216,109.493,81.8347,58.8975,36.841,86.1026,12.9172
4860,128.039,109.946,82.555,59.552,35.6227,85.2029,13.5882
4890,124.865,110.146,82.5166,59.8322,36.8255,84.4032,13.6541
4920,126.531,110.337,84.6351,59.2817,35.9896,84.6493,13.5237
4950,127.132,111.045,82.0341,59.8243,36.427,85.6755,13.1422
4980,130.577,107.347,81.3095,59.4012,36.5282,83.5553,13.0704
5010,128.422,110.736,81.3802,59.2742,36.0961,83.6877,13.233
5040,127.686,108.084,81.3314,59.3415,36.1142,80.1919,13.2946
5070,128.679,109.454,82.3021,59.1462,36.3679,82.7954,13.5043
5100,127.41,111.795,82.6741,59.9424,37.0265,78.8356,12.9593
