Time,FC,PAS,PAM,PAD,temp,SpO2,FR
-1,49,122,86,63,36.599,98,14
0,53.9,134.2,94.6,63,36.0866,98,15.4
30,55.1529,137.006,96.1684,63,35.5743,98,15.5174
60,54.318,132.789,95.5206,63,35.0619,98,15.3237
90,54.5896,133.251,94.4304,63,34.5495,98,15.1821
120,53.2077,137.319,95.5205,63,34.0371,98,15.2252
150,54.8891,137.078,92.9262,63,33.5247,98,15.7405
180,54.1247,136.817,96.3096,63,33.0123,98,15.0284
210,52.7397,134.807,93.6827,63,32.4999,98,15.117
240,52.997,136.131,94.5531,63,31.9876,98,15.1736
270,54.8274,133.791,93.048,63,31.4752,98,15.6315
300,54.7403,136.66,95.6903,63,30.9628,98,15.5198
330,54.9782,136.927,94.8207,63,30.4504,98,15.3862
360,60.1496,133.474,102.065,63,29.938,98,15.0962
390,58.6364,132.991,105.938,63,29.4256,98,15.0845
420,60.5069,136.16,104.216,63,30.3724,98,15.4214
450,59.5822,134.192,103.124,62.3166,30.395,98.616,15.8709
480,54.6297,133.554,94.5524,62.987,32.2251,99.7028,15.5328
510,54.6781,133.741,96.911,63.153,33.9351,98.3788,14.9545
540,53.4785,132.542,92.2542,62.2715,33.4931,97.5792,14.8259
570,52.9697,102.156,76.9845,51.6141,35.0786,92.7622,14.4279
600,52.9104,105.009,78.5203,49.2719,35.8331,92.4246,13.8533
630,51.1416,105.87,78.2784,51.1005,36.143,88.2609,14.0243
660,50.6891,106.942,78.0677,49.4052,37.4693,86.4186,14.2195
690,51.3376,105.269,73.6673,51.6031,37.4179,81.0735,13.5577
720,47.9964,87.8686,63.7381,45.4447,37.7975,78.3994,13.082
750,41.7558,89.5382,43.5638,43.8099,37.4142,73.7657,12.9013
780,40.5319,86.694,45.8149,41.3989,36.0316,100.258,12.4505
810,39.914,89.1142,43.6621,43.5808,38.4534,95.5438,11.9576
840,40.8383,120.283,45.0838,43.7765,37.2756,93.6722,11.9649
870,40.4823,115.986,44.244,43.3604,37.5412,88.0911,11.8164
900,39.036,114.846,62.7433,54.0914,36.8182,87.8443,11.9855
930,38.8642,116.388,61.2779,55.9244,37.7752,85.4676,11.9225
960,39.167,113.093,63.4265,54.7751,37.6371,85.9765,11.74
990,42.8518,111.496,80.0861,54.5455,37.0994,85.4248,11.0684
1020,43.0607,112.607,82.1155,53.7036,37.3152,82.931,11.7867
1050,41.2619,115.374,81.3968,54.8372,37.5633,78.9062,11.2775
1080,39.2525,99.6605,67.9324,50.8105,37.7891,74.5695,11.3399
1110,43.0808,105.546,77.7748,47.7492,37.2957,74.3282,12.3197
1140,43.5891,105.527,76.0321,46.3668,36.23,68.5726,12.3523
1170,41.4298,106.806,77.7802,46.8889,37.0219,68.6319,12.4921
1200,42.4407,102.464,78.5914,45.1828,37.4942,63.5024,12.5568
1230,52.5524,124.257,94.0414,45.534,37.6604,60.7158,15.6191
1260,45.9356,112.886,80.8213,47.7089,36.7089,56.9287,15.0268
1290,44.737,113.975,82.8175,47.0238,37.4136,53.9785,15.6715
1320,45.5159,108.763,83.6143,46.1654,36.8273,57.9044,15.1709
1350,45.0783,110.062,81.6325,46.0685,38.0536,54.6943,15.2507
1380,45.2625,111.446,80.88,46.9077,36.377,57.606,15.2648
1410,44.7049,111.795,79.9906,47.2223,36.0505,59.8914,15.6329
1440,44.3535,112.126,80.6077,46.778,37.3024,61.2352,15.2649
1470,44.7216,110.86,82.8452,47.7083,37.6031,58.3895,15.5835
1500,44.9496,112.209,81.4027,46.5474,35.8216,61.53,15.2253
1530,53.1286,127.38,94.0024,47.7601,37.0881,60.8075,16.2874
1560,52.1778,127.297,97.5459,45.8197,37.1318,60.4719,16.3524
1590,51.9276,130.003,94.9779,46.4011,37.3151,58.4329,16.7012
1620,51.9693,131.354,95.0759,45.886,37.5106,60.4819,16.4974
1650,52.1345,131.884,95.7668,46.5131,36.8334,61.5409,16.7005
1680,52.1105,132.175,94.054,46.2525,38.0559,61.5549,16.7438
1710,52.0179,128.444,95.0819,47.0825,38.0106,60.031,16.0537
1740,52.115,132.706,95.1423,45.5978,35.7438,61.3216,16.421
1770,53.3333,129.285,93.6436,46.0321,38.1038,58.3117,16.7794
1800,53.0802,129.141,95.0497,46.1814,35.884,58.8052,16.31
1830,52.3663,131.214,93.8924,45.7951,36.9361,59.0859,16.4811
1860,52.6633,131.644,96.8509,47.2562,37.7749,58.6997,16.4816
1890,53.6177,129.03,97.4611,46.7502,35.7963,59.9394,16.7391
1920,52.4345,132.557,94.7508,46.7242,36.4703,62.0812,16.4133
1950,51.9565,127.538,96.7916,46.6093,36.6689,57.9897,16.1572
1980,53.4322,132.742,97.5721,46.9326,36.558,58.5203,16.3585
2010,56.0365,136.489,100.134,47.1718,36.7457,60.3953,17.058
2040,55.8228,140.901,101.314,46.6471,36.5633,57.6601,17.0508
2070,55.5386,140.467,101.118,48.0109,37.6384,58.4116,17.1254
2100,55.5042,136.515,101.939,47.4854,37.1713,58.7138,17.2254
2130,56.8419,137.294,102.768,45.5173,37.2128,61.8084,16.6847
2160,55.2082,136.78,103.554,47.0415,37.693,59.3666,17.1217
2190,56.5391,139.498,103.431,47.1238,35.2566,59.931,16.7451
2220,55.2559,141.362,100.834,46.8584,37.2038,60.0736,16.8928
2250,56.6268,136.733,103,46.9309,37.1149,61.9655,16.9997
2280,56.78,140.172,101.471,46.026,37.7282,58.1167,16.7944
2310,55.7969,141.271,100.571,46.5049,38.0994,61.6177,16.6012
2340,56.3052,135.86,103.437,45.9897,36.6999,61.6279,16.6954
2370,56.1606,138.968,104.004,45.2341,37.0471,61.0099,16.4685
2400,56.3916,136.026,101.616,46.1288,37.5596,61.2878,16.6669
2430,55.9769,141.07,103.267,46.5325,37.277,60.8333,16.6292
2460,56.4708,138.618,102.359,45.7687,37.4249,60.1288,16.8353
2490,54.8047,138.566,102.32,45.6877,36.2607,58.6884,16.5043
2520,56.2471,141.708,103.836,45.7397,35.7753,59.9174,17.0765
2550,55.7867,139.583,102.749,47.3896,38.3621,57.5044,17.0437
2580,56.3575,141.32,105.709,46.0174,35.8269,61.3419,16.5176
2610,57.6828,139.975,102.996,46.2171,37.1034,59.7598,16.5283
2640,55.7521,143.478,103.122,46.1358,36.7845,57.6992,16.8323
2670,55.5763,139.402,102.742,45.1827,35.623,60.8433,17.0064
2700,57.2672,141.492,105.969,47.5221,36.4358,61.6316,16.5522
2730,55.6074,138.582,104.1,47.3627,37.866,61.4332,17.2021
2760,57.5063,138.519,103.102,45.3967,37.0827,59.9746,16.5213
2790,56.6363,142.179,102.692,47.204,38.0918,59.0397,17.1432
2820,56.3279,139.518,104.945,46.5528,35.7899,60.2478,16.6294
2850,56.7822,138.19,106.47,45.8397,36.3104,57.9393,17.29
2880,57.4767,139.789,102.887,47.5189,37.0487,61.6478,16.9285
2910,56.1235,143.606,106.441,45.9087,36.6486,57.7125,17.2538
2940,56.5772,141.868,105.659,46.7371,35.6133,60.9939,18.0407
2970,56.1909,141.94,102.879,46.2123,35.9255,59.055,18.0026
3000,56.5062,140.4,103.564,45.3623,34.9482,58.7486,18.2886
3030,55.4505,139.078,105.437,47.5149,36.8747,57.5254,19.0843
3060,56.2932,142.553,104.859,46.7279,35.2756,59.0518,18.9274
3090,57.5989,140.553,106.062,46.3018,35.9854,61.3022,18.9256
3120,56.7463,138.401,103.385,46.7987,35.6668,62.0389,19.3133
3150,56.9584,142.081,106.837,45.1726,35.28,62.2454,20.1141
3180,57.8076,141.61,104.023,47.4492,37.2452,58.445,20.3984
3210,56.628,138.778,103.353,46.8603,36.6628,60.6386,20.712
3240,58.8909,143.73,104.12,45.3355,35.5879,56.8884,20.4596
3270,58.7762,140.223,106.746,45.9116,36.7433,54.0605,19.3061
3300,57.8032,140.767,106.191,46.0069,36.3658,59.9519,18.9279
3330,56.8963,139.767,105.456,46.075,35.239,56.1876,18.5802
3360,57.079,140.972,103.47,46.7135,36.4132,58.9909,18.5796
3390,58.2539,140.899,106.141,48.1788,36.5224,62.84,18.3778
3420,57.0171,143.55,102.954,45.9141,36.0777,60.1761,18.0951
3450,57.157,143.956,103.519,46.5729,35.1462,62.4632,17.2103
3480,57.9899,142.651,106.1,46.2424,34.8859,65.2402,17.118
3510,59.1633,144.244,106.973,48.1017,36.3971,65.5446,16.8499
3540,46.5359,115.933,86.0181,46.3008,37.6401,64.3403,15.9159
3570,47.0607,113.94,84.2818,45.5737,37.0135,66.3093,15.6501
3600,46.159,112.725,84.5526,47.0877,35.5173,66.8306,16.2767
3630,47.1496,117.11,86.0605,46.5072,36.1943,71.2832,16.2938
3660,45.4724,115.877,83.6234,48.369,36.3656,72.4107,15.9192
3690,46.9529,113.451,84.9464,46.688,36.2497,71.6039,15.97
3720,45.2613,117.512,83.1254,46.8908,35.4093,71.7404,15.5562
3750,45.7,112.519,84.4596,47.9029,36.1176,74.5747,16.1297
3780,45.2244,117.17,85.7081,47.7346,36.186,73.2237,15.5746
3810,47.3843,116.08,84.8034,45.7528,35.6459,76.2527,16.0908
3840,43.2845,110.865,79.3614,46.2756,35.4629,75.8042,12.1202
3870,44.8387,110.896,79.0905,46.3506,36.0325,75.4253,11.9624
3900,45.0069,110.89,82.2668,45.7452,35.2196,77.2095,12.1385
3930,45.1936,110.456,80.3624,46.9208,35.7152,78.2982,12.4789
3960,44.971,108.524,82.7763,47.8827,36.4998,78.9832,12.3167
3990,43.2175,107.65,82.0803,45.7284,37.7682,80.528,12.5015
4020,44.4963,106.765,82.1454,48.2424,36.4251,83.5078,12.6628
4050,44.7035,110.316,80.3971,46.4815,36.6414,85.3423,12.1909
4080,45.3297,106.657,79.4116,47.7435,35.4091,86.5155,12.1226
4110,44.222,107.042,80.25,46.8006,37.0639,86.0866,12.2357
4140,44.5732,112.541,80.1367,47.5757,37.2443,88.283,12.3746
4170,43.6468,106.745,82.5495,48.0241,37.2592,86.2945,12.2708
4200,45.5095,108.89,79.6115,46.3157,36.4604,88.001,11.9139
4230,44.5368,112.178,80.7197,46.8943,36.4825,89.5978,11.9055
4260,44.7417,107.983,81.7631,47.3818,36.5109,86.3047,12.6969
4290,44.0953,107.398,82.1101,48.4184,34.5988,87.3993,11.9068
4320,44.1777,110.529,80.0058,45.6525,36.2723,85.7145,12.4551
4350,45.126,110.049,79.3335,46.369,34.8806,86.8361,12.6015
4380,43.8461,106.925,80.7393,45.7267,36.4387,85.4595,12.5222
4410,45.1974,111.723,81.7986,48.2868,36.3456,89.9764,12.1081
4440,40.239,96.2161,71.2909,48.4422,35.4485,88.5006,10.6644
4470,42.8121,115.227,81.9379,50.068,36.9962,85.6788,9.95998
4500,44.0634,113.78,81.7495,53.3032,35.3182,89.0744,9.94685
4530,42.8055,113.463,81.0772,56.1542,37.5214,86.4535,10.3058
4560,43.2485,113.775,83.0682,54.518,36.5278,87.0308,10.695
4590,44.9515,113.906,81.8495,55.7604,35.2139,85.6159,10.497
4620,44.6894,111.149,84.1734,53.6973,36.0706,82.1705,10.2323
4650,42.7633,111.958,82.6654,55.552,36.0771,82.3788,10.303
4680,43.1378,115.057,84.9154,53.911,36.7099,81.9424,10.6438
4710,44.7587,112.782,84.1473,53.4073,36.9995,84.8684,10.3408
4740,44.6171,113.696,83.9534,53.8686,36.3585,84.096,9.99929
4770,43.1422,110.596,84.8626,54.7146,36.0629,80.9947,10.6295
4800,45.0035,116.001,81.4874,56.1154,35.4423,85.2476,9.97983
4830,44.3462,114.123,81.7639,54.552,36.841,85.8375,10.0041
4860,43.908,114.569,82.5297,55.2064,35.6227,84.9377,10.6045
4890,42.7272,114.766,82.4889,55.4866,36.8255,84.1381,10.6635
4920,43.3468,114.953,84.7414,54.9362,35.9896,84.3842,10.5467
4950,43.5708,115.649,81.9758,55.4787,36.427,85.4103,10.2054
4980,44.8526,112.012,81.2054,55.0557,36.5282,83.2901,10.1412
5010,44.0161,115.374,81.2212,54.9286,35.5847,83.4225,10.09
