Time,FC,PAS,PAM,PAD,temp,SpO2,FR
-1,87,190,136,106,37.1948,98,16
0,95.7,209,149.6,106,36.674,98,17.6
30,95.1506,205.859,145.931,106,36.1533,98,17.2467
60,96.7967,205.811,151.757,106,35.6326,98,17.8142
90,94.0697,211.186,150.399,106,35.1119,98,17.903
120,97.5876,213.226,152.387,106,34.5911,98,17.3905
150,94.8603,213.444,149.51,106,34.0704,98,17.4516
180,93.3431,207.343,149.822,106,33.5497,98,18.0128
210,93.8505,213.338,147.094,106,33.029,98,17.2739
240,96.395,203.905,152.125,106,32.5082,98,18.0175
270,93.7782,210.486,152.442,106,31.9875,98,17.856
300,94.422,205.666,151.224,106,31.4668,98,17.7526
330,93.5575,206.328,145.978,106,30.9461,98,17.3375
360,105.3,207.659,161.34,106,30.4253,98,18.0127
390,106.699,213.366,167.792,106,29.9046,98,17.8008
420,105.809,206.588,148.638,106,31.0872,98,17.3605
450,104.243,208.709,148.91,106,32.2697,98,17.7272
480,96.7563,206.328,152.501,106,33.4523,100,17.8853
510,93.2099,213.559,148.674,106,34.6349,94.0477,16.8834
540,93.6536,215.327,146.614,107.867,35.8174,93.7128,16.6874
570,90.0964,163.371,119.788,85.6016,36.6418,87.2126,15.969
600,93.5111,164.835,116.994,84.8451,36.6418,84.9596,16.3888
630,92.6849,167.867,120.865,82.6846,36.3177,80.6929,15.5737
660,90.7792,172.647,120.722,84.8295,36.7677,78.7907,15.6975
690,84.4953,133.662,113.722,81.1817,36.8313,72.8648,14.7487
720,74.6405,145.733,68.1657,78.2146,35.9065,67.7658,14.4693
750,74.7645,140.764,66.7018,74.1165,36.0321,93.383,13.7977
780,73.9011,141.307,64.2426,70.407,36.0356,88.2936,14.2054
810,74.3413,137.843,65.4564,73.3404,36.1977,83.6069,13.597
840,73.771,138.368,95.7893,70.679,37.2617,79.6423,13.3452
870,70.4584,140.944,96.8218,73.4371,36.2719,78.8122,13.4814
900,72.4776,133.914,97.424,69.5838,37.441,76.5005,12.9674
930,71.1337,135.906,94.119,71.1154,37.7388,72.8098,13.3905
960,76.4673,178.819,131.055,95.1974,37.5925,72.2893,12.9606
990,76.8815,172.92,125.627,93.6137,36.91,68.4103,13.4285
1020,77.4002,178.443,128.09,92.8084,36.1953,60.6931,13.3523
1050,71.81,151.222,120.727,86.6243,37.6896,57.3718,13.1471
1080,77.6766,163.597,124.48,82.5993,36.1322,53.6015,14.6631
1110,78.9434,167.214,122.722,77.596,36.8863,51.7076,14.8108
1140,80.0519,164.066,123.013,80.8243,36.5592,47.6847,14.3996
1170,77.539,162.102,124.269,79.3186,37.2126,43.5269,14.3655
1200,74.4739,170.388,123.09,77.1636,36.6792,39.8799,15.009
1230,75.5949,166.073,122.45,81.3314,36.111,36.8467,15.1823
1260,70.6238,149.572,112.469,79.3844,36.2044,30.9306,13.6652
1290,73.2014,155.077,112.106,77.7941,36.8556,32.5311,13.377
1320,69.5622,149.099,113.06,78.8033,36.8677,32.5921,13.2386
1350,72.0043,149.88,112.734,81.1163,36.4693,32.6692,13.6039
1380,95.0407,198.763,145.124,78.5566,37.7681,32.6883,17.2586
1410,90.6899,198.261,146.694,79.5059,36.2634,32.7259,17.7121
1440,90.4699,196.802,146.924,80.1866,36.2726,32.9161,17.1372
1470,88.5607,197.633,147.515,78.7715,36.63,32.923,17.2961
1500,89.9722,198.97,144.789,78.7401,36.3979,33.0083,17.7237
1530,90.9799,198.058,146.866,80.0825,37.7453,33.0731,17.1177
1560,89.7817,199.288,146.876,79.3426,37.7073,33.1592,17.4395
1590,90.3402,195.667,144.579,81.5212,36.2494,33.1988,17.1097
1620,92.5473,196.164,147.538,80.9474,36.6321,33.2804,17.1337
1650,93.9023,199.407,144.971,79.7091,37.3668,33.2935,17.5469
1680,89.9263,196.107,145.512,78.7421,36.9328,33.2893,17.3489
1710,90.529,198.859,142.292,80.4449,37.2562,33.2857,17.2463
1740,91.4598,193.284,142.689,81.6284,36.2728,33.3012,17.6118
1770,91.5815,194.219,144.073,81.0505,37.7276,33.2768,17.6955
1800,91.6244,196.032,146.546,77.2176,37.3186,33.2953,17.1753
1830,89.1304,193.448,142.142,80.253,36.7121,33.3127,17.7208
1860,89.6065,192.348,147.82,79.879,36.6603,33.3873,17.3191
1890,90.0395,197.769,143.854,81.7621,37.5454,33.3047,17.3164
1920,92.3317,192.755,144.734,79.0895,36.6779,33.3629,17.5672
1950,92.515,198.137,142.317,77.851,36.2119,33.2711,17.1961
1980,98.8038,212.359,154.912,79.039,37.8517,33.3531,19.107
2010,97.2364,212.669,154.136,77.3452,36.9244,33.3326,18.8251
2040,99.0444,218.872,157.885,81.2833,37.1295,33.332,18.6765
2070,98.4339,213.589,157.485,78.2416,36.7193,33.3911,19.0711
2100,101.67,211.123,159.232,81.5436,37.1706,33.3897,18.5017
2130,99.7516,211.383,159.665,79.2204,36.9804,33.3371,18.9749
2160,97.6445,214.131,159.53,81.6599,37.571,33.3001,18.7614
2190,97.9496,210.893,155.507,81.2372,37.5788,33.2863,18.7358
2220,99.9256,213.048,158.301,80.5708,36.1844,33.3823,18.9274
2250,99.2892,216.057,157.085,78.3937,36.2053,33.3049,18.7422
2280,100.325,213.55,156.474,79.0695,37.0599,33.3942,18.8022
2310,99.355,217.085,159.54,80.0753,37.6632,33.3137,18.8002
2340,98.0779,212.535,158.401,79.9449,37.8306,33.3279,18.9665
2370,99.2054,212.891,154.23,77.2957,36.9749,33.3325,18.8698
2400,99.2247,219.299,157.182,78.2618,37.5998,33.2684,18.7315
2430,101.564,213.431,155.658,79.8505,37.1987,33.3821,18.9152
2460,100.233,214.116,158.561,81.3029,37.518,33.3408,18.9461
2490,75.0677,159.232,117.958,77.9211,36.3716,33.3309,13.7339
2520,74.3742,160.557,113.834,78.0644,37.7336,33.3474,14.12
2550,74.8234,154.745,114.197,79.0353,37.8397,33.3981,13.9232
2580,73.7114,156.396,117.555,77.0069,37.7005,33.3378,14.0623
2610,72.2206,158.798,117.586,78.6412,36.2579,33.287,13.6879
2640,71.1529,156.757,117.219,81.3905,37.8585,33.3648,13.89
2670,75.5428,159.799,114.112,80.8051,37.2863,33.3941,13.9877
2700,73.6277,157.295,118.23,77.4329,37.8608,33.3777,13.9925
2730,71.1149,157.397,115.837,79.3617,37.2706,33.3851,13.5203
2760,72.5707,159.456,116.239,77.7715,36.8102,33.2879,14.1698
2790,72.7637,160.969,113.923,77.0839,37.1662,33.2709,14.012
2820,79.0424,165.981,121.106,78.86,36.7449,33.298,14.5043
2850,78.2518,166.913,122.837,79.7592,37.7007,33.2711,14.5763
2880,81.3004,164.153,125.042,81.1335,37.5461,33.3398,14.4479
2910,80.3412,169.037,119.734,79.0219,37.0923,33.2979,14.7379
2940,80.9441,165.779,120.901,79.9632,36.9735,33.3343,14.4366
2970,84.4686,169.292,120.561,81.3903,36.0946,33.3699,14.7592
3000,85.4351,169.774,124.045,79.5578,37.4451,33.3622,14.6957
3030,84.8878,164.673,122.351,80.4782,37.398,33.3363,14.5305
3060,84.6517,169.402,123.453,78.8927,37.718,33.3943,14.4411
3090,85.8767,166.146,120.003,77.9949,37.7741,33.2974,14.5145
3120,88.813,171.233,123.5,80.9096,37.1397,33.3228,14.6646
3150,85.7209,172.214,124.264,81.0836,36.2432,32.0567,14.5231
3180,86.8594,169.46,124.145,77.2577,36.673,30.8395,14.1575
3210,83.8373,165.584,122.718,79.7765,36.9671,33.3445,13.921
3240,85.3894,167.226,124.238,81.5388,36.6868,37.4208,13.6438
3270,82.1135,165.605,125.372,79.3937,37.0501,41.4165,13.1395
3300,82.2662,164.074,122.58,81.6244,37.6196,39.9875,13.1422
3330,83.5476,167.82,120.188,78.7857,37.3385,43.1841,12.9718
3360,80.3593,170.39,122.385,77.2908,36.4018,45.2727,12.0911
3390,80.5285,171.003,123.329,80.111,36.1823,49.4762,12.4779
3420,71.9684,153.683,112.218,79.041,37.8585,51.8118,10.9877
3450,77.9949,182.506,120.467,81.4855,37.2561,53.023,11.0795
3480,80.3571,180.18,128.677,85.4674,37.0843,56.6067,11.3151
3510,81.4094,179.469,133.123,90.6556,37.177,58.9893,11.1699
3540,78.3659,175.701,128.015,93.3696,36.6118,62.5876,11.3958
3570,80.3673,180.24,132.08,92.79,37.1684,62.3964,12.0043
3600,78.4624,178.249,128.86,94.294,36.2289,66.4719,12.5035
3630,79.9921,182.856,131.88,92.6899,37.0768,70.1793,12.7865
3660,78.1071,176.29,132.667,91.3075,36.674,69.0937,12.7395
3690,79.9351,180.558,129.55,91.2909,36.7445,72.3632,13.5856
3720,81.24,177.313,131.52,90.5275,37.4512,78.7651,13.4713
3750,80.7555,178.267,127.963,91.8577,36.8154,80.8066,13.4402
3780,81.1968,179.6,132.811,90.0202,37.5226,83.0005,13.6301
3810,77.9881,181.46,130.498,93.1531,37.0101,85.9482,13.4284
3840,80.9106,175.113,127.596,93.6433,36.7685,87.6641,13.3973
3870,78.0362,180.506,128.168,94.2585,36.3039,87.6826,13.6186
3900,79.5883,175.515,130.215,91.9054,37.3538,90.9178,13.6981
3930,79.4028,176.299,133.117,92.4757,36.0832,95.1333,13.5632
