Time,FC,PAS,PAM,PAD,temp,SpO2,FR
-1,83,125,98,71,37.0446,100,15
0,91.3,137.5,107.8,71,36.5259,100,16.5
30,93.218,139.306,106.772,71,36.0073,100,16.3558
60,92.9295,138.758,107.99,71,35.4887,100,16.7626
90,89.4144,134.092,110.1,71,34.9701,100,16.4973
120,93.3903,134.183,109.552,71,34.4514,100,16.4205
150,90.9391,134.898,107.094,71,33.9328,100,16.0979
180,93.4658,139.051,109.279,71,33.4142,100,16.2908
210,91.797,136.353,110.109,71,32.8956,100,16.3476
240,93.4114,134.494,106.822,71,32.3769,100,16.2039
270,90.7886,135.293,105.954,71,31.8583,100,16.5275
300,91.8323,136.107,108.629,71,31.3397,100,16.4664
330,93.565,137.905,106.107,71,30.8211,100,16.6321
360,98.4601,137.173,121.064,71,30.3024,100,16.8862
390,99.5722,137.913,115.887,71,29.7838,100,16.2945
420,101.662,139.826,118.028,71,30.0845,100,16.3394
450,100.884,135.704,117.863,71.0814,30.6639,101.22,16.627
480,91.2135,134.463,106.577,71.4579,30.3782,100.753,16.1688
510,90.6315,140.873,105.724,72.1012,31.06,98.4851,16.1122
540,91.8638,137.904,109.645,72.2688,31.3593,98.7953,16.3959
570,89.2804,109.739,86.0926,56.0168,32.1326,94.6503,16.144
600,89.3187,106.566,89.0319,55.5781,32.4004,93.5211,14.7467
630,89.871,108.886,84.0006,57.8713,32.7349,88.519,14.9054
660,84.1196,108.376,85.6447,55.9821,33.0048,84.6531,15.1533
690,85.2921,107.163,82.623,55.5916,33.2561,81.3106,14.3433
720,83.7251,92.7457,81.8396,48.1175,32.3291,82.3595,14.3429
750,71.3999,89.7451,49.7523,46.4787,32.6461,79.5033,13.5176
780,69.7723,91.6034,48.3074,46.8349,33.8674,96.4482,13.1586
810,71.5551,92.7439,50.5347,46.9352,34.5981,93.6161,12.7055
840,70.7321,92.7201,72.1389,47.6679,33.7157,90.3848,12.7226
870,67.0511,94.5057,73.0355,46.4042,34.8838,86.1573,11.7971
900,69.6514,89.3874,69.6903,63.4337,35.2501,80.765,12.8289
930,68.7988,91.5513,72.1776,61.1429,35.8225,82.6017,11.807
960,69.5095,119.562,71.0196,62.2945,36.3612,82.3937,12.1454
990,74.0063,116.699,92.6854,62.6178,36.1027,79.1175,12.1626
1020,72.77,115.508,96.1597,61.2068,35.721,75.7758,12.1909
1050,73.4516,118.545,95.2298,63.0555,36.8785,74.1943,12.1572
1080,71.3736,98.3536,89.341,53.2525,37.6347,70.9672,11.9357
1110,74.1449,108.363,92.3981,51.6027,36.6908,70.3075,13.3268
1140,74.8146,106.797,91.8287,51.0965,37.6439,65.9234,12.9834
1170,75.3669,109.85,89.5186,52.1988,38.3994,61.0609,13.0154
1200,74.1626,104.187,89.5167,53.6538,38.8269,60.8309,13.1083
1230,89.0366,126.791,107.6,51.5262,36.6923,55.4601,15.7606
1260,75.9659,109.39,98.5638,51.1342,36.6611,53.9465,15.689
1290,77.4736,109.08,96.5732,51.4767,37.0734,52.0769,16.1666
1320,77.9435,109.973,97.5954,52.6451,36.8421,54.5945,16.1817
1350,77.2768,107.319,94.9116,53.1653,36.6223,53.6722,16.0142
1380,78.343,109.883,97.5599,53.8794,37.2251,54.2074,15.9616
1410,77.5065,107.821,97.6237,53.5313,37.08,55.4538,15.8889
1440,78.7266,107.398,98.6255,51.8235,37.7514,53.0967,16.1676
1470,75.9953,106.843,96.9609,52.8754,36.2348,53.3371,16.1863
1500,79.2996,110.504,98.0363,54.1864,37.7073,54.9209,15.7342
1530,93.1361,129.058,113.872,53.293,36.446,53.0479,17.2727
1560,92.2394,133.876,110.818,51.3001,37.1561,57.4513,17.1783
1590,91.1994,130.95,111.508,52.8664,37.3581,55.021,17.0641
1620,90.5636,129.485,112.392,53.8645,38.4255,57.7988,17.102
1650,89.9057,133.412,111.496,51.5691,36.4358,53.5166,17.269
1680,90.8307,130.158,110.103,54.3086,37.8992,56.885,17.2534
1710,90.9885,129.119,112.046,54.2031,37.7993,55.8412,17.1582
1740,93.5591,128.998,112.659,53.4357,36.2521,55.0777,16.7442
1770,91.1917,132.613,111,53.0542,35.8499,55.9658,16.9147
1800,91.8793,131.738,111.457,51.1673,36.1441,58.0753,17.1792
1830,90.3254,130.889,113.258,53.1591,36.0944,55.2653,16.8684
1860,90.9492,134.197,114.362,51.9927,36.7162,55.0644,17.2439
1890,89.8835,131.797,112.224,51.1659,36.725,55.2507,16.9543
1920,91.8494,132.608,112.012,54.2579,37.2024,57.0798,17.2489
1950,92.648,131.327,112.398,54.2833,38.0851,54.5282,16.7286
1980,93.0267,129.836,111.442,52.1464,37.2756,54.468,17.0525
2010,95.987,140.443,118.092,50.9974,38.1981,55.329,17.4025
2040,97.7541,141.157,116.462,52.2659,37.2261,54.6876,17.8211
2070,96.901,140.924,119.566,51.3851,36.6297,54.0276,17.5727
2100,96.66,138.915,119.329,53.9297,35.3719,55.5339,17.4026
2130,98.2873,136.593,116.572,52.6375,38.0669,57.1177,17.6411
2160,97.049,142.023,115.596,53.1554,37.3014,56.3897,17.4696
2190,95.5838,139.503,117.572,53.4645,37.4202,54.7809,17.2851
2220,95.4634,137.343,119.561,51.3243,36.1395,55.1586,17.2805
2250,96.7739,139.913,117.83,52.2481,35.9709,53.5352,17.6767
2280,96.2852,136.77,117.025,51.6159,37.3747,56.1522,17.5032
2310,97.152,136.624,116.158,51.5754,36.947,54.5542,17.659
2340,97.5404,137.386,118.881,53.7863,36.1672,57.8158,17.8013
2370,98.0777,138.875,116.747,54.2415,36.8365,56.8072,17.8325
2400,96.7348,136.663,116.146,53.3817,38.0598,54.0776,17.5432
2430,98.0896,138.129,118.362,52.2262,37.8962,53.6513,17.4471
2460,95.5344,141.197,116.17,52.9109,36.7565,55.8595,17.671
2490,97.0834,140.948,118.41,51.5622,35.7292,54.1066,17.5432
2520,98.416,142.591,119.131,52.2568,35.4965,57.7225,17.8959
2550,99.3061,143.907,118.76,52.1685,35.9351,56.79,17.7349
2580,100.671,145.709,118.479,54.1582,37.4799,56.6355,17.6644
2610,98.1828,142.72,120.582,52.421,37.3068,57.9671,17.4905
2640,100.575,141.687,120.219,54.2213,36.2268,56.9677,17.5002
2670,100.094,145.929,120.174,51.8319,36.8585,57.0498,18.0453
2700,100.532,145.793,122.393,53.7886,36.4793,54.3928,17.8655
2730,100.358,145.623,118.645,52.9217,35.5255,56.6398,17.714
2760,97.3987,142.131,119.751,52.8806,35.57,56.6595,17.6629
2790,100.269,142.233,120.481,53.9249,35.4623,57.7705,17.6313
2820,97.032,146.548,118.28,52.1397,35.7211,53.4392,17.745
2850,100.448,142.544,122.219,52.0959,35.7347,56.9333,17.7058
2880,99.3809,142.269,121.729,51.1743,35.4906,54.9636,18.1873
2910,98.9553,146.696,122.093,53.4579,35.9128,57.9412,17.6622
2940,99.0807,147.245,120.284,54.247,35.4541,54.9082,17.6473
2970,98.9527,143.165,120.26,53.1014,36.0089,57.6934,17.8574
3000,97.62,145.728,120.734,51.8231,36.037,54.64,17.9924
3030,99.4235,142.692,120.476,53.1816,36.5628,57.1136,17.8785
3060,98.0412,142.986,120.821,52.0545,36.8837,55.3065,17.7015
3090,100.874,146.427,122.552,53.2692,37.2201,53.8806,17.6272
3120,99.3704,145.219,120.328,52.2855,36.0245,53.5374,18.1794
3150,101.556,144.299,121.771,52.7161,36.3388,58.2212,18.1469
3180,101.957,144.211,120.052,51.4254,35.7248,54.8197,17.6377
3210,102.248,142.375,122.305,51.7863,37.2494,54.739,17.6177
3240,103.066,145.114,120.866,53.414,35.3386,56.7799,18.0437
3270,105.48,143.607,120.164,52.7056,35.9701,55.4517,17.7066
3300,105.35,145.572,120.388,53.3835,35.8884,57.127,17.9671
3330,106.29,144.705,122.773,52.2671,35.161,55.2102,18.0227
3360,106.175,146.358,120.927,53.5374,34.9403,54.0982,17.264
3390,105.02,145.87,121.467,51.2124,37.7927,51.2408,17.1773
3420,105.635,144.583,119.9,53.9034,36.1755,50.8704,17.2555
3450,104.86,143.242,119.214,53.6376,35.7257,49.3691,17.3953
3480,103.03,146.549,122.115,52.4881,36.2832,47.8039,16.9327
3510,106.956,149.348,121.748,53.6937,36.7558,45.3738,16.7421
3540,84.9769,116.288,97.1419,54.501,35.9927,46.0284,16.8541
3570,83.833,117.797,97.8203,51.9632,37.6038,42.204,16.4987
3600,81.9271,118.842,98.3019,52.9409,37.6052,43.6793,16.8002
3630,81.7198,119.776,97.9122,53.3935,36.0925,43.6831,16.4903
3660,81.4193,115.358,96.9062,51.9875,37.1703,41.3987,16.6472
3690,78.4863,115.27,99.322,52.5741,37.5525,38.1939,16.5271
3720,79.4363,119.605,100.005,53.1465,36.7777,35.4526,16.8617
3750,79.0692,117.596,96.2995,54.3783,36.4158,33.5896,17.4944
3780,77.8531,115.792,96.7294,54.6124,37.9006,34.1287,17.0924
3810,77.5266,115.483,98.9428,54.7747,36.3742,32.2511,17.2551
3840,76.5988,110.216,91.7889,53.9208,36.3501,29.6428,13.7585
3870,75.968,109.764,92.1265,54.5679,35.1642,31.7588,13.7832
3900,74.7593,114.412,92.6151,53.0722,37.4572,29.7291,14.1728
3930,76.4563,110.884,95.6859,54.648,35.8854,27.01,13.8377
3960,75.2525,111.952,92.1064,52.9259,36.4725,26.5378,13.9569
3990,74.7714,113.503,93.8303,53.7203,35.3013,26.4921,13.9202
4020,74.4515,110.002,91.5971,52.5586,37.6416,24.2265,14.1302
4050,73.5456,110.018,95.207,53.5382,36.1308,24.1061,13.7063
4080,76.3568,109.548,94.2276,53.9352,35.833,26.8555,14.1492
4110,73.5146,113.624,94.1276,52.2713,35.961,30.2199,13.9872
4140,75.9327,113.237,95.8052,54.0882,35.9474,32.3399,14.025
4170,74.7651,111.609,92.9777,51.7536,36.6309,32.9604,14.0446
4200,74.7929,113.736,93.6426,54.681,36.2748,38.6782,13.794
4230,75.465,111.397,94.0108,54.6629,35.1238,39.9492,14.0902
4260,73.4346,112.006,94.1779,53.8693,36.4609,41.7276,13.7785
4290,75.8619,113.05,93.2172,53.6354,35.8031,44.1891,13.9454
4320,74.91,113.705,93.8946,53.9252,36.4572,45.1813,13.8034
4350,76.2646,112.282,92.8296,54.6287,37.8519,51.3472,13.6444
4380,74.7215,110.808,95.0127,52.5531,36.0107,53.2899,13.8384
4410,76.6108,108.741,91.7368,51.8044,36.4355,56.2107,13.695
4440,66.2618,97.7183,84.8419,54.8602,37.341,57.2462,11.8173
4470,70.8877,116.285,89.0664,61.6761,35.8211,61.2862,11.5201
4500,74.5089,115.001,94.7485,60.5874,37.364,63.9255,11.8817
4530,75.9362,116.449,96.4169,61.9121,35.3466,67.3553,11.7617
4560,74.6025,116.471,95.1597,60.6488,37.0217,69.8163,11.634
4590,73.9475,113.679,96.6141,63.1259,35.8809,69.5542,12.0941
4620,75.3935,114.409,94.1669,61.4055,36.4476,67.6578,11.6451
4650,74.2456,117.102,97.0054,61.9479,35.9091,70.1155,11.973
4680,73.5233,115.241,93.3595,63.0386,36.2739,73.3268,11.9078
4710,75.9399,117.789,96.1351,61.083,36.148,76.8899,11.5729
4740,75.9547,115.644,95.8109,60.6577,36.3004,80.1513,12.0283
4770,74.0264,114.321,95.4714,61.9572,37.1457,82.481,11.6567
4800,72.3804,114.929,94.1791,60.7081,35.4067,85.0636,11.5872
4830,73.364,115.787,95.4923,61.7684,36.3401,83.8555,11.6053
4860,73.7704,113.974,95.0663,62.3561,37.6793,83.5372,11.7157
4890,73.0045,113.165,97.5823,60.2426,36.3056,82.2764,11.8975
4920,75.3069,115.764,97.2753,63.096,37.6283,80.9662,11.6188
4950,73.7998,115.974,96.624,61.8374,36.024,84.2286,11.9946
4980,74.8985,113.43,95.7604,61.8144,34.7759,85.1138,11.6222
5010,73.3958,117.736,94.6448,62.9577,36.1599,83.3456,11.5472
5040,72.8734,116.201,93.7423,60.3434,34.7169,79.4005,11.7041
