Time,FC,PAS,PAM,PAD,temp,SpO2,FR
-1,103,160,105,95,36.8784,90,27
0,113.3,176,115.5,95,36.3622,90,29.7
30,115.508,179.32,113.175,95,35.8459,90,29.2886
60,115.829,175.842,117.342,95,35.3296,90,29.6038
90,115.524,177.719,114.743,95,34.8133,90,29.3599
120,113.82,173.003,112.961,95,34.297,90,30.3447
150,114.885,177.504,113.823,95,33.7807,90,29.7527
180,115.783,174.821,115.002,95,33.2644,90,29.1869
210,111.933,173.127,116.283,95,32.7481,90,30.0925
240,113.374,171.719,115.273,95,32.2318,90,29.5232
270,111.334,178.996,115.728,95,31.7155,90,29.601
300,111.303,180.017,113.22,95,31.1992,90,29.8181
330,115.513,177.372,118.067,95,30.6829,90,29.2122
360,124.618,179.956,126.406,95,30.1666,90,29.645
390,126.883,176.363,127.165,95,29.6503,90,30.0329
420,125.986,176.66,115.879,95,30.569,90,30.0601
450,127.092,181.575,117.814,95.95,31.7934,90.9,30.4124
480,113.37,177.041,115.838,94.4221,32.0553,90.0064,29.9797
510,116.063,177.537,119.222,96.9854,34.1201,98.8036,30.3631
540,112.352,181.268,115.425,97.1754,34.1161,99.6952,29.3646
570,114.996,137.53,91.6118,74.4607,35.573,98.0459,27.7583
600,111.457,139.568,95.8063,78.6335,36.0518,96.46,27.5186
630,113.009,143.392,95.6821,76.0896,37.1503,94.0391,26.789
660,111.234,141.043,93.8023,74.0458,36.6393,87.8591,27.3009
690,108.105,137.81,93.4463,78.0087,37.559,87.7891,25.8122
720,102.956,118.509,86.2998,69.2352,36.3472,86.7238,25.0091
750,87.1208,117.36,51.4364,62.3108,36.1123,83.951,25.3879
780,92.0126,120.54,48.6613,63.6224,37.1037,83.5353,24.6299
810,89.6047,119.306,52.3391,62.3657,35.9615,81.6112,23.7518
840,89.1905,117.693,49.4338,65.0688,36.4773,81.1193,23.1465
870,87.007,117.293,52.997,65.6563,38.0584,80.1968,22.6124
900,83.7739,122.672,51.623,81.1885,37.9307,76.4964,22.5836
930,83.1179,119.422,49.4867,85.5653,37.3828,76.3724,22.5854
960,82.7892,153.263,77.1853,84.5648,36.8839,75.9046,22.3925
990,87.9258,149.736,100.555,85.0077,36.3003,74.5378,22.0831
1020,93.1586,155.744,101.944,84.4302,37.0716,73.6666,22.0645
1050,93.5914,155.04,100.14,85.0105,36.7786,70.9475,22.3031
1080,89.4305,131.993,91.9987,78.9497,36.3146,67.3145,22.0862
1110,91.7489,136.249,92.4158,70.0366,36.6727,66.2718,23.6015
1140,90.9728,140.249,96.4558,68.6094,36.9017,63.7623,24.4821
1170,94.4134,142.212,93.9391,71.5301,37.1627,62.7518,24.0749
1200,94.3029,143.491,93.2888,71.3086,37.471,59.5665,24.1045
1230,113.603,169.704,111.483,68.4084,36.9119,54.6768,29.1235
1260,97.9108,144.886,102.482,72.0896,37.0892,53.1355,29.8367
1290,99.379,136.412,102.786,71.0031,37.565,53.8734,28.9021
1320,95.6335,144.258,103.453,72.8834,37.5902,53.9534,29.427
1350,83.6941,130.037,84.2745,68.6105,38.0244,50.5835,21.9732
1380,83.3347,126.897,86.4128,72.6058,36.7212,54.247,22.8871
1410,109.724,162.444,111.065,70.8997,36.6267,50.3494,28.2157
1440,121.732,183.314,119.757,69.1704,37.7664,54.5625,30.3949
1470,124.333,190.925,125.442,68.4282,37.1935,53.4679,31.1947
1500,123.997,190.805,122.255,72.6916,36.4968,52.7201,32.2929
1530,99.7163,152.199,100.72,69.5866,37.4459,54.6111,26.5862
1560,102.796,147.999,103.126,73.004,36.0877,51.1024,25.6053
1590,102.186,149.121,99.5285,70.8832,36.1469,54.6256,26.2145
1620,100.56,153.627,101.599,69.4039,37.0357,53.8256,25.5804
1650,86.6188,127.529,89.0978,69.7168,37.4638,52.2346,22.3114
1680,83.7523,125.248,84.4136,70.9289,36.6404,51.5024,21.9343
1710,82.7402,125.566,86.2794,69.7055,36.9185,54.6936,22.3912
1740,84.0414,129.711,84.5483,69.4608,36.8458,54.9576,21.8456
1770,80.6395,128.529,85.8414,72.2883,37.7423,52.8158,21.3243
1800,92.8018,142.928,94.5245,69.9314,36.2433,55.0143,24.5108
1830,72.7453,108.186,74.0301,72.828,36.8586,50.693,23.5253
1860,69.6092,114.872,71.9918,71.4443,37.2378,52.3014,24.525
1890,70.8042,109.643,73.7429,69.7802,35.8878,54.6657,23.3781
1920,69.3858,110.08,73.1523,72.2519,36.2577,54.5368,23.4144
1950,71.9935,114.143,71.896,73.0901,35.8032,52.3265,24.5962
1980,72.6872,110.225,72.6522,71.2484,36.3567,51.3308,23.5756
2010,69.6863,111.428,72.572,69.8866,37.3476,52.6286,24.1332
2040,74.9425,109.713,76.1404,72.7805,37.062,54.9412,24.316
2070,75.3734,113.999,76.985,70.2838,36.9265,54.6215,23.7912
2100,73.485,109.033,73.6773,69.383,36.9102,52.6399,24.4384
2130,92.603,136.779,88.7101,68.6196,35.9272,51.4597,24.3888
2160,86.4218,137.01,94.1075,72.71,37.4451,53.8873,25.0837
2190,90.8009,137.411,91.6509,71.5491,36.5503,52.6353,23.9264
2220,87.3987,134.326,91.0066,72.3476,36.7066,54.1018,23.894
2250,88.021,133.314,93.3768,69.5284,37.1108,54.8248,24.2754
2280,92.5211,132.417,92.2548,73.0487,36.9521,53.6094,25.1686
2310,90.987,134.796,92.5368,70.4061,35.6618,51.9205,23.9651
2340,89.9631,137.927,89.2762,71.8565,35.6713,53.4237,24.6767
2370,90.6037,134.853,91.8946,72.8087,36.6705,52.7622,24.0859
2400,89.151,134.974,91.0874,70.3187,36.5094,51.2638,24.4119
2430,88.1216,138.55,89.9472,68.3858,35.8982,55.1332,24.4792
2460,88.0025,133.927,91.4071,72.3118,35.5887,53.7347,24.6653
2490,86.9707,134.132,89.0278,72.0168,36.84,53.9203,24.8733
2520,88.3607,133.198,93.3924,71.9695,36.6714,52.1474,24.0705
2550,87.2268,135.681,91.5542,70.3383,36.0816,54.37,24.4577
2580,89.4459,138.735,93.306,71.9217,35.7561,52.3286,24.686
2610,87.2623,131.983,89.0637,69.4972,36.2448,51.7217,23.8255
2640,86.8969,140.059,92.3884,70.2698,35.8797,53.1578,24.055
2670,91.4109,139.398,90.1781,72.8185,36.2574,54.5494,24.3453
2700,90.6812,137.726,92.79,69.1537,36.5156,53.4026,25.2017
2730,84.8211,132.475,85.675,72.1207,35.6639,53.3555,21.4909
2760,89.1345,152.001,90.1424,76.7546,37.0726,53.8752,22.8653
2790,91.9355,147.074,97.6082,83.9274,35.8853,52.4248,22.5751
2820,96.4678,147.096,97.7233,81.2775,37.2879,54.4539,22.0921
2850,96.9501,148.965,99.277,80.7375,36.3049,54.2835,22.86
2880,98.1103,148.676,103.014,84.7298,35.9057,55.0342,22.2232
2910,96.3525,151.307,100.132,80.5933,37.1745,52.9731,22.8477
2940,97.7526,153.455,101.535,83.608,35.6767,53.9744,22.9632
2970,98.6986,150.638,100.232,83.2264,35.3786,53.9915,22.6715
3000,101.915,150.337,102.068,80.2803,37.0295,53.6949,21.4876
3030,101.143,151.228,100.89,81.702,35.8406,54.9881,22.1435
3060,102.691,149.721,99.9854,82.5904,35.9451,50.7506,21.8243
3090,105.369,152.272,99.2,83.9885,35.8613,53.5759,22.1067
3120,104.209,148.948,99.1642,84.9338,36.9559,54.9742,22.9493
3150,107.454,151.111,97.8485,81.4057,35.7428,53.037,22.2435
3180,105.84,149.846,103.497,85.4301,37.0144,52.23,22.2045
3210,104.366,148.761,102.116,80.8368,35.472,55.1279,22.6299
3240,105.267,151.004,99.0038,85.3206,35.2478,52.7278,22.8213
3270,107.527,148.95,102.883,85.2367,35.2704,53.6183,21.2105
3300,104.384,150.178,102.454,80.8241,36.3826,51.2516,21.7356
