Time,FC,PAS,PAM,PAD,temp,SpO2,FR
-1,105,107,72,58,36.7537,95,20
0,115.5,117.7,79.2,58,36.2391,95,22
30,115.095,116.103,77.737,58,35.7246,95,22.0073
60,112.977,120.476,78.5738,58,35.21,95,22.529
90,117.026,115.17,78.4363,58,34.6954,95,21.6733
120,113.232,116.115,78.1981,58,34.1809,95,21.5243
150,114.32,119.045,78.613,58,33.6663,95,21.5615
180,115.096,117.492,78.5226,58,33.1518,95,22.0287
210,113.001,119.047,79.195,58,32.6372,95,22.1949
240,114.865,115.619,80.1754,58,32.1227,95,21.7155
270,117.799,118.528,79.085,58,31.6081,95,22.1641
300,113.841,116.094,78.7195,58,31.0936,95,21.9047
330,116.446,117.173,80.693,58,30.579,95,22.0492
360,127.254,114.977,86.3767,58,30.0645,95,22.1703
390,128.269,119.662,88.4581,58,29.5499,95,21.8192
420,116.554,117.286,81.0824,58,29.8365,95,22.4474
450,118.413,120.559,78.5645,58.58,30.4214,95.95,21.8749
480,115.805,116.608,80.3853,57.1618,30.7449,95.8185,21.6839
510,116.634,116.038,80.1156,58.67,30.6809,100.343,22.7459
540,118.267,117.342,81.232,59.3031,31.5536,96.7694,21.3114
570,113.938,92.8142,63.8345,46.2634,31.9535,94.0217,20.6965
600,111.258,95.1812,62.5579,45.4649,31.5733,93.3204,20.6887
630,112.422,95.684,61.75,47.3392,32.4743,89.8266,20.386
660,113.11,95.3432,63.8118,46.4746,32.8154,87.506,20.0279
690,110.982,94.2192,61.4748,46.9391,32.8558,82.298,19.4526
720,97.7532,90.6719,53.345,41.6757,33.2387,83.1118,18.7806
750,91.7826,81.4307,36.3542,38.7284,32.7905,78.5233,17.79
780,85.3179,81.8159,35.4389,40.4185,33.3662,91.8966,17.7857
810,84.7323,80.7561,36.385,39.1128,34.1688,90.0186,17.4367
840,85.0332,83.0632,34.9416,38.6137,34.6475,84.8258,16.7539
870,83.8746,83.2687,35.7208,40.4108,34.3953,85.6353,17.0452
900,85.1088,103.858,51.3741,50.804,35.3159,83.3411,17.0806
930,88.0398,104.572,51.6705,51.8813,34.3997,77.6953,16.3802
960,86.6601,104.197,53.1011,51.7269,36.3541,78.5937,16.6168
990,88.145,103.643,68.8449,51.7329,35.8259,77.166,16.4293
1020,93.3598,102.343,67.7755,50.8406,36.5484,72.5773,16.6474
1050,91.6654,106.357,68.6949,51.4559,36.5351,71.3609,16.1711
1080,83.8787,96.5087,58.1497,46.9126,36.2497,70.1138,15.8466
1110,89.1625,98.7878,64.1781,42.4561,36.7173,66.8557,18.2567
1140,92.5611,99.6034,63.6792,43.8192,36.8806,62.3774,17.3076
1170,93.7827,94.9302,65.125,43.5839,36.9995,62.5076,17.4547
1200,91.9567,94.199,63.9361,42.6776,37.8411,58.2384,17.9705
1230,113.017,118.14,78.5715,44.7188,38.4357,56.1125,21.4168
1260,94.6905,107.856,59.8281,44.3462,38.617,54.3305,21.8002
1290,94.8369,106.59,61.871,42.1038,38.5921,51.0362,21.9726
1320,94.1538,103.235,63.025,43.7784,37.3,51.0598,22.2699
1350,86.0675,89.7718,58.4525,43.9181,38.3598,50.5872,17.0215
1380,84.6363,89.6866,59.4333,44.0653,38.2597,53.1974,16.9343
1410,109.435,113.472,73.8875,44.3173,37.2967,52.121,21.8419
1440,116.314,120.713,81.5956,42.464,37.3692,51.0068,23.7358
1470,121.161,128.014,85.5031,43.1224,38.0673,50.6904,23.671
1500,120.982,126.881,85.5814,42.3212,37.6707,51.9958,24.5492
1530,97.1741,102.736,68.83,44.6876,38.5632,51.8734,19.8468
1560,97.0518,101.096,69.7078,43.1134,37.3251,50.4356,19.6516
1590,99.3194,103.698,68.7529,42.3615,37.6513,50.3469,19.6154
1620,96.8061,103.038,69.7381,43.9449,37.0753,51.6575,19.9181
1650,85.1719,85.1251,59.7748,44.643,37.6321,50.4916,17.0548
1680,82.8475,87.495,58.5501,44.0045,38.4038,51.317,15.9121
1710,81.4655,86.5798,58.838,44.4452,37.0681,50.5999,15.7916
1740,84.2296,85.4257,58.2723,44.5699,38.332,51.156,16.4527
1770,80.6459,87.5709,57.6673,44.2205,38.0987,50.6571,16.5877
1800,89.3891,94.4375,63.9085,44.2058,36.8692,51.1923,17.9469
1830,70.1569,77.1503,51.2065,42.8441,37.0672,51.6229,17.5904
1860,72.5131,76.7169,49.4839,42.4689,38.4016,53.7299,17.4935
1890,75.0075,74.0139,51.5219,41.9269,38.2114,50.6209,18.2799
1920,73.7618,75.4708,50.7631,44.7931,37.9836,50.5347,18.2521
1950,75.1016,76.0252,49.7496,44.7857,36.7943,54.2285,17.7222
1980,72.0494,75.206,50.6346,44.4395,38.2333,53.2471,17.443
2010,75.1012,76.5956,49.2761,44.2763,37.8071,54.0433,18.3014
2040,73.2417,73.7402,51.1304,42.731,37.3542,50.5389,17.6813
2070,71.178,75.2185,48.7904,42.3708,37.9731,51.3976,17.5391
2100,75.3393,74.9278,50.4491,42.9227,37.6104,54.378,17.6187
2130,89.808,93.7547,61.0661,43.273,36.953,51.9415,17.8973
2160,92.3363,91.7295,60.3418,43.6058,37.2589,53.2654,18.5594
2190,91.9707,94.9487,60.4934,42.3969,36.8638,50.7014,17.9521
2220,86.9103,92.8434,61.8725,41.9495,37.9457,54.2606,17.9925
2250,89.3006,95.0059,62.306,41.9706,37.5297,53.9238,18.1363
2280,91.8615,91.582,63.087,44.5032,37.658,53.9901,18.1139
2310,87.4705,93.2984,61.3111,42.1362,37.3373,52.0871,17.8613
2340,91.1691,93.6946,62.2916,44.3817,36.7874,50.0638,18.5572
2370,87.0897,89.6797,60.8649,43.5411,38.0391,53.688,18.24
2400,89.8505,93.7382,60.2386,43.2662,36.375,53.8693,17.9825
2430,90.9402,94.0439,63.3138,44.5465,36.9906,50.6037,18.6932
2460,91.9804,93.5739,60.8822,43.9815,36.9515,53.6913,18.2123
2490,90.2085,94.8879,61.6588,43.9929,37.9382,52.9296,17.8914
2520,91.5578,92.5108,63.4404,43.1151,36.6011,54.2833,18.5766
2550,87.9852,94.4058,60.8984,44.8026,37.2725,50.1202,18.5939
2580,92.1818,91.1455,63.5284,44.4855,37.9376,50.3526,18.2525
2610,88.4013,95.2445,60.5581,44.6456,37.766,52.5701,18.3188
2640,91.2863,91.1307,63.725,43.735,37.5689,53.5803,17.6267
2670,92.5711,94.049,63.6999,42.5021,37.21,50.5725,17.8026
2700,87.9829,91.107,60.3913,42.2898,37.119,54.4719,18.6992
2730,83.7809,84.4222,58.4257,44.3432,36.3,53.3412,16.7409
2760,96.1776,92.8304,66.8667,47.7388,37.2805,51.2562,16.3104
2790,93.0368,98.5698,66.9776,50.2238,37.7775,51.2631,16.5339
2820,93.5272,100.892,68.5004,51.0903,37.5478,53.7718,16.7275
2850,92.5068,103.008,68.4313,51.5941,37.9195,51.159,16.5261
2880,91.0838,98.5027,66.6841,52.266,36.895,52.7987,16.708
2910,90.9438,103.98,65.8658,50.5389,36.3088,51.7828,16.7403
2940,96.5343,102.85,66.7898,50.6418,36.6089,49.7682,15.9889
2970,90.8838,103.576,68.7364,50.2453,37.4242,51.8745,16.035
3000,94.6605,103.067,68.0514,51.4166,37.5917,53.7192,16.7829
3030,92.0608,101.574,67.1988,50.0533,36.8773,51.6679,16.7526
3060,93.9244,103.698,67.0815,50.8395,37.1119,52.6132,17.1312
3090,95.7523,102.378,69.5719,51.8604,36.8501,53.0239,16.2761
3120,91.7663,99.5745,66.4006,51.7562,37.5855,53.2935,16.6891
3150,94.893,102.185,66.3826,52.0185,36.0119,52.2735,16.2629
3180,93.7421,104.304,68.696,49.45,37.2974,52.6526,17.1594
3210,92.9582,102.737,67.4473,49.9695,36.3556,56.7013,17.0792
3240,95.2573,99.1288,66.3874,52.0532,36.1993,59.1256,18.3002
3270,91.3526,99.2522,66.56,51.6661,37.0532,61.9007,18.7068
3300,95.064,104.128,68.9326,50.0171,37.3916,65.197,18.6608
3330,93.6915,102.26,68.7179,52.2614,36.3189,64.391,18.6808
3360,93.0619,103.055,67.395,50.2791,36.4296,66.367,18.7999
