Time,FC,PAS,PAM,PAD,temp,SpO2,FR
-1,99,122,89,68,37.0599,99,18
0,108.9,134.2,97.9,68,36.541,99,19.8
30,107.545,134.128,99.5781,68,36.0222,99,19.7725
60,111.156,137.037,98.4891,68,35.5034,99,19.635
90,108.324,137.466,98.6421,68,34.9845,99,20.2606
120,109.227,133.94,98.2953,68,34.4657,99,19.5216
150,108.048,132.13,98.3873,68,33.9469,99,19.978
180,111.191,134.885,96.285,68,33.428,99,20.1546
210,107.473,130.974,99.2803,68,32.9092,99,19.767
240,107.22,136.308,97.6767,68,32.3903,99,19.5041
270,110.579,134.34,98.6898,68,31.8715,99,20.1104
300,109.488,134.561,95.4821,68,31.3527,99,19.6584
330,111.009,136.699,100.142,68,30.8338,99,19.3672
360,122.264,136.715,105.864,68,30.315,99,19.801
390,118.183,137.042,107.014,68,29.7961,99,19.5791
420,121.742,134.71,109.367,68,30.0732,99,19.3139
450,118.893,134.697,108.216,68,30.3503,99,19.8131
480,109.758,135.34,97.345,68,30.6274,100,20.0249
510,105.402,135.397,98.6038,68,30.9044,99.1948,19.2444
540,107.798,107.178,78.4637,54.4,30.8725,96.1165,18.4394
570,105.208,110.126,80.1416,54.4,31.1495,94.3213,18.3376
600,107.24,108.64,77.8962,53.6381,30.706,90.0353,18.2354
630,105.337,104.569,77.2146,54.7312,31.1597,91.6493,17.3739
660,91.9805,100.009,73.2567,44.8335,31.3971,85.7671,17.2795
690,83.9252,91.847,43.6307,45.3619,32.2016,82.8123,16.9281
720,83.0106,93.0087,43.3331,46.9315,33.2285,96.0939,16.2854
750,82.0959,92.6872,42.2068,47.2533,33.2791,93.2802,16.0165
780,81.1813,90.4307,45.0151,47.5304,32.4634,91.2158,15.772
810,80.2666,91.4786,45.5183,46.6414,33.6751,90.854,15.3639
840,81.5037,94.3293,42.6215,46.3882,33.9522,86.2663,15.3957
870,81.3972,115.409,45.3348,45.6627,34.2293,82.9649,15.0413
900,80.7655,121.361,43.3388,46.8434,34.5064,86.9563,14.7999
930,84.6962,120.047,82.6203,59.7903,34.7834,84.0921,14.2374
960,87.2422,123.375,81.8706,58.8932,35.0605,84.7961,14.8119
990,88.5191,120.61,81.0855,60.5181,35.3376,79.7326,14.2543
1020,78.6304,112.431,75.26,50.2754,35.6147,78.0109,14.8371
1050,87.4179,114.044,81.2352,51.848,35.8917,75.7099,16.2498
1080,87.972,115.657,80.1129,51.4561,36.1688,71.9311,15.9465
1110,84.3802,114.882,80.9834,50.1836,36.4459,73.365,15.8287
1140,85.4073,114.792,81.7081,50.1109,36.7229,69.6977,16.3014
1170,87.918,116.151,82.4009,50.8363,37,66.1208,15.9238
1200,88.8141,116.108,83.1513,49.6492,37,66.9949,15.9586
1230,82.0356,103.241,73.3779,49.7596,36.9019,62.3067,14.6429
1260,79.7381,101.205,72.8126,51.2233,36.2247,59.9778,14.9218
1290,81.7641,104.825,73.3585,50.5994,37.7819,60.9213,14.6822
1320,79.6502,102.254,73.3489,51.2244,36.9279,61.4206,14.6931
1350,101.141,133.004,95.5453,50.319,37.2711,60.2632,18.8821
1380,104.139,132.408,96.6904,50.2448,36.1625,60.0808,18.7267
1410,104.287,130.295,95.8658,51.167,37.8881,61.4274,19.155
1440,102.64,132.104,95.3971,51.5536,37.801,61.5856,18.94
1470,102.455,131.252,94.5166,50.7656,36.2078,61.8537,19.1454
1500,104.047,133.691,95.0042,50.606,36.9746,60.7821,19.0689
1530,103.134,130.98,94.0043,50.2459,36.8133,61.853,19.2528
1560,102.382,131.013,96.6441,51.4371,37.5798,61.1545,19.0095
1590,104.196,134.133,94.6679,49.8829,36.678,61.5104,19.0027
1620,102.464,130.659,95.5245,49.8171,36.2468,62.5077,18.929
1650,103.36,130.255,94.8765,49.8093,36.7969,61.4322,18.8086
1680,104.397,129.988,95.1505,49.9434,36.6991,61.2481,19.2422
1710,101.254,132.439,95.9713,51.6386,37.172,62.7826,18.5289
1740,105.038,131.441,96.1409,50.2836,37.1567,61.2248,18.8235
1770,103.846,130.216,97.0933,50.1443,36.4786,61.4357,18.7754
1800,103.504,132.832,96.3668,50.4721,37.4562,61.1222,18.9265
1830,100.924,131.73,95.6132,50.0977,36.1715,61.1687,18.5991
1860,103.685,130.256,94.4003,50.8591,36.9888,62.7147,19.1644
1890,100.897,130.233,94.8335,51.3061,36.4692,61.4059,18.5056
1920,102.629,132.522,95.0601,49.6394,36.6646,61.0596,18.827
1950,110.023,143.339,105.782,49.8989,37.5151,61.9491,20.443
1980,113.793,145.169,104.209,50.6536,37.6635,62.2875,20.1796
2010,111.442,144.417,105.51,50.5547,37.3411,61.2204,20.2935
2040,114.123,144.208,103.16,50.3117,36.3603,62.0182,20.4281
2070,112.026,145.09,105.127,50.799,36.1907,62.5236,20.6724
2100,113.845,143.382,102.744,51.1092,36.2414,62.0511,20.2614
2130,114.376,143.12,103.11,50.2523,37.6658,60.9376,20.7081
2160,112.389,143.292,105.528,50.5791,37.6503,60.9846,20.7356
2190,109.729,144.944,102.952,50.6603,36.8589,62.8314,20.1621
2220,112.093,145.107,104.807,50.3084,36.2158,62.4657,20.9079
2250,110.511,143.468,102.976,49.8139,37.2708,61.4509,20.4658
2280,112.201,143.743,102.996,49.6738,37.4568,60.8706,20.5269
2310,112.656,142.7,103.378,50.957,37.7103,61.6195,20.2138
2340,111.22,143.34,102.829,51.3939,36.1981,62.525,20.2416
2370,110.395,144.395,102.89,50.2606,37.8015,61.2988,20.4685
2400,112.563,144.449,105.237,49.7561,36.092,62.9383,20.2577
2430,113.425,142.085,104.592,50.3764,36.52,62.7556,20.8803
2460,80.6064,104.391,75.0866,50.557,37.2469,61.0317,14.8802
2490,83.4389,107.227,76.0779,51.5025,37.0203,61.7608,14.8187
2520,82.1854,106.255,76.7913,49.6118,36.6381,61.6121,14.7946
2550,81.5302,104.734,75.7781,49.7091,36.867,62.7316,15.0293
2580,83.2842,106.565,76.2005,51.3921,36.2439,61.6803,14.8796
2610,83.5612,105.575,76.426,50.5351,37.0121,62.5232,14.9085
2640,80.0778,104.213,76.2858,50.6257,37.8867,62.9202,15.0791
2670,81.3926,104.699,76.9174,50.9363,37.4557,62.6559,15.2125
2700,80.8532,106.371,75.23,51.5083,37.0679,61.7797,15.1908
2730,83.3708,105.842,77.8821,51.551,36.7256,61.7651,14.9461
2760,83.5624,107.364,75.3098,49.6417,37.9008,61.5551,15.0484
2790,88.2864,111.884,80.9269,51.7312,37.2507,62.5061,16.0407
2820,88.1513,112.708,80.8498,51.6325,37.3916,61.0392,16.3765
2850,90.618,113.343,81.0333,49.9937,36.6452,61.5074,15.6689
2880,92.0345,113.935,80.7428,50.5596,37.5253,61.7929,15.9889
2910,93.4935,114.083,82.5636,50.0691,36.4443,61.4882,15.7526
2940,94.7081,110.911,81.8491,49.7072,37.3132,60.9398,16.3613
2970,92.6546,111.407,82.6476,51.7261,37.784,60.3419,15.399
3000,92.0621,113.652,80.1323,51.6218,37.1189,59.3887,15.2227
3030,92.7476,110.41,82.1632,49.8335,37.6772,58.51,14.9095
3060,91.5113,110.596,81.2043,51.6424,36.434,56.0726,15.0556
3090,94.5566,111.692,82.5959,50.1201,37.0969,56.3115,14.1314
3120,91.911,111.553,80.5576,51.1989,36.1272,54.1476,14.123
3150,91.6728,110.457,82.5836,51.7353,36.1679,54.9971,14.1195
3180,91.5269,110.599,82.5482,50.5842,36.8264,59.306,14.198
3210,91.6336,114.238,81.8382,49.8306,37.646,58.0474,14.2016
3240,90.2134,113.904,82.7607,51.0784,37.9019,58.35,14.7309
3270,87.0974,111.067,82.6982,51.3705,37.4961,59.6424,14.6949
3300,88.2264,112.516,82.3732,50.5291,37.1033,61.577,14.8153
3330,89.5073,113.698,80.7648,51.5798,37.264,58.8901,15.3311
3360,87.2513,113.133,80.9305,50.1864,36.8897,61.3551,15.6751
3390,78.9557,103.984,75.4137,51.2359,36.1298,64.276,14.6389
3420,89.111,111.218,80.5933,59.4274,37.6924,61.9127,15.2907
3450,87.6301,122.041,87.9573,59.1704,37.4139,62.5648,15.2895
3480,87.3722,118.247,86.1705,60.3695,37.6556,66.0144,15.6074
3510,87.0821,117.548,85.4969,60.0207,37.8241,68.0596,15.8036
3540,89.8291,120.985,88.5723,60.1446,36.3316,65.6639,15.6892
3570,85.941,119.493,85.8921,59.3017,36.8689,69.8417,16.0439
3600,86.5072,117.673,85.6309,59.4975,36.6892,67.7114,15.7605
3630,86.6431,117.343,87.0419,59.3995,36.3178,69.5927,15.6526
3660,86.199,119.706,87.5311,58.2952,36.5648,70.5924,16.036
3690,87.5143,121.688,85.5835,59.2281,36.7414,69.7002,16.0578
3720,89.0768,118.273,87.6697,60.5801,36.6986,73.1476,15.8114
3750,88.5899,117.941,88.1731,60.3571,36.4598,73.0492,15.7339
3780,87.254,121.886,87.1447,59.2266,36.89,74.3701,15.8141
3810,88.7366,121.27,86.2758,58.4367,37.3829,77.3645,15.8487
3840,86.1605,120.429,86.588,60.3599,37.6931,77.963,16.0199
3870,86.746,121.595,86.1715,60.4225,36.1479,80.1857,15.9811
3900,86.8821,119.456,85.5267,59.6605,36.7997,84.8266,16.1442
3930,89.2508,121.281,86.8751,59.5396,37.236,85.5171,15.924
