Time,FC,PAS,PAM,PAD,temp,SpO2,FR
-1,58,96,66,57,36.0032,99,12
0,63.8,105.6,72.6,57,35.4992,99,13.2
30,63.4438,104.874,72.7384,57,34.9951,99,12.93
60,64.0574,107.557,71.4156,57,34.4911,99,12.976
90,62.3918,103.255,73.4842,57,33.987,99,12.9889
120,62.8777,106.743,73.0723,57,33.483,99,13.0778
150,62.7541,106.43,72.8952,57,32.9789,99,13.2599
180,63.0456,104.87,74.2413,57,32.4749,99,13.2217
210,65.0457,106.117,72.2538,57,31.9709,99,13.2454
240,62.9221,106.098,73.0491,57,31.4668,99,13.2979
270,62.6789,107.114,72.1129,57,30.9628,99,12.8813
300,62.5031,103.549,73.2292,57,30.4587,99,13.2968
330,63.052,106.533,70.8191,57,29.9547,99,12.8875
360,70.9047,104.912,80.13,57,29.4506,99,12.9764
390,70.8198,106.433,80.6055,57,28.9466,99,13.0893
420,65.3824,107.045,78.303,57,30.2888,99,12.9093
450,64.0679,107.435,79.2677,57.57,31.9339,99.99,13.0343
480,63.8782,107.11,74.1056,57.812,32.9105,101.027,13.5282
510,65.2137,107.901,73.5766,56.4444,34.4005,100.006,13.3568
540,63.9668,106.32,72.2965,56.9169,36.391,96.8278,13.1309
570,64.2551,86.5871,57.6252,45.1902,37.3706,91.4718,12.8599
600,64.1563,83.246,58.9811,45.4872,37.2934,88.978,12.6966
630,62.0784,86.2438,57.1761,46.5071,36.5479,84.9592,11.8896
660,61.6974,84.3682,60.0164,47.4351,36.8544,79.5901,11.9856
690,61.7591,86.9491,60.3218,47.3639,37.2908,77.2054,11.8106
720,56.4421,77.957,53.198,42.6458,37.0316,70.7619,10.9751
750,52.6463,69.622,31.1049,37.4678,38.2846,68.7476,11.044
780,49.8568,71.4052,29.6798,37.9514,38.4014,96.7628,10.3707
810,49.406,74.103,29.6832,37.7944,38.0967,88.8183,10.1825
840,50.5125,71.1864,44.5789,50.7878,38.3328,86.3059,10.1607
870,50.0062,74.0297,46.3986,49.6184,38.1694,82.414,9.84554
900,49.8577,71.8385,46.9472,50.6871,37.8316,81.2722,10.1091
930,48.431,74.0478,45.085,50.3092,37.098,75.7673,9.69357
960,49.5662,92.5702,44.772,50.4517,38.4861,77.1484,9.86499
990,51.8646,94.8468,61.1352,49.717,37.5955,69.5005,9.32747
1020,51.3757,92.894,62.0719,50.9042,37.1366,68.7653,9.77043
1050,51.829,92.3315,61.4519,50.1944,37.2869,65.0206,9.38211
1080,47.9214,83.7019,54.4086,47.1905,37.9362,61.2936,9.71623
1110,52.3047,83.191,59.2574,41.2968,38.8903,56.0287,10.5974
1140,52.2718,85.6928,57.9233,42.0696,37.2319,51.7208,10.3907
1170,51.7882,88.4694,59.3562,42.0431,37.9896,48.9431,10.8746
1200,53.4088,84.2516,59.9358,43.8899,37.809,42.7924,10.8145
1230,66.0245,104.156,70.7442,41.5335,38.4506,39.9592,12.8318
1260,57.4187,91.7715,57.9748,41.1149,37.2562,36.182,12.912
1290,55.6652,91.1443,57.2074,42.0373,37.9678,33.3241,13.1149
1320,55.0352,93.1655,57.4268,42.9009,37.192,34.3987,13.0782
1350,48.9651,79.1956,52.6498,42.1795,37.6815,35.8223,10.0137
1380,47.7314,76.3214,54.0989,43.5869,38.3399,34.3384,10.2377
1410,63.7449,101.17,67.8944,41.2991,37.4995,35.7654,12.7157
1440,70.006,108.098,72.7676,43.4968,37.1364,35.2919,13.7496
1470,70.5637,111.379,74.753,43.2218,38.6393,34.6595,13.9375
1500,70.9102,112.095,77.0489,42.4484,37.8766,34.4693,14.0811
1530,56.9895,89.325,61.6346,41.6018,38.4299,34.6957,11.3382
1560,56.5627,90.9731,63.3457,41.1039,37.9391,36.1082,11.7232
1590,58.4199,91.8489,61.9934,43.8985,38.3895,34.5087,11.6432
1620,58.6966,89.2959,64.086,41.5691,37.7367,35.1321,11.5911
1650,47.9437,76.1354,51.6934,42.2268,37.158,33.7275,9.8912
1680,46.9087,78.8008,53.7813,41.8898,37.2142,35.1726,9.53211
1710,49.5142,76.3561,51.0231,42.9076,38.4996,34.965,9.74495
1740,49.4027,74.3323,51.829,43.0516,36.9093,33.6401,9.90062
1770,48.7802,78.899,52.4572,43.2541,36.7143,35.1362,9.4448
1800,52.4469,87.0943,58.7013,42.1602,38.0628,35.5189,10.6712
1830,41.2551,66.1871,47.7948,43.8194,37.8546,33.0857,10.6269
1860,43.2634,68.7267,44.8706,42.6002,38.0071,35.397,10.3834
1890,44.0782,69.7933,44.3377,42.7679,38.0646,35.5176,10.4672
1920,43.9187,66.1463,46.0278,41.4999,36.8024,33.8305,10.5829
1950,44.1585,70.1309,44.7638,41.0966,36.9482,33.2866,10.8673
1980,44.1329,66.9119,46.2204,42.8251,36.6917,36.4206,10.332
2010,44.033,67.4047,45.4428,43.4483,37.2013,34.7638,10.5112
2040,41.8358,65.7437,47.0379,41.3938,37.2071,33.9277,10.4093
2070,42.9744,68.4104,47.1217,42.5955,37.613,32.4356,10.5901
2100,44.0449,66.209,45.9975,43.5063,37.5802,32.8559,10.5373
2130,53.1566,84.9329,56.8247,43.0438,37.1937,32.3518,10.7922
2160,53.4622,82.5965,58.132,41.3948,37.648,36.0212,10.604
2190,51.0737,80.265,56.3729,43.1779,37.7387,33.9033,10.6294
2220,52.0459,81.7567,57.6236,42.0859,37.4958,34.0631,10.5884
2250,51.5968,82.3839,57.0541,41.3189,37.1793,33.8222,10.9605
2280,53.6803,81.5784,55.5859,43.4018,37.9504,33.6187,11.0588
2310,52.6148,79.9309,55.0407,43.2634,36.5887,35.6948,10.7806
2340,53.6845,79.8857,57.4539,42.1707,37.0837,35.3376,10.9365
2370,50.8392,79.6724,58.1503,42.1714,37.2253,35.4982,10.7629
2400,53.8225,84.9805,55.4088,43.7159,36.9199,35.1652,10.9338
2430,51.3583,84.4003,57.0412,43.5115,38.0039,36.5398,10.8562
2460,50.8626,82.7365,54.8835,41.1391,37.419,36.8627,10.7221
2490,50.7022,82.6995,55.015,41.3916,37.3333,32.9201,10.7794
2520,50.8021,84.0051,58.2565,41.2067,37.7504,33.5522,11.0873
2550,51.0014,84.3284,57.2143,42.105,37.6625,34.2984,10.5939
2580,52.7791,81.2266,57.6969,43.2226,37.8779,37.1699,10.9603
2610,52.1197,84.6807,55.1594,42.5079,37.201,34.1281,10.8556
2640,50.7587,82.5235,54.8721,41.4085,36.9096,32.8737,10.5647
2670,50.9829,81.8507,54.9755,41.7777,36.79,36.6761,10.8518
2700,50.6126,81.3741,57.6701,43.0047,37.4116,35.7037,10.7322
2730,48.3588,78.323,51.7882,43.7321,37.4501,34.3881,9.70082
2760,52.469,85.5276,55.6948,45.1047,36.9458,33.2441,9.60878
2790,54.3439,89.4555,61.8427,50.487,37.6743,35.4278,9.45625
2820,52.1355,90.5332,62.6589,48.2389,37.88,34.8771,9.87559
2850,53.6122,88.8862,60.5304,50.8286,38.0191,34.0786,9.97626
2880,53.929,91.9953,61.1585,50.1116,37.4707,34.092,9.97081
2910,55.3453,90.7728,60.5671,50.108,38.0111,35.3973,9.73385
2940,54.3149,89.1505,62.1511,50.2024,37.8247,33.4424,9.90253
2970,54.3494,91.8362,61.6739,48.6923,36.3339,35.1374,9.50227
3000,55.7755,92.9498,63.7056,49.7832,37.6829,33.5107,9.59278
3030,54.536,91.3498,60.1776,49.5088,36.6209,33.2921,9.53567
3060,54.2318,92.6691,62.2428,50.7894,36.4211,32.9163,9.84269
3090,57.4647,90.2933,60.9868,50.3366,36.431,35.7145,10.0443
3120,55.4485,89.9009,63.6056,48.9197,36.5324,36.5551,10.2333
3150,55.4521,89.1504,63.5572,49.8127,37.4288,36.9735,10.6361
3180,59.2688,89.3214,63.9108,49.0065,35.9964,34.9927,10.9902
3210,57.1731,92.1233,62.3288,49.002,36.0461,36.3446,11.1333
3240,58.0969,91.1707,62.7742,49.8816,37.3827,35.0885,11.2685
3270,58.8505,91.6113,61.9844,48.8483,36.3686,33.2429,11.5473
