Time,FC,PAS,PAM,PAD,temp,SpO2,FR
-1,120,79,56,49,35.6398,94,23
0,132,86.9,61.6,49,35.1409,94,25.3
30,130.299,87.328,60.4853,49,34.6419,94,25.8216
60,128.84,86.0731,60.2101,49,34.143,94,25.4311
90,134.822,88.0799,60.8615,49,33.644,94,25.8509
120,130.883,86.7453,61.479,49,33.145,94,25.7231
150,134.847,85.7315,62.4771,49,32.6461,94,25.0611
180,132.517,87.3824,62.8585,49,32.1471,94,25.5044
210,132.85,87.2494,63.0483,49,31.6482,94,25.3596
240,130.556,87.7411,61.0445,49,31.1492,94,24.6749
270,131.848,86.9936,61.5052,49,30.6503,94,25.902
300,133.796,86.435,60.7005,49,30.1513,94,25.3969
330,134.429,87.9697,60.6411,49,29.6523,94,25.6135
360,145.048,85.1289,67.1382,49,29.1534,94,24.788
390,148.462,84.9451,68.5506,49,28.6544,94,25.9054
420,130.568,85.0201,61.6035,49,30.7408,94,25.8828
450,134.568,88.9006,61.1817,49.0393,32.2832,92.8601,25.8658
480,133.331,88.5119,63.7826,49.2839,35.5965,95.4382,25.5823
510,128.125,86.6111,59.545,47.772,36.6351,96.6012,25.4447
540,131.68,89.4182,61.3858,48.2245,37.882,96.0541,25.3531
570,127.863,69.913,48.6015,37.9232,37.4538,91.3762,23.5954
600,129.185,71.295,52.5731,38.004,36.8923,87.2794,23.2275
630,124.421,67.7184,47.891,39.7359,36.5914,87.552,22.455
660,127.304,72.538,48.3232,37.6801,35.3776,80.8701,21.7605
690,127.054,70.1612,50.4663,37.7707,36.9587,80.9397,22.6726
720,115.299,59.1333,46.2448,36.8163,36.65,74.913,21.537
750,99.884,59.4251,26.004,33.7439,38.2602,73.8246,20.6479
780,98.7926,60.8993,24.5472,34.4224,36.8026,89.0408,20.0673
810,96.8372,59.6901,25.9601,32.6367,36.874,85.4519,19.3738
840,98.9457,56.8784,26.0979,34.3739,35.9453,82.0573,19.2518
870,94.1736,62.1178,26.0535,32.5197,37.5362,82.3112,18.3813
900,94.7438,53.3338,25.4303,34.7242,36.8583,76.219,18.94
930,96.9391,57.1002,25.1341,33.5867,37.0783,75.701,18.7982
960,96.675,74.7375,38.2296,42.5873,37.67,74.8439,18.1973
990,103.309,75.4118,49.1779,44.1264,37.1424,75.0044,17.9987
1020,100.832,77.1325,48.9592,44.3127,36.671,68.7766,18.3446
1050,102.232,78.6497,51.3431,42.1473,36.3742,68.893,17.9099
1080,99.443,63.6828,47.8641,40.3661,38.4197,64.4211,18.0467
1110,102.565,71.4002,48.4667,35.2538,37.7325,60.4256,20.1365
1140,101.805,69.8836,50.5545,36.3398,37.403,56.8279,19.6891
1170,102.289,72.7896,48.9994,35.955,37.0637,54.8182,19.6738
1200,105.061,68.5551,50.6858,36.8501,37.0104,49.3237,19.7553
1230,125.415,84.2995,59.371,35.7471,38.8364,46.8233,24.369
1260,108.655,75.8268,46.9269,35.7264,37.4112,45.3622,24.1289
1290,109.466,75.3081,48.9451,38.1477,37.1639,41.2108,24.0523
1320,109.504,76.4042,49.6288,37.6904,37.122,41.1653,23.9532
1350,108.915,79.2585,47.5959,36.2652,37.7806,41.3972,23.8356
1380,109.784,78.532,46.8451,35.4305,37.2576,43.2404,24.3679
1410,109.898,77.7211,49.2529,36.0189,37.1391,45.8226,24.0997
1440,108.145,79.1905,47.0127,35.5699,37.732,44.4153,23.9451
1470,107.72,80.3553,48.2141,37.6138,37.9445,46.8469,23.9556
1500,108.545,76.0755,47.2016,37.0695,38.8769,45.1551,24.2387
1530,126.773,86.8135,60.1373,35.6743,37.5904,45.8894,26.1317
1560,126.551,90.2822,60.1715,35.2315,37.0296,44.0687,26.0542
1590,126.18,89.7959,58.3398,37.3771,37.5229,47.6388,25.7098
1620,127.378,86.5118,59.5098,36.5058,36.5872,43.5274,26.0567
1650,128.09,85.1918,59.8446,35.8726,37.8623,43.3396,25.6818
1680,127.299,84.9356,56.9664,35.208,37.048,46.6922,26.0528
1710,126.595,86.1845,58.026,35.4287,37.4081,44.4215,25.7537
1740,128.252,85.1788,59.0527,35.4096,37.7271,47.0332,25.7255
1770,128.995,88.8775,58.062,37.4931,36.8547,47.5053,26.1317
1800,127.683,85.1011,59.7042,35.4101,37.4844,47.0044,26.1894
1830,128.773,86.0916,56.3521,36.9914,37.1785,47.2514,25.9107
1860,126.983,87.9462,58.6046,37.9356,36.8166,43.6041,25.8539
1890,125.852,88.028,56.9517,36.5051,35.6913,44.4132,26.0958
1920,126.067,85.4628,59.7443,37.5203,37.9785,46.4737,26.0543
1950,128.996,88.9491,57.5377,37.2151,35.7097,43.8642,25.9325
1980,128.244,89.1665,58.006,35.7411,36.629,46.0184,25.8251
2010,133.79,94.5359,63.8131,36.072,37.0629,43.4485,26.3037
2040,134.216,95.6186,64.1633,35.3394,37.5639,46.9032,26.6538
2070,134.532,90.4657,61.9319,36.4541,36.7325,47.755,26.2958
2100,134.336,92.2152,61.819,36.6946,38.7012,47.3212,26.3356
2130,135.987,93.9315,62.4909,37.1072,37.7099,46.7925,26.291
2160,135.324,93.815,61.2708,35.8847,37.4681,47.5063,26.6593
2190,133.558,91.3124,60.9836,36.4542,36.7247,45.6897,26.3006
2220,135.057,94.9592,63.0788,36.6368,37.534,46.2842,26.5871
2250,133.986,90.6642,61.382,35.2179,38.2614,43.6786,26.434
2280,135.71,91.6721,62.8549,38.1081,36.5442,46.1582,26.4995
2310,136.09,94.2684,63.9927,36.8622,37.358,46.3775,26.4481
2340,134.251,91.6673,63.9118,35.4176,37.5392,46.2523,26.2713
2370,135.744,94.986,60.9931,36.4244,37.0836,46.6948,26.5737
2400,135.392,91.7166,62.5915,37.8755,36.8389,44.5704,26.6198
2430,136.669,90.841,61.2672,37.451,37.7114,43.5008,26.8102
2460,133.91,95.4492,60.575,35.2485,37.0807,43.5777,26.325
2490,135.258,91.1288,62.8803,36.3885,36.504,47.7012,26.2823
2520,138.546,93.333,66.4399,36.6903,36.6948,43.5937,26.7699
2550,137.886,92.3478,63.7751,35.4544,36.0618,43.0703,26.6605
2580,137.422,90.6611,64.2519,37.7514,37.2591,43.043,26.578
2610,139.034,94.1145,65.2152,36.0353,37.8258,44.9182,26.8145
2640,136.386,92.8035,63.068,37.4228,36.6845,44.5138,26.5449
2670,138.183,94.3166,63.8062,37.4753,35.6458,43.7647,26.7043
2700,137.413,94.1221,63.7588,35.4395,35.7898,44.7247,27.0431
2730,139.544,90.7145,63.6293,37.9578,37.3572,45.5058,26.9281
2760,136.201,94.4596,64.7118,37.6688,38.1538,47.8306,26.7454
2790,137.891,92.3795,63.6557,37.1332,36.8864,43.148,26.4432
2820,136.168,92.6226,63.0792,36.1271,37.0063,44.0204,26.8177
2850,138.034,93.4931,64.5601,36.1816,35.1898,43.1306,26.5721
2880,138.608,94.0428,62.5943,37.42,35.6534,43.7173,27.0393
2910,137.2,93.1625,64.6968,38.5588,37.5096,43.2339,27.0326
2940,140.646,91.6997,63.2755,37.4511,36.8254,44.3177,26.5741
2970,141.579,95.2643,64.4346,35.7683,37.2481,44.7002,26.7485
3000,139.577,92.7584,63.1138,37.2583,36.0525,45.6973,26.8761
3030,143.112,91.1193,65.3687,37.5061,37.4764,46.0416,26.8284
3060,145.043,95.4283,63.6943,37.6063,36.2272,47.6499,26.5033
3090,143.722,93.1092,63.5632,36.0519,37.6274,46.496,26.4562
3120,145.964,95.809,65.2446,36.6104,35.48,41.9819,26.9975
3150,143.296,95.5294,65.0762,35.5176,36.2635,43.3758,26.7398
3180,142.124,96.4543,63.7925,36.3319,36.0713,40.763,26.9426
3210,144.33,94.8162,63.0631,37.3647,36.6101,40.6159,26.5353
3240,144.355,92.8954,65.2971,38.078,36.9444,39.6527,26.9412
3270,143.841,93.2172,66.4129,35.838,36.7105,37.7696,26.8058
3300,142.702,96.7655,66.6581,35.5642,35.52,37.4137,26.9231
3330,139.821,96.981,64.7485,36.4245,36.1525,34.2223,26.6687
3360,140.446,92.1752,64.083,35.565,36.1926,34.5157,26.6618
3390,139.265,95.9285,65.121,35.6521,35.4428,32.1982,26.9458
3420,137.219,95.1042,66.4949,36.6231,35.8752,28.2764,26.4324
3450,138.406,95.0977,64.425,37.189,37.5283,30.758,26.5725
3480,135.917,92.797,64.157,38.5384,35.366,26.4941,26.9094
3510,139.711,97.5716,66.8536,36.4848,35.7527,23.9527,26.8982
3540,108.792,72.702,53.1233,36.1759,37.7336,26.0517,27.0691
3570,110.323,76.2343,50.9134,36.6956,35.7928,29.51,27.0889
3600,109.75,78.1156,52.7765,37.9311,34.8232,30.696,26.7469
3630,108.087,74.8932,52.0142,36.1284,37.4119,32.3496,26.7815
3660,110.742,74.4302,51.8284,37.2645,36.266,32.1126,27.2493
3690,109.367,74.8957,51.3856,38.3583,37.3278,35.5975,26.7045
3720,111.593,73.9949,53.6192,35.7797,35.8869,35.4034,26.9023
3750,111.38,76.7024,52.5103,38.1701,35.4507,36.1311,26.719
3780,110.069,75.3705,52.848,38.1133,36.4604,41.19,27.0293
3810,109.272,72.9057,52.1774,38.4275,34.7635,39.1304,26.6653
3840,104.958,74.841,48.7455,37.8231,35.7654,41.2591,21.393
3870,103.78,73.8253,48.8123,36.9556,36.5245,45.0052,21.5398
3900,106.17,70.9367,49.6425,38.3741,34.9517,47.7189,21.5588
3930,104.258,69.5414,50.1648,36.4001,35.644,49.7603,21.5925
3960,105.08,71.9944,49.5921,37.9884,36.7838,51.5875,21.8158
3990,104.303,70.631,49.8469,36.0246,36.9948,57.5351,21.3221
4020,104.389,69.4206,48.6392,36.8268,35.7893,61.9858,21.46
4050,105.939,71.9528,50.933,38.0281,37.9769,62.2456,21.4768
4080,105.1,73.7445,49.0935,36.2732,35.3262,64.1312,21.5161
4110,105.372,72.7836,50.7939,38.401,35.9891,66.7564,21.7523
4140,104.669,70.5145,49.2902,36.9383,36.3049,73.3985,21.533
4170,105.942,72.4131,49.4905,37.3815,36.6316,72.2807,21.8389
4200,105.124,70.6516,49.1089,37.5361,36.0565,75.8147,21.2394
4230,107.131,73.8918,52.157,37.1151,34.6654,79.9282,21.4802
4260,104.497,72.9941,51.7516,35.7941,37.245,84.0756,21.5415
4290,104.315,74.7152,48.7085,37.7823,35.7425,87.6273,21.2577
4320,104.757,74.8279,51.1538,38.1534,36.5151,88.5944,21.4019
4350,105.756,74.5823,51.4982,37.5782,36.457,84.5696,21.3786
4380,106.392,75.0878,49.6502,37.358,37.3593,84.6846,21.8163
4410,106.611,70.6256,50.9173,36.8395,35.7036,86.6358,21.6754
4440,93.3061,63.1527,45.185,37.3049,35.3871,88.4774,18.5038
4470,98.9278,76.4486,48.1907,39.2323,36.7967,86.8541,18.4642
4500,104.611,77.7073,51.4477,41.4334,36.5607,84.2386,18.4885
4530,105.195,76.427,50.9279,43.9694,35.6054,87.2148,18.2744
4560,106.241,73.4391,54.203,43.9791,37.0741,87.1844,18.7034
4590,104.905,78.2611,51.6828,42.202,36.7575,85.2001,18.6142
4620,105.86,73.6256,54.3107,42.9104,37.2214,81.5759,18.1441
4650,105.541,74.4477,50.6981,43.3325,37.4069,80.6196,18.5808
4680,106.319,78.2325,53.3981,42.7329,36.4698,82.9291,18.2385
4710,104.278,77.2435,52.9903,43.5296,36.7226,83.5221,18.3195
4740,106.179,75.905,54.403,42.3476,35.8548,82.9946,18.2053
4770,105.243,75.8341,54.2449,42.8343,36.6807,82.1576,18.1329
4800,106.755,72.8569,53.0255,43.4954,35.4711,80.6061,18.5519
4830,106.749,76.3818,52.6402,43.1073,35.2302,80.6033,18.1243
4860,105.987,72.4772,52.4755,42.207,34.9099,83.2363,18.5978
4890,105.373,75.4562,52.0255,43.8341,36.7067,85.2829,18.3733
4920,106.237,76.1131,51.4967,41.9838,36.388,80.5793,18.5478
4950,106.764,75.8196,52.0701,41.9325,36.604,82.1809,18.403
4980,104.829,77.5279,54.0093,43.3865,36.8874,83.1686,18.3868
5010,106.797,78.0545,52.0173,42.6821,36.3722,85.274,18.4062
5040,103.066,74.5329,53.8509,43.5945,36.4604,80.9581,18.0692
