Time,FC,PAS,PAM,PAD,temp,SpO2,FR
-1,70,104,71,59,36.0599,98,15
0,77,114.4,78.1,59,35.555,98,16.5
30,76.008,114.963,76.6868,59,35.0502,98,16.8402
60,75.1569,113.311,76.3379,59,34.5453,98,16.5855
90,78.6461,115.953,77.1636,59,34.0405,98,16.8593
120,76.3486,114.196,77.9466,59,33.5357,98,16.7759
150,78.6609,112.862,79.212,59,33.0308,98,16.3442
180,77.3016,115.035,79.6956,59,32.526,98,16.6333
210,77.4958,114.86,79.9363,59,32.0212,98,16.5389
240,76.1575,115.507,77.3957,59,31.5163,98,16.0923
270,76.911,114.523,77.9799,59,31.0115,98,16.8926
300,78.0476,113.788,76.9595,59,30.5066,98,16.5632
330,78.4167,115.808,76.8842,59,30.0018,98,16.7045
360,84.6113,112.068,85.1216,59,29.497,98,16.1661
390,86.603,111.826,86.9124,59,28.9921,98,16.8948
420,76.1645,111.925,78.1044,59,30.9941,98,16.8801
450,78.5269,115.548,77.5174,59.0266,32.4531,96.8601,16.9296
480,77.7711,115.42,80.0964,59.1923,35.6796,99.4382,16.7043
510,74.7114,114.526,76.3252,58.1681,36.6359,96.6012,16.5412
540,76.8416,116.079,77.5606,58.4747,37.8802,96.0541,16.5269
570,74.619,92.7182,61.3434,46.3351,37.4531,91.3762,15.3355
600,75.3608,93.7531,65.6815,46.3554,36.8928,87.2794,15.211
630,72.5306,89.6242,61.7026,47.4942,36.5915,87.552,14.6531
660,74.292,94.6109,61.5756,46.0672,35.3794,80.8701,14.1469
690,74.119,92.6844,63.2215,46.0942,36.9594,80.9397,14.8526
720,67.2452,76.7683,57.6619,43.8751,36.6488,74.913,14.0966
750,58.245,78.6193,33.1552,40.2213,38.2593,73.8246,13.4394
780,57.6114,80.0084,32.1258,40.681,36.8033,93.0408,13.0966
810,56.4503,77.7658,33.0692,39.4713,36.8757,89.4519,12.6495
840,57.7699,74.7353,33.1361,40.6482,35.9467,86.0573,12.5932
870,54.8896,80.649,33.0776,39.3921,37.5345,86.3112,11.9982
900,55.2377,71.9631,32.6491,40.8854,36.8579,80.219,12.3765
930,56.5777,76.4342,32.4455,40.1149,37.0781,79.701,12.2409
960,56.4165,99.4594,48.5202,51.3733,37.6691,79.0439,11.8187
990,60.3002,99.8329,63.4446,52.416,37.1441,79.2044,11.739
1020,58.7885,101.127,63.2943,52.5421,36.6719,72.9766,12.0316
1050,59.6431,102.268,64.9333,51.0753,36.3749,73.093,11.6638
1080,58.0579,84.5442,60.3188,48.1794,38.4184,68.6211,11.7795
1110,59.8119,93.3531,61.7692,43.0269,37.7329,64.6256,13.2076
1140,59.3479,92.2126,63.2045,43.7626,37.4038,61.0279,12.829
1170,59.6434,94.3981,62.1354,43.5019,37.0637,59.0182,12.8161
1200,61.3354,91.2135,63.2948,44.1083,37.0099,53.5237,12.8851
1230,73.1701,111.586,75.1628,43.3611,38.8348,51.0233,15.9547
1260,63.381,101.464,60.1142,43.3471,37.4106,49.5622,15.7516
1290,63.876,101.074,61.5017,44.9873,37.1643,45.4108,15.6868
1320,63.899,101.898,61.9718,44.6775,37.1236,45.3652,15.6029
1350,63.5398,104.045,60.5741,43.7121,37.78,45.5972,15.5034
1380,64.0704,103.498,60.058,43.1466,37.2566,47.4404,15.9538
1410,64.14,102.888,61.7133,43.5452,37.1405,50.2326,15.7269
1440,63.07,103.993,60.1731,43.241,37.7318,48.8252,15.596
1470,62.8105,104.869,60.9991,44.6256,37.9431,51.2569,15.6049
1500,63.3139,101.651,60.3031,44.2569,38.8752,49.5651,15.8444
1530,73.9402,115.39,75.4511,43.3117,37.5897,50.2994,17.1126
1560,73.8043,117.998,75.4746,43.0118,37.03,48.4787,17.047
1590,73.5783,117.633,74.2152,44.4653,37.5232,52.0488,16.7555
1620,74.3091,115.163,75.0196,43.875,36.5877,47.9374,17.0491
1650,74.7439,114.17,75.2498,43.4461,37.862,47.7496,16.7319
1680,74.2608,113.977,73.271,42.9959,37.0481,51.1022,17.0458
1710,73.8315,114.917,73.9995,43.1453,37.4083,48.8315,16.7927
1740,74.8428,114.16,74.7054,43.1324,37.7258,51.4432,16.7688
1770,75.2963,116.942,74.0243,44.5438,36.8545,51.9153,17.1125
1800,74.4953,114.102,75.1533,43.1328,37.4839,51.4144,17.1613
1830,75.1611,114.847,72.8487,44.204,37.1792,51.6614,16.9255
1860,74.0684,116.241,74.3973,44.8436,36.8169,48.014,16.8775
1890,73.3777,116.303,73.261,43.8746,35.6928,48.8232,17.0822
1920,73.5092,114.374,75.1808,44.5623,37.9778,50.8837,17.0471
1950,75.2968,116.996,73.6638,44.3555,35.7109,48.2742,16.944
1980,74.838,117.159,73.9858,43.357,36.6287,50.4284,16.8531
2010,78.023,123.463,80.4801,43.5811,37.0644,47.8585,17.1246
2040,78.2834,124.277,80.7208,43.0849,37.5635,51.3132,17.4208
2070,78.4763,120.402,79.1867,43.84,36.7324,52.165,17.1179
2100,78.3562,121.717,79.1091,44.0029,38.6996,51.7312,17.1516
2130,79.3643,123.008,79.571,44.2824,37.7095,51.2024,17.1138
2160,78.9594,122.92,78.7323,43.4543,37.4663,51.9163,17.4255
2190,77.8813,121.038,78.5348,43.84,36.7263,50.0997,17.122
2220,78.7965,123.781,79.9752,43.9637,37.534,50.6942,17.3644
2250,78.1428,120.551,78.8087,43.0026,38.2596,48.0886,17.2349
2280,79.195,121.309,79.8213,44.9604,36.5442,50.5682,17.2903
2310,79.4271,123.261,80.6035,44.1164,37.3583,50.7874,17.2468
2340,78.3044,121.305,80.5479,43.1378,37.5391,50.6623,17.0972
2370,79.2161,123.801,78.5413,43.8199,37.0845,51.1048,17.3531
2400,79.0012,121.342,79.6402,44.8029,36.8402,48.9804,17.3921
2430,79.7805,120.684,78.7298,44.5153,37.71,47.9108,17.5532
2460,78.0963,124.15,78.2538,43.0233,37.0801,47.9877,17.1426
2490,78.9193,120.9,79.8387,43.7955,36.5047,52.1112,17.1065
2520,80.8463,123.464,83.2868,44,36.6955,48.0037,17.4657
2550,80.4435,122.723,81.4547,43.1628,36.062,47.4803,17.3731
2580,80.16,121.455,81.7825,44.7188,37.2588,47.453,17.3033
2610,81.1438,124.052,82.4447,43.5563,37.8253,49.3282,17.5034
2640,79.528,123.066,80.9686,44.4962,36.6853,48.9238,17.2753
2670,80.6245,124.204,81.476,44.5318,35.6464,48.1746,17.4102
2700,80.1545,124.058,81.4435,43.1871,35.7905,49.1347,17.6968
2730,81.4551,121.495,81.3545,44.9274,37.3566,49.9158,17.5995
2760,79.4148,124.311,82.0987,44.7661,38.1524,52.2406,17.445
2790,80.4465,122.747,81.3726,44.4377,36.8866,47.558,17.1892
2820,79.3948,122.93,80.9762,43.7905,37.0063,48.4304,17.5062
2850,80.5336,123.585,81.9944,43.8618,35.1915,47.5406,17.2983
2880,80.8839,123.998,80.6429,44.7008,35.6552,48.1273,17.6937
2910,80.0246,123.336,82.0884,45.4723,37.5093,47.6439,17.688
2940,82.0992,122.236,81.1112,44.7219,36.8258,48.7277,17.3
2970,82.639,124.917,81.9081,43.5819,37.2481,49.1102,17.4475
3000,81.3884,123.032,81,44.5912,36.0533,50.1073,17.5555
3030,83.5169,121.799,82.5502,44.7591,37.4754,50.4516,17.5152
3060,84.6665,125.04,81.4271,44.827,36.227,52.0599,17.2401
3090,83.8307,123.296,81.3649,43.774,37.627,50.906,17.2003
3120,85.2027,125.366,82.5488,44.1523,35.4811,46.2555,17.6622
3150,83.5774,125.196,82.4609,43.412,36.2646,47.513,17.4481
3180,82.8658,125.932,81.6063,43.9636,36.0724,44.7638,17.619
3210,84.2151,124.74,81.1328,44.6633,36.6091,44.4804,17.2737
3240,84.2303,123.336,82.6966,45.1465,36.9436,43.3809,17.6164
3270,83.9167,123.618,83.4916,43.6291,36.7103,41.3614,17.5012
3300,83.2507,126.327,83.6881,43.4436,35.5205,40.8691,17.5997
3330,81.521,126.529,82.4032,44.0264,36.1539,37.5413,17.3838
3360,81.9314,122.955,81.9457,43.4441,36.1942,37.6984,17.3772
3390,81.2396,125.817,82.6593,43.5031,35.4438,35.2445,17.6169
3420,80.0199,125.198,83.6038,44.1609,35.8742,31.1863,17.1818
3450,80.7732,125.193,82.1808,44.5443,37.5267,33.5315,17.2996
3480,79.2506,123.462,81.9966,45.4584,35.3671,29.1313,17.5847
3510,81.5349,127.576,84.3625,44.0673,35.7525,26.4535,17.5542
3540,63.4109,98.0334,67.2428,43.858,37.7319,28.4161,17.6988
3570,64.3452,100.69,65.7234,44.2101,35.7939,31.738,17.7156
3600,63.9958,102.105,67.0043,45.047,34.8249,32.7877,17.4262
3630,62.9807,99.6814,66.4803,43.8258,37.4114,34.3049,17.4555
3660,64.6013,99.3332,66.3525,44.5954,36.2653,33.9316,17.8513
3690,63.7617,99.6832,66.0481,45.3364,37.3261,37.2802,17.3903
3720,65.1205,99.0058,67.5837,43.5896,35.8871,36.9497,17.5577
3750,64.9904,101.042,66.8213,45.2089,35.4519,37.541,17.4026
3780,64.1905,100.04,67.0535,45.1704,36.4589,42.4635,17.6652
3810,63.7036,98.1866,66.5924,45.3833,34.765,40.2676,17.3572
3840,61.208,97.6835,62.9018,44.9738,35.766,42.2599,13.9287
3870,60.4885,96.9196,62.9477,44.3862,36.5256,45.8696,14.053
3900,61.9474,94.7472,63.5185,45.3471,34.9532,48.5833,14.069
3930,60.7805,93.6979,63.8776,44.0099,35.644,50.6247,14.0975
3960,61.2821,95.5427,63.4838,45.0858,36.7839,52.4519,14.2865
3990,60.808,94.5173,63.659,43.7555,36.9931,58.3995,13.8687
4020,60.8605,93.607,62.8287,44.2989,35.7889,62.8502,13.9855
4050,61.8064,95.5114,64.4057,45.1127,37.9751,63.11,13.9996
4080,61.2944,96.8589,63.1411,43.9239,35.327,64.9956,14.0329
4110,61.4607,96.1362,64.3101,45.3653,35.9899,67.6208,14.2328
4140,61.0316,94.4296,63.2763,44.3745,36.306,74.2629,14.0472
4170,61.8085,95.8575,63.414,44.6747,36.6309,73.1451,14.3061
4200,61.3093,94.5328,63.1516,44.7794,36.057,76.6791,13.7988
4230,62.5341,96.9696,65.2472,44.4943,34.667,80.7926,14.0025
4260,60.9263,96.2945,64.9685,43.5994,37.2442,84.94,14.0544
4290,60.8155,97.5889,62.8764,44.9462,35.744,88.4917,13.8143
4320,61.0852,97.6737,64.5575,45.1976,36.5138,89.4588,13.9363
4350,61.6948,97.4889,64.7943,44.808,36.4583,85.434,13.9166
4380,62.0832,97.8691,63.5238,44.6588,37.3577,85.549,14.287
4410,62.2168,94.5133,64.3949,44.3075,35.7041,87.5003,14.1677
4440,54.4086,84.3615,57.2488,44.6228,35.3873,89.3418,12.1079
4470,57.6942,100.349,61.4547,47.4665,36.7969,87.7186,12.0744
4500,61.0173,101.295,65.8333,50.4957,36.5613,85.103,12.0949
4530,61.3738,100.333,65.476,52.2136,35.6051,88.0792,11.9138
4560,62.0125,98.0854,67.7276,52.2202,37.073,88.0488,12.2768
4590,61.1969,101.712,65.9949,51.0163,36.7562,85.8645,12.2013
4620,61.7799,98.2257,67.8016,51.4962,37.2197,82.2403,11.8035
4650,61.5847,98.8439,65.3179,51.7822,37.4063,81.284,12.1731
4680,62.0599,101.69,67.1742,51.376,36.4704,83.5935,11.8834
4710,60.8142,100.947,66.8939,51.9157,36.7222,84.1865,11.952
4740,61.9742,99.9399,67.8651,51.115,35.8559,83.659,11.8553
4770,61.4029,99.8866,67.7564,51.4447,36.6789,82.822,11.794
4800,62.3262,97.6476,66.918,51.8925,35.4725,81.2705,12.1486
4830,62.322,100.299,66.6532,51.6296,35.2315,81.2678,11.7868
4860,61.8573,97.362,66.5399,51.0197,34.9117,83.9007,12.1874
4890,61.4825,99.6024,66.2306,52.122,36.7058,85.9473,11.9974
4920,62.0097,100.096,65.867,50.8685,36.3887,81.2437,12.1451
4950,62.3316,99.8757,66.2612,50.8338,36.6042,82.8454,12.0226
4980,61.1505,101.16,67.5944,51.8187,36.8876,83.833,12.0089
5010,62.3516,101.556,66.2249,51.3416,36.3727,85.9384,12.0253
5040,60.0763,99.0537,67.5929,51.9597,36.4591,81.4126,11.8025
