Time,FC,PAS,PAM,PAD,temp,SpO2,FR
-1,107,150,101,87,37.155,92,30
0,117.7,165,111.1,87,36.6348,92,33
30,119.473,167.931,113.296,87,36.1146,92,32.6154
60,119.887,164.654,113.378,87,35.5945,92,33.1285
90,115.94,165.478,113.82,87,35.0743,92,32.4926
120,116.4,162.804,113.34,87,34.5541,92,33.577
150,118.691,167.207,111.031,87,34.034,92,33.0844
180,120.594,166.458,110.586,87,33.5138,92,32.8609
210,115.676,164.957,113.17,87,32.9936,92,32.3562
240,118.548,161.057,112.026,87,32.4734,92,33.4214
270,119.62,162.801,113.812,87,31.9533,92,33.3368
300,118.179,163.295,110.948,87,31.4331,92,32.7491
330,118.407,162.637,108.465,87,30.9129,92,33.2424
360,129.206,163.002,119.962,87,30.3928,92,33.762
390,129.103,168.854,124.629,87,29.8726,92,33.7214
420,131.587,164.425,109.276,87,31.6544,92,33.486
450,130.915,158.436,111.958,86.4573,33.3121,92.0985,32.7637
480,116.262,170.803,108.03,85.8341,34.5582,92.6716,31.9899
510,120.372,161.945,108.251,86.6981,36.7565,97.1336,33.2796
540,116.665,167.968,109.562,88.7527,37.4199,97.48,32.7753
570,116.721,135.984,87.2169,70.53,35.7412,93.1267,31.4532
600,116.27,128.686,86.9569,69.6727,35.6987,87.217,30.896
630,109.67,129.106,84.543,67.2346,36.13,84.1243,30.0946
660,113.039,133.754,89.3004,67.5008,36.1547,82.1565,28.6805
690,112.429,126.798,88.5671,68.7428,37.9872,79.3967,29.5978
720,101.097,106.299,72.5131,57.084,38.2931,73.7043,28.0574
750,90.2835,111.652,51.0348,57.1576,35.3968,72.4695,26.5554
780,89.5509,113.032,48.4542,57.1941,38.1451,88.9115,26.3182
810,91.694,105.639,51.3652,56.7206,37.0102,82.6245,25.3721
840,89.8414,145.808,51.2516,75.6811,36.2629,82.3273,25.7964
870,86.4297,140.895,49.3593,77.842,36.162,75.0826,23.6157
900,86.5481,141.858,48.6951,74.7646,37.4201,74.5718,24.3429
930,89.9597,143.62,50.0566,76.4045,36.3234,70.1139,24.1081
960,88.0157,145.781,69.4242,77.7089,37.0249,69.5773,25.1325
990,94.0382,147.767,93.8658,76.535,37.4079,68.9109,24.1905
1020,93.1542,142.549,93.0487,77.0905,37.3101,61.5716,24.2268
1050,94.286,145.093,91.5018,74.7316,37.7883,61.3156,24.6088
1080,87.1474,121.831,79.9188,63.3241,35.9495,58.1289,24.1714
1110,92.389,133.373,89.0478,65.5061,38.4514,55.2075,26.7923
1140,95.2477,132.786,86.2385,64.7034,36.9722,51.0578,26.6906
1170,94.8242,135.955,87.692,66.6266,37.2606,46.7622,27.1399
1200,93.6899,131.156,89.0994,64.3477,37.1436,43.753,26.9744
1230,116.572,159.844,106.125,66.5397,39.01,39.4685,33.0806
1260,99.7252,133.803,84.6463,62.9752,37.9645,36.1947,32.5891
1290,100.781,135.989,85.0728,64.5483,38.3324,31.7371,32.6821
1320,101.495,136.44,87.3271,63.566,36.4404,34.6707,32.7111
1350,99.9096,136.695,85.4166,64.2094,38.1265,36.054,32.6752
1380,97.8375,131.474,85.721,65.198,38.1556,35.4545,32.8894
1410,99.7663,131.152,88.3125,64.1518,38.4446,36.4065,32.88
1440,101.618,133.15,87.1469,63.4071,37.027,35.7026,33.5433
1470,98.8354,135.853,85.7615,63.2115,36.5833,35.4039,32.7234
1500,99.6721,135.779,88.4569,63.7017,37.5197,36.8426,33.3292
1530,101.534,134.908,84.9158,64.6472,37.9201,37.9858,32.8247
1560,98.4473,134.749,86.7627,65.4682,37.1386,36.844,32.4972
1590,101.485,131.054,85.3453,63.2761,37.1544,35.9193,33.2384
1620,99.6203,133.541,88.6077,65.9099,36.8521,36.6975,33.5276
1650,99.069,135.985,86.2089,66.2166,37.0392,35.2469,33.2009
1680,102.223,136.508,85.9653,66.2827,37.0424,34.1714,33.1707
1710,98.1449,132.861,87.8714,64.4495,37.4989,34.8354,32.7338
1740,100.868,131.865,84.7738,66.0956,38.0899,37.9143,32.4134
1770,100.151,132.657,88.5018,63.1334,36.8267,37.8526,33.0433
1800,98.1763,132.219,86.3299,66.6645,36.6122,37.2564,32.7197
1830,101.508,134.124,87.5811,65.7563,38.2547,34.5619,32.8252
1860,98.0379,132.406,85.3204,66.2064,37.0728,38.5406,32.8927
1890,99.3038,136.84,86.6951,66.5928,36.0583,36.698,32.5775
1920,100.336,131.118,85.0742,65.9693,37.7225,34.76,32.7255
1950,99.4355,136.726,84.5666,63.2244,36.9251,36.5619,33.3676
1980,99.6433,136.01,87.4223,64.2238,37.8754,37.9897,32.5128
2010,100.407,133.463,84.7561,65.5537,37.7031,38.3827,32.6654
2040,101.059,131.683,84.5933,63.7444,37.3052,36.8031,32.7256
2070,98.2952,135.265,86.1913,66.3738,38.3753,37.6464,32.6011
2100,101.222,134.027,86.8895,65.0834,36.0761,37.5885,33.1767
2130,101.555,136.644,85.9757,64.9716,36.6151,38.0244,32.6236
2160,99.7507,137.023,86.419,64.3942,35.4251,37.5685,32.6349
2190,101.167,132.145,84.948,65.0271,36.9657,37.8504,33.414
2220,99.6276,133.547,86.2977,64.8899,36.8897,35.1895,33.0993
2250,98.1662,135.02,85.0233,65.289,36.7331,38.2424,32.75
2280,102.21,133.422,87.6277,63.2231,36.6862,35.8524,32.5228
2310,100.952,134.474,87.5296,66.073,36.7762,37.4649,33.38
2340,102.129,132.152,85.9511,65.795,36.7741,35.9669,32.8991
2370,98.9011,134.744,84.6604,63.482,37.8283,36.5854,33.0004
2400,99.5002,132.828,87.1903,66.0121,36.3972,38.7186,32.8896
2430,116.929,163.563,105.868,62.9453,35.3819,38.2973,34.9198
2460,115.194,160.697,108.867,65.1357,37.1654,34.4463,34.8512
2490,118.601,159.952,105.953,64.9146,36.6806,34.5628,35.336
2520,114.88,163.758,106.091,66.4144,36.885,35.9161,35.121
2550,114.547,163.272,106.316,64.0702,36.6223,36.5478,35.7865
2580,116.963,161.941,106.721,64.7054,37.3273,37.0404,35.6218
2610,117.636,164.977,105.867,66.3006,36.9316,36.081,35.8142
2640,114.941,163.824,108.295,66.473,35.3307,35.4841,34.8685
2670,118.431,163.308,106.693,65.1292,38.3714,36.3776,35.3681
2700,116.675,165.149,104.702,64.0009,36.9164,34.4368,35.0157
2730,117.483,161.186,105.114,64.3481,37.1301,35.5611,35.8659
2760,116.321,159.728,108.264,64.5498,35.6025,36.7829,35.1007
2790,118.772,159.143,108.329,66.111,35.4153,35.7004,35.4815
2820,116.592,161.29,108.359,66.3437,36.4492,34.3786,35.6811
2850,116.615,160.02,104.889,63.2828,36.7332,38.2943,34.9685
2880,117.709,163.704,106.877,66.7073,36.3412,34.5538,36.4081
2910,123.101,177.586,114.635,64.0117,36.5807,37.1531,38.3997
2940,123.334,174.799,114.416,64.195,36.1167,37.965,39.1651
2970,125.439,177.527,115.746,64.7595,36.0192,35.8325,39.9379
3000,123.838,177.43,115.492,63.8043,37.3842,37.4411,40.8947
3030,125.355,173.036,113.398,66.7289,37.5383,35.7943,40.405
3060,123.627,176.982,114.033,65.722,34.7839,34.98,41.9173
3090,126.814,177.794,113.311,63.897,35.809,37.8711,42.4217
3120,123.454,174.616,116.052,63.6428,36.9942,34.1242,43.0262
3150,124.527,172.536,114.737,64.7207,37.313,35.8458,44.1669
3180,124.122,175.548,115.386,65.3372,36.912,35.1902,44.1271
3210,124.332,173.26,115.337,66.439,36.3342,35.997,45.1986
3240,124.978,171.768,116.724,65.7469,36.9277,35.2619,45.2174
3270,125.891,175.34,113.696,65.7906,36.4023,37.3877,45.0635
3300,122.305,172.695,114.048,65.8591,37.5219,35.0256,44.6522
3330,125.315,175.797,114.022,64.6572,36.3393,35.3023,45.0113
3360,124.282,171.832,114.734,63.8019,36.2763,33.3471,43.066
3390,121.414,173.131,115.531,66.0416,37.4129,34.3929,42.3632
3420,123.204,180.757,119.79,65.6998,35.9871,31.4421,44.0984
3450,122.988,178.439,119.328,63.035,35.6245,33.2633,43.0038
3480,118.95,177.368,117.635,64.1181,36.2267,29.4351,42.6901
3510,120.998,174.997,117.809,66.4735,35.9118,27.086,41.279
3540,115.849,174.549,120.097,65.1723,35.4134,29.9222,40.1043
3570,118.402,179.591,116.028,63.6632,38.1526,26.207,39.3132
3600,116.479,180.17,117.673,65.4663,36.9665,24.6551,38.6909
3630,118.464,179.947,116.857,64.425,37.0987,24.9542,38.5477
3660,116.137,178.837,118.113,64.8542,37.2989,23.2614,37.3174
3690,115.73,178.789,119.715,63.4898,36.4991,20.8846,35.6007
3720,116.281,179.467,118.82,65.2987,35.827,22.8713,36.0243
3750,120.515,176.211,119.162,66.0381,36.7058,20.7402,36.7547
3780,117.954,176.676,117.774,66.7958,36.3514,19.2276,35.6843
3810,121.63,178.508,116.847,64.1425,37.5076,16.5307,35.6803
3840,120.967,175.078,118.916,66.2865,36.2921,14.8289,35.5579
3870,124.937,174.809,119.322,65.172,36.7457,15.073,36.2974
3900,125.73,174.79,118.346,65.8647,35.4455,15.3865,36.4922
3930,126.7,175.533,115.999,66.2082,36.9316,14.6146,35.6088
3960,124.987,179.059,119.794,65.5636,35.8213,12.2395,36.003
3990,123.493,177.934,119.945,65.7169,35.9032,9.36954,35.587
4020,125.039,180.659,119.229,65.3754,36.4347,11.8323,35.7396
4050,126.309,177.734,115.639,65.078,38.2783,14.9768,36.1624
4080,125.533,178.075,116.435,63.1441,37.6986,16.3065,36.7232
4110,124.334,177.15,118.653,64.9309,36.4492,19.0026,36.1339
4140,126.825,176.902,116.115,63.6158,35.7615,21.3623,36.6275
4170,122.478,176.891,117.569,66.6559,35.4527,25.2131,36.7826
4200,125.21,178.757,115.906,64.1337,36.6599,27.67,36.7087
4230,126.684,180.706,117.695,66.1529,36.5435,31.195,36.6529
4260,124.252,177.312,115.977,64.5681,37.2778,34.5053,36.7209
4290,126.148,179.364,119.726,63.3862,36.8843,37.0309,36.0213
4320,122.535,175.822,118.816,65.0438,37.8454,42.0475,36.3145
4350,126.745,180.76,117.668,66.3272,37.9534,46.6905,35.9967
4380,123.348,180.122,119.226,63.4077,35.4721,46.8077,35.6491
4410,127.141,183.832,118.078,65.3829,36.0612,49.8319,33.3335
4440,100.341,145.364,97.7188,63.8917,36.8487,57.1089,33.6531
4470,99.5693,142.775,95.8195,64.298,35.4732,59.706,33.2279
4500,98.4785,144.027,95.4497,64.6045,36.8735,62.075,33.4511
4530,100.205,145.47,93.9963,66.3682,35.1949,64.1883,33.6647
4560,101.876,141.947,97.597,65.2206,37.3788,67.3272,32.8829
4590,98.4123,145.522,95.2192,63.8205,35.0535,68.5333,33.1003
4620,100.807,146.976,96.3635,63.9954,35.9871,72.8705,32.8845
4650,102.069,146.344,97.6098,62.9656,35.141,75.7541,33.9866
4680,99.6542,144.402,95.7585,63.0408,36.8111,76.2353,33.4955
4710,100.138,143.544,96.8993,65.065,36.3549,82.7281,33.1331
4740,95.2225,136.576,91.0864,65.9824,36.2962,86.3066,25.8279
4770,94.6669,138.761,91.0935,63.6318,36.7858,86.2996,25.6187
4800,97.519,137.973,90.4185,63.5028,36.1915,88.9618,26.2935
4830,98.0406,136.828,90.6657,64.7081,36.4219,89.0323,25.2429
4860,96.5645,135.318,92.4391,63.4183,36.7764,88.7336,26.0243
4890,95.5646,134.908,92.5758,63.9593,37.0772,88.5921,25.3549
4920,96.4773,140.273,89.9905,66.4565,37.2043,89.4015,25.5756
4950,95.6847,135.233,92.1824,63.3395,36.2328,86.4645,26.3902
4980,96.9234,140.185,89.1208,63.3909,37.0947,89.4319,26.3808
5010,97.8451,138.025,89.7098,63.5777,37.2517,87.1615,25.3622
5040,97.4742,137.642,88.8787,63.5172,37.1358,86.1388,26.3289
5070,98.4963,135.317,88.8071,64.2712,36.2125,85.4159,25.5918
5100,94.3614,136.428,90.7242,65.5207,35.2753,86.8519,26.3778
5130,97.7546,139.299,89.2592,64.4089,36.6133,86.3947,25.7022
5160,98.3559,137.459,91.2713,64.7058,35.355,85.6997,25.615
5190,94.871,136.377,91.8225,66.2482,37.4633,84.7735,25.9827
5220,95.7116,137.832,90.0594,64.5412,37.844,85.6876,26.055
5250,97.595,137.01,88.8488,64.1418,37.2919,87.345,26.3476
5280,94.8055,135.705,90.063,64.4975,36.4084,87.3139,25.9691
5310,94.7945,136.454,90.2687,65.1475,36.2745,84.6811,26.2914
5340,84.7748,121.681,79.043,66.6438,36.1741,86.3887,21.506
5370,98.5066,141.364,93.4611,76.7333,34.9224,86.8936,21.6708
5400,95.6385,144.045,94.2683,76,36.1013,84.2994,22.2801
5430,96.8489,140.909,92.4916,77.4511,36.7443,86.884,22.8325
5460,97.1311,143.352,96.0237,77.5551,35.6733,88.5188,21.8018
5490,98.1625,140.809,96.5479,77.3915,36.2945,84.1014,22.4762
5520,96.1922,142.344,93.6075,77.6645,36.4763,86.492,21.987
5550,97.3747,143.213,93.4889,76.0358,37.5782,86.4325,22.2067
5580,96.6585,141.736,94.5219,76.6873,36.4718,88.0059,22.3105
5610,97.2695,144.766,94.8244,73.8893,35.9147,87.2207,22.5652
5640,98.6186,145.801,96.0664,76.4034,35.3574,88.3604,22.7918
5670,98.0966,140.536,95.015,76.4146,37.9963,84.5504,22.2256
5700,95.7564,143.03,93.7043,73.8785,36.1068,86.5915,23.2106
5730,97.9836,146.177,95.331,74.307,35.625,88.0438,23.9387
5760,94.9549,143.474,93.0592,75.3879,37.6801,85.5185,25.1665
5790,94.6757,144.94,94.2647,73.9697,36.6275,86.3831,25.4126
5820,98.5088,144.271,93.5033,76.9749,37.0291,85.5957,26.8467
5850,97.3656,145.504,95.9403,74.3136,35.6051,86.4629,27.4039
5880,94.7486,143.455,95.9366,77.5112,35.4061,86.8053,28.7678
5910,97.8965,146.373,96.5576,76.1681,34.8735,87.4316,29.4287
