Time,FC,PAS,PAM,PAD,temp,SpO2,FR
-1,99,166,127,105,37.1705,96,22
0,108.9,182.6,139.7,105,36.6502,96,24.2
30,107.256,179.925,140.26,105,36.1298,96,24.586
60,109.52,185.202,142.134,105,35.6094,96,24.1951
90,109.059,178.556,137.414,105,35.089,96,23.6099
120,110.268,187.073,138.61,105,34.5686,96,24.3239
150,106.561,185.111,141.317,105,34.0482,96,24.6886
180,108.547,180.47,136.988,105,33.5278,96,23.6004
210,110.72,184.843,141.714,105,33.0075,96,24.3791
240,107.161,180.198,141.126,105,32.4871,96,24.5928
270,108.157,179.046,141.904,105,31.9667,96,24.3809
300,107.865,182.845,139.18,105,31.4463,96,24.1929
330,111.324,186.9,141.515,105,30.9259,96,24.6738
360,117.644,185.537,154.817,105,30.4055,96,24.0136
390,120.021,184.298,154.423,105,29.8851,96,24.7317
420,106.333,181.704,136.565,105,30.2804,96,24.2093
450,108.506,181.579,139.812,104.631,30.5004,96.2062,23.776
480,107.161,181.684,140.426,106.525,30.2333,97.7572,24.3608
510,106.95,180.19,143.76,106.885,30.7117,96.49,24.1356
540,105.56,188.723,140.917,104.066,32.6874,96.4411,23.7008
570,104.906,143.357,113.95,84.4801,31.7358,92.1983,22.9527
600,106.07,144.696,111.073,85.1284,33.0749,87.9157,22.8391
630,102.23,145.465,111.314,83.1449,33.4842,86.4618,21.7213
660,105.998,139.545,109.67,82.2303,33.6975,81.6001,22.2407
690,100.403,142.37,112.908,85.1143,33.7493,78.6924,20.3744
720,97.0962,130.477,103.622,79.3135,34.0561,74.9619,20.1693
750,85.2299,123.729,64.6979,71.9736,33.8279,69.0474,20.5232
780,84.927,120.472,60.5293,72.4077,34.468,92.992,19.4979
810,83.6571,120.941,59.9806,70.4473,35.7564,91.2072,18.8407
840,82.1995,116.149,63.8984,92.9468,35.0228,89.3962,18.5162
870,83.0508,116.536,60.3516,90.6307,35.3665,83.3495,18.1504
900,80.2427,122.314,91.8492,92.337,37.1578,80.139,17.5351
930,80.7181,121.745,93.1753,91.0758,36.3182,74.8026,17.7969
960,83.705,161.041,89.4054,89.5308,37.2438,76.2891,18.4798
990,88.4847,166.789,120.057,93.2248,37.0588,74.6675,17.457
1020,87.0199,165.409,119.675,89.7326,37.49,68.0888,18.0406
1050,88.5254,160.575,118.593,89.558,36.244,64.2964,17.5398
1080,83.9296,147.973,112.414,86.5598,37.6274,64.293,17.4479
1110,88.5549,150.407,113.535,77.0353,37.6262,59.2698,19.6711
1140,88.3276,155.026,118.503,80.0035,36.3716,57.8501,19.2095
1170,86.6526,149.137,115.104,76.9437,36.7688,52.7353,19.7778
1200,87.6991,150.259,118.334,79.7495,38.2275,47.1231,19.3492
1230,107.953,180.029,142.094,76.852,37.3027,43.8762,23.5832
1260,94.7838,140.162,107.388,77.4962,36.0121,43.1764,23.4368
1290,91.904,147.498,107.911,78.5386,37.8765,39.5551,23.8391
1320,91.4321,144.009,108.818,80.074,37.0733,38.7261,23.2885
1350,94.1352,141.137,106.772,78.5776,36.6295,36.9582,23.425
1380,92.4799,143.494,108.545,77.8188,37.1919,40.0456,24.0329
1410,91.8266,141.442,108.584,78.3141,36.1495,40.3139,23.5315
1440,94.0691,147.482,107.124,79.9035,38.0937,38.8854,23.6219
1470,94.8832,142.198,105.809,76.8646,36.9104,41.1043,23.309
1500,93.5409,140.487,108.165,77.3374,36.4176,40.566,23.7284
1530,108.488,182.828,135.08,78.522,36.6043,43.7174,25.7638
1560,108.701,178.103,139.087,76.5982,37.2587,42.1689,25.0689
1590,107.505,181.333,135.866,79.6205,38.4885,43.753,25.4699
1620,110.338,179.41,139.235,76.7326,37.1786,43.0797,25.1636
1650,107.556,183.148,138.662,77.6287,37.7181,41.0896,25.0022
1680,107.258,177.743,135.063,77.1046,37.1782,41.1829,25.3531
1710,109.122,180.966,135.898,78.0897,36.7108,39.9883,25.2989
1740,110.098,175.956,137.277,78.2551,36.5681,43.1598,25.4596
1770,108.263,180.192,139.541,79.6602,36.695,43.8361,25.4838
1800,109.475,176.145,139.029,79.6081,37.3988,41.1849,25.4054
1830,106.542,180.596,134.276,77.9929,37.2341,43.7984,25.6243
1860,107.493,179.079,135.995,78.2106,36.9721,40.2552,25.2094
1890,109.776,176.505,134.961,76.5902,36.1893,43.3283,25.1455
1920,107.203,180.77,134.454,76.1302,37.6611,42.349,25.7843
1950,106.826,180.213,136.756,75.9855,37.2144,43.4867,25.7945
1980,110.221,176.779,137.108,78.833,36.9051,44.2057,25.0292
2010,116.813,191.013,146.815,77.2462,37.2849,42.0532,25.8034
2040,116.21,194.5,147.965,78.6489,36.8694,42.6732,25.5661
2070,115.905,191.042,146.146,77.489,37.6604,41.4372,25.8007
2100,113.541,197.216,145.956,77.4187,36.2225,41.5552,25.8819
2130,113.893,194.79,149.949,77.351,36.7012,42.9869,25.7659
2160,117.086,191.036,150.967,79.5386,36.378,44.0228,26.1212
2190,116.499,190.169,146.419,76.939,37.6656,42.5106,25.5283
2220,115.244,195.135,147.742,76.2352,37.7076,42.2058,26.2017
2250,115.025,192.547,146.794,75.9896,37.8159,41.2427,25.9332
2280,113.448,192.411,147.78,76.649,37.231,44.0892,26.0649
2310,114.7,190.659,150.81,76.9923,37.0636,40.953,25.5834
2340,114.17,195.111,146.589,79.7174,37.0723,43.256,26.2183
2370,113.423,197.517,150.636,78.727,37.0068,40.5553,26.285
2400,115.691,194.519,146.459,77.9422,36.707,40.4598,25.7206
2430,113.985,190.922,148.512,79.1903,37.5835,43.7363,26.2349
2460,115.266,190.323,150.085,79.7709,37.3085,43.4144,26.1699
2490,115.642,195.467,148.357,77.7702,37.8836,41.5744,25.9464
2520,116.604,201.797,150.304,76.6382,36.3932,41.6985,26.5542
2550,116.809,204.872,153.576,75.8389,37.1203,43.859,26.0787
2580,117.729,202.893,151.058,77.1038,37.0904,40.1465,26.5583
2610,118.356,202.14,151.766,78.5727,36.6245,40.4608,26.3528
2640,116.563,199.075,154.377,79.8748,35.896,43.229,26.4827
2670,116.133,200.459,154.236,80.0426,37.5438,40.475,26.2246
2700,116.89,200.154,154.241,78.8224,36.8553,41.8406,26.6848
2730,117.302,203.359,153.959,79.3998,37.1264,41.1478,26.4849
2760,115.503,198.207,154.276,78.2598,36.0998,40.5269,26.3104
2790,118.997,204.687,153.036,79.4812,36.9157,40.2418,26.7046
2820,119.558,204.033,153.91,77.7259,36.0354,40.8947,26.1045
2850,118.847,204.498,155.763,77.815,36.4352,39.6891,26.6537
2880,116.736,202.787,152.317,79.2007,35.7151,39.9746,26.8426
2910,117.097,201.315,154.939,80.608,36.3993,43.6606,26.1649
2940,118.548,200.808,153.098,78.119,36.6441,41.8295,26.3008
2970,118.05,200.415,154.011,77.7472,36.6485,39.7067,26.7689
3000,116.791,199.813,153.534,78.0965,36.8086,40.9917,26.9063
3030,120.329,205.547,156.299,77.0677,37.5438,40.3315,26.444
3060,116.886,202.078,155.389,79.2905,35.2745,43.6645,26.596
3090,118.631,201.186,155.953,77.0193,37.9198,43.9477,26.1663
3120,116.774,201.088,153.451,79.8478,37.4603,46.6461,26.7404
3150,119.242,203.902,156.066,78.3744,35.5328,50.4566,26.5938
3180,118.638,203.193,152.446,79.1806,36.2221,50.9813,26.3774
3210,118.178,199.22,153.508,77.7714,36.9,55.0576,26.1309
3240,118.108,204.399,155.473,78.3892,36.2918,55.9267,25.6301
3270,115.103,199.336,153.717,79.0853,35.2076,57.3447,25.5394
3300,117.022,201.803,152.24,79.1563,36.0401,62.3899,25.6998
3330,114.256,201.335,151.794,78.0219,36.437,61.1686,25.1743
3360,112.052,199.658,154.744,78.9185,37.1148,63.8105,25.5485
3390,114.331,199.033,153.003,80.7077,35.8511,65.1447,24.9764
3420,114.169,204.365,154.925,77.9083,35.6382,64.7159,25.2558
3450,114.228,200.597,155.652,78.8341,35.8106,69.1182,25.4396
3480,111.228,201.73,152.861,80.1782,36.3385,69.8493,24.8352
3510,112.218,208.219,153.098,77.2986,36.074,69.7215,24.4834
3540,86.9212,166.61,125.256,78.0489,36.4398,73.9665,24.5514
3570,89.4915,164.377,127.196,78.7472,36.8619,72.8451,24.9934
3600,90.8697,163.888,126.759,77.3072,35.7925,74.1351,24.9297
3630,88.575,161.339,124.765,79.2424,36.9733,78.5955,25.9853
3660,90.7648,162.326,124.186,76.6805,36.4052,77.883,25.8512
3690,92.4491,161.438,124.168,78.5727,36.9462,79.6291,25.8182
3720,90.6088,161.209,127.566,78.7622,35.6454,82.8057,25.8188
3750,92.5585,161.186,124.586,77.0105,36.3252,80.9773,25.4867
3780,93.4705,162.715,124.476,78.8474,36.6676,83.7026,25.3675
3810,95.2072,164.727,126.106,79.8795,34.9036,86.1289,25.4325
3840,89.201,157.251,121.493,80.0621,36.5363,87.8051,21.0919
3870,91.3237,161.099,117.223,79.0936,34.8798,90.9594,20.9224
3900,90.1183,155.993,118.435,80.772,35.5013,85.4359,21.1158
3930,89.0108,160.169,121.1,78.4439,36.5628,86.0086,20.4824
3960,91.2451,157.544,122.471,78.0317,35.5303,81.8663,20.9839
3990,90.3424,155.699,119.177,79.6203,35.6039,80.6844,20.9935
4020,90.742,158.643,121.414,79.3558,36.58,81.5366,20.6877
4050,91.6093,156.071,121.788,79.7269,36.4877,82.9316,20.5772
4080,88.3551,160.252,120.495,77.1976,36.7508,83.0824,21.0819
4110,88.6281,155.884,120.532,78.6762,35.5492,80.0511,20.5054
4140,91.053,154.103,121.715,80.4635,35.2187,80.2328,21.0004
4170,91.3192,154.921,120.109,77.9754,36.527,81.5364,20.9731
4200,89.3247,155.224,122.137,79.6022,36.0585,81.611,20.4971
4230,88.5908,155.396,120.779,79.6864,36.6224,83.0229,21.0909
4260,92.4605,159.342,121.685,76.7327,34.9713,82.6602,21.0665
4290,89.4298,156.505,118.297,76.8037,37.3638,82.5775,20.4105
4320,88.1003,159.211,121.381,76.9687,36.1221,79.9359,20.8785
4350,90.7354,160.711,119.219,80.3262,36.5122,82.4735,21.0298
4380,88.1769,158.409,121.925,77.4682,37.1102,79.1344,20.402
4410,88.3851,155.938,117.701,80.3524,36.2813,83.2034,20.4288
4440,80.6635,141.815,104.648,77.4614,35.3748,82.7512,17.8625
4470,83.6588,148.733,115.254,83.9237,36.0003,78.9967,17.7284
4500,90.6715,164.798,124.59,92.5515,37.062,82.5181,17.8601
4530,86.861,164.592,123.739,90.2973,36.8537,80.1577,17.6616
4560,87.4034,161.323,124.122,90.8121,36.9717,78.8268,17.502
4590,89.5335,162.159,123.127,90.3865,37.0832,78.555,18.0279
4620,88.3376,161.311,124.158,89.7301,35.7422,78.6034,17.6094
4650,87.9161,160.199,123.853,90.1132,37.6044,77.853,17.3555
4680,88.0081,159.518,122.773,90.5826,36.505,77.43,17.6517
4710,90.7806,165.124,124.259,93.4027,36.0589,78.9643,18.0379
4740,90.3063,161.37,126.065,90.1603,37.5068,77.5959,17.5159
4770,86.7688,158.724,122.972,93.3538,34.5054,79.6577,17.6142
4800,87.6018,160.555,124.255,93.6743,36.1793,77.0338,17.9274
4830,87.0482,158.381,124.569,92.1049,36.37,77.573,17.6171
4860,86.5756,161.784,123.728,93.5242,35.1451,76.0602,17.5982
4890,87.5148,162.686,122.242,90.6228,36.1813,78.1411,18.0656
4920,89.2823,160.171,125.87,91.3161,36.0437,76.0353,17.8189
4950,88.5118,164.881,122.143,93.623,36.8417,76.771,17.7281
4980,87.9741,164.897,123.356,92.1787,35.847,75.0448,17.5478
5010,88.0583,160.018,123.85,89.6968,35.9477,75.0459,17.4934
5040,88.9443,165.099,124.373,89.777,36.7325,76.4091,17.967
5070,90.1597,166.254,125.793,90.8709,35.7607,77.0924,17.1965
