Time,FC,PAS,PAM,PAD,temp,SpO2,FR
-1,103,137,103,82,37.3655,94,20
0,113.3,150.7,113.3,82,36.8423,94,22
30,111.753,148.027,114.76,82,36.3192,94,21.9981
60,114.942,152.739,113.01,82,35.7961,94,22.1604
90,110.796,152.23,112.257,82,35.273,94,22.3182
120,112.303,151.015,114.129,82,34.7499,94,22.0203
150,114.386,150.356,111.747,82,34.2268,94,22.152
180,111.553,151.015,114.9,82,33.7036,94,22.4401
210,113.003,148.547,114.273,82,33.1805,94,21.9169
240,113.54,147.145,111.196,82,32.6574,94,21.8279
270,114.135,150.046,115.477,82,32.1343,94,22.2655
300,115.068,152.901,111.582,82,31.6112,94,22.0126
330,114.298,149.641,110.775,82,31.0881,94,21.9744
360,123.942,152.625,125.454,82,30.5649,94,22.1763
390,124.486,148.404,125.44,82,30.0418,94,22.3043
420,115.719,152.205,111.549,82,30.4284,94,21.7704
450,115.004,149.146,114.086,81.1822,30.8545,94.5311,22.2061
480,116.999,150.613,112.614,81.4062,30.5504,95.5877,22.3053
510,113.165,150.535,113.427,80.8194,31.1663,96.4457,21.8731
540,110.34,153.394,114.306,80.4008,31.137,95.7494,22.345
570,113.509,120.196,92.4263,65.8505,31.6687,93.2132,20.7515
600,110.866,123.415,92.4252,66.4538,33.3094,89.2555,20.451
630,108.785,121.972,90.2777,64.8532,31.9844,91.2421,20.2348
660,107.104,122.758,90.7,65.5889,33.9019,85.7187,19.2996
690,106.966,113.21,90.9117,66.7082,34.1486,85.972,18.9602
720,146.522,59.5439,90.2567,39.675,33.473,82.5565,18.8695
750,143.966,65.7548,90.3839,38.964,34.7907,92.3885,18.3991
780,143.109,68.6893,85.632,37.8304,34.7679,90.2124,17.828
810,145.779,61.5752,90.8251,38.9545,36.1855,88.3571,17.1866
840,146.054,66.0251,90.1344,39.472,35.9582,83.0412,17.2502
870,143.291,62.0522,86.8384,39.5437,37.1183,83.1595,16.2033
900,144.018,90.9663,90.7626,55.3253,36.9701,80.8189,16.356
930,142.092,94.6464,89.0849,55.4172,36.9856,75.4963,16.3122
960,143.006,92.3888,117.114,55.7018,37.1084,75.1309,16.8795
990,144.884,93.6119,112.351,53.9917,37.2018,72.8357,16.8902
1020,149.12,90.9435,110.563,55.2987,38.1937,72.3668,16.7559
1050,145.814,90.8058,116.891,56.7337,36.6061,68.0902,17.2711
1080,143.782,95.2936,115.63,56.1375,37.839,68.1968,16.605
1110,142.616,91.751,112.362,54.7649,37.218,64.8368,16.3531
1140,144.644,93.4856,112.18,55.4125,36.297,63.6491,17.383
1170,148.376,93.8853,112.883,56.4125,38.0806,61.1844,16.7832
1200,147.26,96.1947,116.241,54.182,36.3228,56.1212,16.3324
1230,102.225,137.161,115.954,72.2599,37.6105,52.1074,16.1583
1260,93.4503,110.655,103.178,66.2056,37.7489,51.3128,15.9484
1290,82.3438,111.094,62.6706,61.7971,36.9069,49.3526,15.9415
1320,82.0011,110.301,65.1832,61.0567,36.2863,83.1506,16.5244
1350,81.3751,111.025,61.7403,60.4789,38.2984,83.31,16.7522
1380,81.2695,110.805,63.1925,61.2902,36.7614,82.781,17.0144
1410,84.6792,109.601,63.7305,59.4566,35.9696,79.7296,16.3592
1440,82.8374,110.328,62.6801,60.6556,35.5685,81.1925,16.3514
1470,84.0472,106.544,62.3167,61.1921,38.6709,83.004,17.0111
1500,82.5232,114.99,64.9172,59.6755,35.9324,84.6051,16.1363
1530,86.5712,111.515,90.0213,61.1141,35.9091,86.4359,15.7405
1560,88.5268,110.944,88.4043,59.6122,37.4869,86.0631,15.912
1590,87.0272,109.65,89.0331,61.8706,37.1907,85.2729,15.7419
1620,85.2869,94.1988,82.7215,56.7208,38.4707,88.0018,16.3874
1650,89.7696,100.496,87.3754,51.9738,36.9293,87.8641,18.0244
1680,92.187,98.0637,85.1813,52.2667,37.5842,84.5135,17.6751
1710,88.7148,100.712,86.3265,51.3345,37.2813,87.0463,17.8466
1740,89.7333,98.2399,86.5803,50.9545,37.7424,85.3722,17.4204
1770,110.587,118.213,106.857,50.8931,37.6802,85.1356,21.1779
1800,96.9832,115.003,79.0706,50.7427,36.5139,87.7443,21.3131
1830,96.4033,113.675,83.2385,52.957,36.9837,87.0026,21.3799
1860,96.5125,113.041,83.0906,51.7831,37.2056,87.7535,21.341
1890,94.4335,116.961,82.7919,52.0879,37.0643,83.7642,21.4139
1920,96.1125,112.755,82.9899,49.6561,37.7097,85.9344,21.1207
1950,93.2766,114.903,79.6945,50.4481,37.5014,91.7108,20.9366
1980,93.4669,116.647,81.7678,52.3474,36.5539,89.3432,21.3085
2010,94.4758,113.139,79.5491,49.8348,36.5795,91.0493,21.053
2040,94.5906,115.644,79.5138,52.6145,37.3419,88.4704,21.3589
2070,93.6238,114.129,82.2845,51.0512,36.9535,90.046,21.3111
2100,94.4271,112.688,79.9169,51.3034,37.6143,92.4975,20.9648
2130,96.4391,112.932,79.27,50.5186,37.4963,89.9624,21.6081
2160,94.6982,115.845,81.923,52.5906,37.3541,89.7825,21.3501
2190,93.7281,113.035,83.0573,51.5166,37.3825,88.0181,21.0359
2220,95.2794,113.833,81.6634,50.5225,37.987,89.4702,21.5203
2250,96.4297,114.872,83.2727,50.4755,36.4853,88.2467,21.5203
2280,93.1474,116.822,81.4051,51.1157,36.2892,92.4709,21.6253
2310,93.6805,117.6,80.5228,49.6355,36.5113,88.637,21.6559
2340,96.2713,116.987,79.3372,52.0404,36.7959,89.928,21.1218
2370,97.2501,114.551,81.0106,50.6598,37.7447,88.0075,21.7187
2400,94.578,115.814,80.4926,49.7955,36.8703,92.1886,21.6191
2430,94.1012,113.832,82.6163,51.8246,36.449,90.3936,21.3637
2460,96.6211,116.174,79.7893,50.6954,36.5775,90.597,21.057
2490,93.3489,112.397,80.9033,49.6827,37.1797,92.5587,20.9824
2520,93.5193,114.277,79.3136,52.4467,36.4352,91.0517,20.9531
2550,94.512,115.146,81.9158,50.1981,36.3538,91.271,21.2462
2580,97.0213,117.932,81.9982,50.1137,36.6427,89.4216,21.5764
2610,94.5657,116.998,82.4445,49.9752,36.9646,88.8078,21.3436
2640,93.6745,114.211,80.2318,52.9851,35.6288,88.0396,21.5858
2670,95.2722,116.841,83.1983,50.0325,36.0578,90.3772,21.6935
2700,95.8229,113.883,78.9886,50.8284,36.5608,88.559,21.7353
2730,93.8609,118.532,78.9162,51.7096,36.6818,88.4701,21.7765
2760,95.6289,115.6,83.1294,49.8373,35.6925,92.0232,21.0127
2790,96.2295,118.103,79.46,52.2706,37.0776,91.2269,21.1808
2820,97.1887,117.852,81.3586,51.5021,36.4826,90.2764,21.3887
2850,96.0118,116.658,78.9036,51.3682,36.6794,90.2052,21.4365
2880,95.8656,115.925,81.1931,50.305,36.3997,89.0865,21.2482
2910,94.0671,115.825,78.6613,52.5646,36.3639,88.2715,21.185
2940,95.2548,117.3,81.841,52.162,35.8933,88.7686,21.2064
2970,112.587,128.532,103.63,51.8458,35.8674,88.4814,22.7468
3000,112.902,131.224,102.211,49.9573,36.0831,89.4636,22.969
3030,111.481,129.119,101.827,50.4326,35.5477,89.6511,23.1298
3060,112.487,127.34,102.168,51.2674,36.2327,90.8158,22.6735
3090,117.008,128.629,103.905,50.5627,37.0796,89.8655,22.6584
3120,116.906,131.767,101.364,51.9275,36.3519,88.2285,23.0073
3150,119.371,129.103,104.056,52.8339,36.1994,90.3977,23.2677
3180,117.011,132.246,101.928,51.0665,37.1324,90.2272,22.7853
3210,117.794,127.9,103.106,51.528,36.6144,90.8585,23.0871
3240,121.107,131.292,102.057,49.8813,35.9689,90.521,22.6463
3270,121.965,127.852,100.969,51.0602,36.5062,88.8244,22.9392
3300,121.621,128.917,105.057,52.6273,36.1936,88.3953,22.9033
3330,123.202,129.789,100.983,52.0133,37.09,89.3597,22.689
3360,121.259,129.505,102.226,52.1473,38.2725,89.8314,22.5789
3390,118.724,131.319,101.023,51.3608,36.3593,83.5844,22.3458
3420,120.476,131.414,104.489,49.9945,37.2791,84.2551,21.8917
3450,128.69,135.292,112.821,50.1222,35.5143,81.2067,21.533
3480,127.784,135.927,112.124,51.7203,36.7991,78.4911,21.5368
3510,125.434,133.719,111.146,52.6351,36.7643,78.9201,21.2468
3540,124.167,135.436,112.444,51.9498,36.3671,78.2667,21.006
3570,125.775,133.38,111.359,50.4535,36.9017,75.475,21.6222
3600,123.285,134.845,112.254,50.4564,38.1849,75.763,21.0426
3630,120.974,133.689,110.296,53.1513,37.9327,78.1371,20.7677
3660,121.717,132.035,112.623,50.781,35.9568,78.5321,20.9028
3690,120.677,137.163,111.422,49.8044,36.9107,76.1254,20.946
3720,117.765,134.979,111.755,49.7566,36.5704,77.8385,21.7552
3750,121.906,134.379,112.791,52.0287,36.027,79.7096,21.6928
3780,119.262,133.444,111.489,52.0836,37.7553,80.8115,22.2768
3810,121.917,133.057,110.968,52.0052,36.6887,81.2089,23.0728
3840,121.935,133.802,112.886,51.0582,36.5926,77.3691,23.1796
3870,120.28,136.216,111.881,49.8759,36.9699,77.8607,22.7409
3900,120.244,134.894,109.53,50.4526,37.4213,79.6592,22.8628
3930,118.571,136.335,110.097,52.8479,35.1279,80.3952,22.51
3960,119.112,135.331,113.79,51.1296,36.4666,78.7766,23.5153
3990,118.459,137.925,116.371,50.8588,36.7901,80.8819,23.1298
4020,120.308,137.315,115.025,50.7419,36.142,81.5764,23.3232
4050,117.049,138.765,114.667,50.269,36.9555,79.0951,23.0567
4080,119.635,137.23,115.543,53.1178,35.1898,82.7178,23.1282
4110,120.662,138.935,115.569,52.3592,35.7326,79.6543,23.3791
4140,117.542,139.175,112.107,52.0469,36.5799,82.6118,22.8479
4170,120.276,133.272,113.216,52.0509,36.1921,83.4118,23.4184
4200,117.729,138.765,115.561,50.9045,37.8643,89.3107,23.3451
4230,119.963,137.237,114.122,52.2152,36.3597,90.0608,22.9038
4260,120.221,136.85,115.947,52.7252,36.0673,90.0702,22.8293
4290,118.347,135.331,115.541,51.6601,37.9787,94.1097,22.728
4320,120.5,134.47,113.419,52.2155,36.8539,94.468,23.2166
4350,120.754,139.299,113.216,52.9829,37.6157,93.0436,23.0835
4380,118.809,133.588,113.175,52.5751,36.0216,96.846,23.2579
4410,120.042,138.034,112.688,51.5874,37.0628,94.9001,23.0725
4440,120.598,138.923,112.419,52.2983,36.0619,93.8579,23.4937
4470,119.624,137.283,115.794,50.8246,35.694,95.8464,23.4461
4500,117.416,133.55,114.975,51.2786,36.6758,92.6722,22.7598
4530,118.898,135.019,114.525,50.0175,36.6694,94.6611,23.2819
4560,117.261,137.27,113.69,50.2925,36.6199,92.632,23.4185
4590,118.82,139.129,112.438,52.757,38.2158,95.7918,22.7667
4620,121.338,135.892,114.143,50.9459,36.0157,94.187,23.1319
4650,121.041,139.47,114.444,52.4176,35.189,94.3928,22.8829
4680,120.302,138.621,113.442,53.1504,36.7179,96.1838,22.7242
4710,118.752,139.293,115.921,51.0035,37.5326,94.3063,23.4109
4740,117.268,139.114,112.561,50.2373,36.8337,95.3027,23.0774
4770,119.619,134.539,112.722,52.2507,36.5163,96.6976,22.7288
4800,119.356,135.026,111.792,50.2245,37.6501,92.9821,22.8126
4830,120.64,133.473,114.022,52.0761,37.6937,94.6461,23.3339
4860,120.889,137.44,115.86,51.1368,36.187,96.2461,23.4164
4890,120.309,133.468,114.368,49.8422,36.9604,92.4763,22.8969
4920,120.539,133.562,113.426,51.5324,37.3556,95.3012,23.2985
4950,120.311,132.861,114.811,50.5607,36.4377,96.8931,23.7862
4980,96.2012,110.843,91.5217,52.5197,35.6933,95.2938,23.1047
5010,94.5328,106.744,90.6803,52.7885,36.3478,92.7344,23.4201
5040,94.7537,108.41,94.7268,50.1696,37.7064,96.149,23.4753
5070,97.103,106.674,93.7081,52.4615,36.2226,95.5203,23.5363
5100,96.3739,111.698,92.0239,53.0253,35.0746,92.4563,23.2785
5130,94.808,106.549,90.9642,52.9439,35.9088,89.9739,23.5018
5160,97.0999,107.875,93.3221,52.2318,37.5267,89.2947,23.655
5190,96.8248,105.618,92.601,52.3073,36.5562,89.7446,23.312
5220,94.6186,110.399,91.4722,50.8528,36.8523,91.0551,23.055
5250,95.9841,110.86,94.6311,52.6274,35.5762,89.995,23.7271
5280,92.0833,101.823,89.204,52.2684,37.3034,90.3607,18.6981
5310,92.4674,101.498,86.6625,51.72,35.8166,92.451,18.8501
5340,89.2296,102.89,90.0838,52.8525,36.4044,92.5756,18.5478
5370,89.4595,107.449,90.7007,50.5735,35.7255,88.4092,19.38
5400,90.3294,105.822,89.9938,52.9437,35.8837,89.0064,18.7617
5430,89.6404,103.361,90.3904,51.1737,37.0838,92.0614,19.1429
5460,92.8943,105.669,89.2214,51.2839,37.3596,90.3759,18.6748
5490,90.5161,104.284,88.0901,51.9634,36.5845,91.0988,19.4458
5520,93.4113,104.285,90.7631,51.1506,35.8899,91.1358,19.2774
5550,90.279,104.865,87.2925,52.5701,36.8149,90.3414,18.7321
5580,91.6314,102.256,88.989,51.3136,37.5008,86.3118,19.443
5610,90.8247,107.377,89.1551,52.964,35.468,88.0403,18.8563
5640,91.821,106.941,89.4941,49.9081,36.7684,87.4969,18.7736
5670,92.7523,107.864,90.9709,52.6121,37.1226,88.0481,19.0362
5700,91.6936,104.574,90.8408,52.9418,36.1752,87.7309,19.2703
5730,91.0022,104.38,89.8234,51.2841,36.6745,86.9018,18.7122
5760,91.215,103.746,87.3949,50.155,37.2589,84.9052,18.8407
5790,93.4299,103.051,87.2284,51.9876,37.4245,84.1881,19.4959
5820,92.3159,107.995,91.4308,52.0925,36.6327,85.6238,19.1578
5850,92.3035,108.287,87.4332,51.893,36.7999,86.9527,19.3356
5880,87.2058,95.2043,81.5157,51.3443,35.89,86.8822,16.1439
5910,90.3517,129.235,90.7386,67.789,35.6551,87.6738,16.5629
5940,98.3123,129.391,97.1321,70.7573,36.7601,88.1963,16.2219
5970,98.6425,130.778,94.9029,70.8422,36.6561,84.4954,16.2333
6000,97.4758,131.409,98.8374,72.8969,35.4647,85.1768,16.1506
6030,96.4596,126.494,95.4915,71.8974,36.5045,84.0887,15.7062
6060,98.8001,130.878,97.1608,72.9661,36.3941,81.5867,15.675
6090,97.5471,127.217,98.8181,72.4827,37.793,78.9154,15.1216
6120,100.816,131.597,95.5809,73.2725,35.876,77.5572,15.0031
6150,99.494,127.941,95.2779,72.6047,35.8468,78.7429,14.9601
6180,97.8684,128.059,98.2103,70.2575,35.8445,75.1354,14.766
6210,96.766,128.157,98.1927,70.7655,36.6427,72.5514,13.8157
6240,98.4536,129.326,95.7998,70.981,37.114,72.0161,13.7395
6270,97.8242,130.829,96.2551,70.6442,35.499,66.3486,13.5722
6300,96.0071,129.932,98.6092,71.5183,36.4924,66.3031,13.1192
6330,96.0114,126.173,96.0732,70.7182,37.5776,64.4478,13.9343
6360,93.0247,129.43,95.46,71.2364,36.3049,66.7036,13.3694
6390,94.8953,126.529,95.8452,70.4604,35.6042,66.6443,13.8887
6420,95.6756,129.421,97.3982,72.3457,36.2561,66.0701,15.0246
6450,91.7663,131.425,95.3894,70.2634,36.733,67.1372,14.7786
6480,92.3012,125.585,96.9169,71.1498,36.7585,64.5418,15.789
6510,93.6894,128.852,98.9372,73.2302,37.162,63.1154,16.2476
6540,93.1424,130.987,97.9921,71.4168,35.1066,64.5442,16.2981
