Time,FC,PAS,PAM,PAD,temp,SpO2,FR
-1,79,134,99,75,36.5543,99,15
0,86.9,147.4,108.9,75,36.0425,99,16.5
30,88.3494,145.728,106.275,75,35.5307,99,16.6559
60,85.1035,150.1,110.457,75,35.019,99,16.2571
90,84.7439,149.708,111.4,75,34.5072,99,16.7902
120,85.6123,146.802,110.094,75,33.9955,99,16.3978
150,86.5626,150.758,106.282,75,33.4837,99,16.1467
180,88.453,147.489,108.05,75,32.9719,99,16.7667
210,87.1797,144.081,109.939,75,32.4602,99,16.2631
240,87.143,145.273,106.325,75,31.9484,99,16.3523
270,86.3301,146.578,110.2,75,31.4367,99,16.4959
300,86.7442,150.9,108.637,75,30.9249,99,16.1949
330,87.1303,147.652,109.669,75,30.4131,99,16.5861
360,96.5697,150.886,120.7,75,29.9014,99,16.7975
390,96.151,150.202,117.542,75,29.3896,99,16.3003
420,97.6543,149.355,120.659,75,29.6614,99,16.2526
450,95.3107,147.555,119.31,75.75,30.2298,99.99,16.7915
480,89.1788,151.479,111.661,75.196,30.331,99.6284,16.4568
510,89.1568,145.452,112.664,76.7673,31.0506,99.7751,16.3283
540,87.3366,145.264,112.688,76.2,31.2795,97.4629,16.646
570,86.9433,120.005,86.6859,62.3697,31.3358,95.9863,15.6865
600,87.283,116.775,88.8121,62.2818,31.2611,91.5803,15.4289
630,85.6581,119.035,88.3552,61.1372,31.0735,88.8734,15.3997
660,84.6689,121.213,86.1362,61.1932,31.3996,87.0307,14.699
690,82.1102,120.477,85.8879,59.946,31.8561,86.6951,14.3208
720,78.4782,97.5527,80.1631,54.3965,32.1065,85.5954,14.435
750,66.7772,100.959,49.6626,50.8046,33.0495,82.1473,13.4497
780,68.7359,99.7127,47.1091,51.1856,33.2651,96.9567,13.6991
810,65.7289,97.4535,48.4857,51.8302,33.7264,95.5869,12.818
840,65.3734,101.112,70.015,49.9813,33.6276,90.1665,12.6547
870,66.2225,98.325,67.5632,51.0597,34.5048,86.8771,12.2041
900,63.8216,130.807,71.3911,49.4815,34.2218,86.2438,12.486
930,67.3578,126.279,70.8166,50.0164,33.8729,85.1268,12.6818
960,63.188,128.588,67.6759,65.432,35.5649,85.5294,12.7376
990,69.0467,127.384,95.1002,66.3466,36.1167,84.1753,12.7101
1020,67.7465,131.004,91.6615,67.4729,35.8887,80.6072,12.345
1050,67.5636,130.427,91.0765,67.1423,36.5198,80.356,12.13
1080,68.3018,109.506,86.8813,62.8429,36.9915,77.6365,12.3276
1110,72.1543,115.685,92.5382,55.0078,36.773,75.6778,13.93
1140,71.4619,117.74,89.8676,57.2574,36.6769,73.3495,13.8424
1170,68.6053,115.8,92.5881,54.923,36.4488,67.8072,14.0841
1200,73.064,114.014,92.7858,57.3397,37.5915,67.8268,13.9482
1230,87.2331,140.6,106.901,55.7931,37.8669,62.4498,16.9393
1260,73.8516,133.805,84.1633,57.8104,37.4438,64.8061,17.0448
1290,76.217,133.111,84.2967,57.4333,36.5958,59.9617,16.4572
1320,72.8487,131.759,81.7282,54.4907,37.6582,58.0815,17.1624
1350,63.5034,110.113,81.8888,57.8254,36.6446,61.99,12.8677
1380,65.7737,111.277,77.7737,54.5584,37.7532,60.4329,12.5969
1410,81.5257,139.506,105.565,57.6416,36.8066,59.6007,16.5058
1440,88.5412,152.977,116.672,55.6035,36.9951,62.5405,17.8092
1470,94.7593,159.767,118.337,55.0711,37.4649,58.8046,18.1187
1500,93.3875,159.832,119.641,55.7611,37.7516,61.5524,18.3793
1530,75.524,124.68,96.8253,56.164,37.3678,60.5489,14.8679
1560,76.9767,129.242,94.6251,57.8286,37.1603,58.8014,14.7869
1590,77.0037,130.845,98.1737,56.6898,37.8828,59.4989,15.2439
1620,75.3382,126.065,93.9122,54.3571,36.7117,62.1266,14.8879
1650,66.8362,107.091,84.7486,55.5223,37.1844,61.5491,13.0407
1680,66.3004,102.613,79.8014,56.8794,37.6556,61.4911,12.6916
1710,62.1594,107.22,77.9807,57.4998,37.3179,62.9088,12.5793
1740,63.2631,102.786,80.539,57.0683,36.8897,61.5113,12.7994
1770,63.9988,104.544,79.5303,55.8822,37.401,60.1031,12.7949
1800,67.894,119.177,89.4509,54.418,37.8408,58.8383,14.0266
1830,56.8214,93.2481,70.1685,56.9424,36.5965,61.1916,13.8889
1860,57.6037,91.4098,68.3125,54.611,36.8897,61.7679,14.1093
1890,57.3214,90.171,71.5828,54.9591,37.0025,63.6235,13.9277
1920,54.141,90.8458,70.2013,54.5908,36.3946,59.543,13.5306
1950,58.6923,90.3092,73.1619,56.2311,37.5812,60.8298,13.614
1980,58.6161,95.8007,72.7589,56.7735,36.6164,58.9764,14.0454
2010,56.9035,93.874,71.5169,55.2413,37.6717,60.6405,13.7888
2040,55.1732,91.6566,68.2641,55.2497,37.2788,61.8277,13.7109
2070,57.5047,94.819,70.818,56.7559,37.9082,61.3627,13.5736
2100,57.5017,96.0589,70.4178,56.6951,37.6985,60.7038,13.6779
2130,66.7277,114.407,84.3821,56.8147,36.2817,62.9484,14.3676
2160,70.7634,112.777,86.2858,54.8053,37.1696,61.8414,13.934
2190,67.2389,112.898,88.5689,57.6689,36.114,60.8207,14.0618
2220,71.1024,118.184,88.4987,56.854,37.7002,60.4347,13.872
2250,69.9273,116.607,87.8647,57.3863,36.3693,63.1783,14.0133
2280,67.6022,116.605,86.6408,54.9202,37.8006,58.7464,13.8626
2310,68.9404,115.776,88.3839,57.021,37.6124,62.05,14.1192
2340,70.6244,111.693,85.1573,57.5017,36.0465,59.345,14.0468
2370,70.756,114.557,89.2919,56.7002,36.3478,62.2172,13.9885
2400,68.0891,115.502,83.8265,56.6462,36.5645,61.7181,14.2615
2430,67.638,115.59,84.7343,57.3276,36.3684,58.9038,14.0453
2460,66.6913,116.328,85.0347,57.8938,37.3796,61.4923,14.2721
2490,70.212,116.153,86.1811,56.9189,36.1781,60.8357,13.8872
2520,67.89,111.968,88.9716,56.8673,37.2151,63.6305,13.8643
2550,66.388,115.431,84.7472,55.3672,36.2255,60.9094,13.6869
2580,68.2264,114.608,87.906,56.0521,36.1899,58.758,13.958
2610,70.9047,115.267,85.5218,57.0331,36.294,62.7319,13.9593
2640,68.057,112.744,88.7551,56.8426,36.4805,62.6849,13.9068
2670,66.4747,116.89,88.1955,54.4738,36.486,58.7598,13.8876
2700,68.8505,114.39,86.7354,57.7104,37.5025,60.1534,13.9183
2730,62.0061,105.475,83.5658,54.2755,37.3694,60.0355,12.8618
2760,65.496,121.836,86.0695,60.3644,36.3166,59.4574,12.3466
2790,71.6759,128.42,94.3777,65.7112,37.0876,60.5298,12.8368
2820,68.9016,124.116,91.7926,65.4052,37.2651,62.2002,12.6528
2850,72.1236,128.739,96.7351,66.1678,36.2723,63.1043,12.8928
2880,69.1608,122.398,94.5691,63.8924,36.1437,63.0855,12.7449
2910,70.9722,121.497,95.7275,63.5698,37.5379,60.5781,12.8594
2940,71.9479,126.86,94.1354,65.9639,35.9512,62.1401,12.4792
2970,73.2002,124.209,96.0278,65.616,36.4348,62.7587,12.5556
3000,71.9297,126.506,92.2953,66.1403,37.2892,62.9085,12.9817
3030,69.0297,126.704,94.3613,65.2999,37.1168,60.5647,12.7162
3060,72.3736,127.112,93.3482,64.7662,36.637,63.3276,12.2732
3090,71.8735,126.31,93.4266,65.2728,37.5872,59.8663,12.2805
3120,70.861,122.221,94.1563,67.2281,37.0987,62.3031,12.7908
3150,71.9232,126.323,95.1358,65.7455,36.258,59.7235,12.2604
3180,74.9744,126.623,95.4159,66.2353,36.2945,58.9442,12.2239
3210,74.1019,129.816,91.9643,65.0192,36.7434,59.6522,12.6177
3240,73.1326,127.677,96.8661,67.1195,36.9742,57.7696,12.746
3270,72.6682,123.002,95.025,67.421,36.7453,55.5489,12.5587
3300,75.3431,126.164,95.9967,67.0176,36.7805,54.4709,12.5257
