Time,FC,PAS,PAM,PAD,temp,SpO2,FR
-1,102,182,128,95,37.4711,95,20
0,112.2,200.2,140.8,95,36.9465,95,22
30,109.532,195.987,140.784,95,36.4219,95,21.6359
60,111.806,197.95,143.489,95,35.8973,95,21.688
90,112.304,195.395,142.824,95,35.3727,95,22.2044
120,109.95,196.989,143.055,95,34.8481,95,22.3431
150,111.511,195.685,143.694,95,34.3235,95,22.2478
180,111.332,197.046,142.936,95,33.7989,95,22.2537
210,109.462,197.526,137.329,95,33.2743,95,22.0382
240,110.014,196.503,141.178,95,32.7497,95,21.8928
270,112.67,205.127,141.369,95,32.2251,95,22.0897
300,110.618,198.372,141.712,95,31.7006,95,22.3189
330,114.188,201.805,144.136,95,31.176,95,22.3047
360,123.004,200.344,151.77,95,30.6514,95,22.1331
390,126.031,200.377,156.978,95,30.1268,95,22.1605
420,114.367,205.188,141.779,95,30.6177,95,22.0873
450,110.822,203.467,145.004,95.95,31.4148,95.95,22.4178
480,114.749,199.378,142.007,96.4574,32.4813,95.6854,21.9628
510,112.652,199.477,143.307,97.821,31.9834,98.1154,22.0001
540,114.383,207.067,144.442,96.4503,32.8362,95.5167,21.5072
570,110.647,164.735,115.589,77.3086,33.0033,95.0498,20.8592
600,109.667,155.76,113.765,74.2875,33.7503,89.4719,20.6217
630,111.49,162.384,113.338,77.552,34.7459,86.5449,19.664
660,109.847,163.682,112.123,74.1961,33.9524,83.1836,19.6041
690,106.133,157.274,115.907,78.6873,34.4986,77.5166,19.1014
720,97.932,152.541,96.4318,65.9647,35.4911,73.6006,19.0053
750,87.9602,133.515,67.3063,65.4683,36.6732,74.0112,18.3269
780,87.8669,139.845,63.4831,65.9826,36.7238,90.014,17.474
810,84.7679,131.715,60.4992,62.2694,36.8839,84.3648,17.6386
840,86.2767,134.483,62.2982,65.0286,37.2577,83.6935,17.3888
870,84.2336,138.834,60.3252,61.7154,37.7924,77.9552,16.3889
900,85.7335,138.545,91.9558,85.2664,37.7926,74.5378,17.1906
930,86.0128,139.874,94.0214,85.2585,37.2355,70.317,16.5782
960,85.9379,178.391,91.0163,82.2802,37.8171,69.0809,16.8039
990,92.8197,178.894,123.24,84.6145,36.8797,65.6417,16.2761
1020,91.0272,183.049,122.58,82.8296,37.7655,62.4821,16.266
1050,89.244,182.043,119.126,85.1588,38.1391,60.2298,16.2436
1080,81.4259,160.377,100.078,71.9371,37.4045,55.8364,16.358
1110,91.4581,169.132,111.864,70.7669,37.5949,55.482,17.8462
1140,91.6829,161.718,114.853,68.5773,37.0131,48.7512,18.0353
1170,92.6322,165.834,116.002,72.6726,37.5683,48.4905,18.4158
1200,89.7675,165.201,111.156,70.0999,37.8712,40.9486,17.7135
1230,108.042,198.905,138.974,70.9249,37.43,40.2881,21.4471
1260,98.7239,173.617,120.443,70.4612,38.4036,33.2748,21.9433
1290,94.2266,169.272,117.697,72.3019,38.3487,33.5521,22.2103
1320,95.8317,173.966,121.853,71.2556,37.2136,33.1532,21.3689
1350,87.0157,153.794,104.167,72.8019,37.2569,33.6245,16.9717
1380,85.8166,150.474,107.191,71.1553,37.1152,30.138,16.481
1410,107.48,188.224,137.918,69.6489,37.2713,33.1738,21.0143
1440,116.548,207.431,152.422,71.3165,36.9825,32.7169,22.972
1470,121.58,212.991,153.749,70.3618,36.7004,32.7191,23.8927
1500,120.921,213.738,158.171,68.8181,38.0737,32.9838,24.2641
1530,96.6537,176.621,128.071,69.5254,37.7141,32.5589,19.7423
1560,101.869,171.644,127.378,69.4038,37.545,33.6405,20.1018
1590,100.526,172.718,123.467,69.4559,37.3438,32.8736,19.892
1620,99.1037,170.792,123.003,72.5146,37.1195,30.8014,19.131
1650,82.7395,151.285,108.314,69.2562,36.9143,33.4647,16.7113
1680,85.1905,143.553,101.845,72.1956,36.8258,34.5014,16.0113
1710,84.4731,147.853,108.358,70.4843,37.7715,31.4567,16.7387
1740,81.1198,149.824,104.535,71.3052,37.7656,33.372,16.5275
1770,80.4877,149.348,105.44,69.0437,36.9206,32.303,16.3574
1800,90.883,167.395,117.942,69.7872,36.4647,35.2456,17.7008
1830,71.0936,132.032,89.7645,72.6396,36.8822,31.7465,17.9661
1860,75.436,128.239,88.9913,68.6732,36.5432,33.4547,18.3479
1890,74.4457,125.724,90.0867,72.1135,37.8415,34.7951,18.622
1920,70.1833,126.311,90.7536,70.7091,36.6763,31.9589,18.4684
1950,70.973,126.54,88.1183,70.0254,36.3671,31.906,17.8594
1980,71.3978,129.209,93.0578,69.1974,37.9989,34.6976,17.8579
2010,75.5202,128.587,88.3537,71.7991,37.425,32.2796,18.1495
2040,72.1044,126.26,91.9846,70.209,37.1003,35.1594,18.5664
2070,73.3036,126.354,93.6749,71.8612,37.1443,34.5262,17.6784
2100,72.5621,124.872,91.2112,71.5981,37.3423,31.3971,18.5379
2130,89.1889,152.727,110.316,70.2638,37.0873,31.9355,18.1555
2160,86.6875,159.009,114.079,70.1366,37.7794,32.102,18.8694
2190,87.9212,155.247,114.193,72.1575,37.1107,33.3107,18.6102
2220,91.8213,156.49,113.974,69.9932,37.0542,31.5135,18.0459
2250,86.5857,156.191,115.869,70.4615,36.8569,31.6855,18.9577
2280,91.024,157.725,109.322,72.0705,36.3921,34.6084,18.189
2310,91.8206,154.057,108.971,68.969,36.898,34.4489,19.051
2340,91.3986,156.323,112.84,71.8581,37.5107,32.107,18.1063
2370,87.4574,157.724,110.299,69.0233,37.6936,31.6741,18.6693
2400,87.499,157.161,112.62,72.7445,37.8531,33.6308,18.7954
2430,86.6327,157.359,115.641,72.6865,37.2196,35.4193,18.0608
2460,92.0848,160.877,109.313,72.077,36.3922,33.7717,18.5908
2490,91.501,162.602,113.797,68.3183,36.9364,35.0739,18.171
2520,88.0935,154.138,114.716,70.3103,37.1571,32.4569,18.3861
2550,89.3671,152.712,109.761,70.6485,36.924,31.1607,18.4513
2580,86.7483,153.775,112.609,68.2142,37.7282,33.6172,18.8568
2610,86.7624,155.522,111.469,72.5289,36.4878,31.0697,18.9861
2640,90.4394,152.833,109.604,72.7528,36.3289,35.2235,18.3881
2670,90.7191,156.152,114.292,69.2551,36.6531,35.0445,18.7667
2700,91.0899,152.966,109.995,72.1757,36.2602,34.074,18.8797
2730,81.293,146.497,106.08,68.5379,37.1313,30.7522,17.2175
2760,95.012,155.957,125.307,82.5096,36.2202,30.7355,16.6606
2790,91.7583,176.689,125.038,80.0392,36.548,33.697,16.3862
2820,93.9907,172.357,125.708,82.1096,37.0382,31.2663,16.4334
2850,94.4918,175.352,119.591,83.5725,36.2858,34.1858,17.0409
2880,95.0595,174.483,124.501,83.0663,37.56,33.9209,16.3403
2910,96.3472,173.875,123.407,81.3413,37.2004,33.0081,16.5042
2940,97.3406,167.959,122.53,83.0573,37.1841,32.8689,16.2974
2970,94.2517,172.749,121.338,84.732,36.6948,32.7598,17.0529
3000,97.3351,168.478,122.775,82.0134,37.5905,32.2244,16.3293
3030,99.4977,166.75,120.443,83.9157,37.1403,34.7169,16.3966
3060,98.122,170.161,121.592,81.932,36.6601,34.8992,16.3424
3090,97.8274,170.255,119.583,82.2433,37.499,32.7543,16.8122
3120,100.064,175.727,120.084,80.3003,35.8343,33.9751,16.8236
3150,97.9739,166.867,122.605,84.2669,35.757,32.8252,16.7205
3180,102.402,172.358,124.483,81.1329,37.3135,28.7886,16.2714
3210,100.309,166.624,123.361,83.0563,36.2734,30.201,16.4186
3240,99.9921,167.633,122.284,83.8611,37.4307,28.4604,15.7815
3270,98.6157,169.101,120.543,80.8846,36.1108,27.6289,15.6393
3300,99.2872,170.169,123.404,81.0155,37.2524,28.1262,14.5687
3330,102.035,172.45,126.57,81.5618,35.7779,30.7074,14.3393
