Time,FC,PAS,PAM,PAD,temp,SpO2,FR
-1,95,144,104,82,37.1477,97,18
0,104.5,158.4,114.4,82,36.6276,97,19.8
30,106.858,155.665,113.168,82,36.1075,97,19.8262
60,106.892,154.721,113.681,82,35.5875,97,20.196
90,103.497,158.796,115.245,82,35.0674,97,19.8757
120,106.693,159.047,112.332,82,34.5473,97,19.6241
150,106.799,155.218,114.423,82,34.0273,97,19.8986
180,103.906,160.514,115.848,82,33.5072,97,19.6176
210,102.919,158.067,113.544,82,32.9871,97,19.4393
240,104.352,154.74,115.456,82,32.467,97,19.3962
270,105.523,155.784,115.388,82,31.947,97,19.9229
300,102.706,159.286,115.666,82,31.4269,97,19.8366
330,103.247,156.726,113.284,82,30.9068,97,20.1001
360,113.932,155.676,124.368,82,30.3868,97,20.2851
390,116.461,156.012,123.034,82,29.8667,97,19.579
420,115.294,154.556,114.088,82,33.4334,97,19.4211
450,116.846,154.477,115.705,82,37,97,19.929
480,102.657,161.746,116.79,82,37,100,20.2316
510,105.611,156.462,113.063,82,37.0304,99.0284,19.651
540,102.828,130.717,91.9898,65.6,36.1812,92.4268,19.1023
570,103.744,125.188,89.5628,65.6,35.9568,89.667,18.8815
600,99.1968,127.955,93.5162,66.3616,37.0981,88.1705,18.1345
630,98.6829,127.334,91.5564,67.0035,36.7426,86.1611,17.9492
660,94.2342,118.598,83.6452,53.9747,37.3475,80.7827,17.5024
690,82.5117,110.683,47.7889,56.6828,37.505,77.0808,17.111
720,81.6562,108.509,49.4297,56.9116,36.2533,91.5304,16.075
750,80.8008,111.545,49.2422,54.9123,36.5856,90.0762,15.6991
780,79.9453,110.737,47.8777,55.0821,36.3136,86.1851,15.6893
810,79.0898,140.311,48.2253,71.9495,36.4062,81.0978,14.6812
840,76.928,143.229,50.6763,70.6823,36.2806,77.4861,14.7533
870,76.101,139.988,50.5994,72.4293,37.0638,73.397,15.2164
900,73.845,143.169,48.3329,70.6648,37.6181,74.7649,14.6542
930,79.1073,140.682,93.8243,70.6392,37.0208,73.2999,14.3039
960,81.5328,140.637,92.8395,73.2449,36.5508,67.9002,14.6568
990,79.7862,142.297,95.666,72.8482,36.7791,66.2611,14.5366
1020,75.1892,130.231,87.2199,59.6677,36.2736,63.7385,14.3103
1050,79.9372,133.315,92.2694,61.1919,37.2488,60.3817,15.9885
1080,79.8981,132.31,93.3357,61.9763,36.6894,54.5798,16.1364
1110,81.9377,132.455,91.9874,62.1569,37.3061,53.2519,16.0781
1140,79.4377,130.827,91.0841,59.8724,36.2731,52.2148,15.6203
1170,81.0558,133.728,92.2773,60.6454,37.9173,49.0676,16.5025
1200,83.31,134.172,93.1965,61.8113,37.5269,43.1862,16.4382
1230,73.0581,120.389,83.5912,61.6066,37.4213,42.5983,14.775
1260,74.3343,119.917,83.2633,60.8521,36.7031,37.8573,14.7218
1290,74.5717,120.581,84.56,61.4722,37.8814,37.6169,14.3146
1320,72.6365,123.403,85.5247,62.3091,37.1954,37.6003,14.6781
1350,95.0094,155.103,110.118,62.4341,36.641,37.5298,18.8465
1380,93.2931,159.328,108.002,61.3521,36.7502,37.9086,19.2568
1410,96.9521,159.212,108.848,60.5686,36.8056,38.2648,19.3015
1440,93.4861,159.099,110.791,59.8251,37.7432,38.2894,18.5625
1470,95.5852,155.734,108.89,62.1357,36.9882,37.8737,19.2201
1500,96.926,157.212,108.036,61.9043,37.0918,38.1399,18.8655
1530,97.4571,155.066,108.319,61.6452,36.3184,38.4532,18.584
1560,95.6644,158.476,107.12,61.2456,37.4455,37.8312,19.0427
1590,96.2097,159.248,109.585,60.0336,36.559,38.0209,18.572
1620,96.7212,156.977,110.531,61.1755,36.2882,38.107,18.8178
1650,96.3035,158.375,109.98,61.2454,37.8785,38.1143,18.7667
1680,93.7331,154.17,108.297,61.3978,37.6069,38.3998,18.7
1710,95.8694,156.598,110.28,60.2089,36.8545,38.5897,18.8191
1740,96.3874,158.168,108.501,60.8435,36.615,38.407,19.2987
1770,95.1131,157.137,108.289,59.8005,36.7402,38.2399,19.036
1800,94.7865,155.705,110.584,60.8566,36.6595,38.374,18.595
1830,93.9067,157.948,108.014,61.6312,36.41,38.2455,19.2504
1860,96.0152,157.918,108.051,60.4083,36.9366,38.7147,19.0916
1890,96.7324,154.335,109.675,60.0649,37.2056,38.173,18.7173
1920,97.7167,155.239,110.334,60.4703,37.0248,38.8205,19.1119
1950,107.095,167.531,120.023,62.3672,37.6405,38.2057,20.8393
1980,103.4,168.216,119.224,61.3888,37.8646,38.8898,21.0123
2010,105.274,170.133,119.295,60.1445,37.295,38.4102,20.5837
2040,104.524,169.054,119.114,60.2885,37.2349,38.515,20.732
2070,103.922,168.426,117.979,62.3569,36.8694,38.2147,21.0353
2100,104.547,168.021,119.281,60.464,36.9651,38.3249,21.0273
2130,105.345,167.66,120.116,62.1118,37.4969,38.5238,20.369
2160,105.251,171.279,118.498,61.5908,36.5188,38.1294,21.0345
2190,107.269,169.443,118.734,59.6217,37.5228,38.7834,21.0613
2220,104.253,171.686,120.404,60.99,36.305,38.5838,20.9197
2250,106.061,171.119,119.648,59.7549,37.8341,38.601,21.0311
2280,106.597,167.089,116.879,60.027,37.6935,38.4908,20.9639
2310,103.804,169.289,119.908,62.3908,37.8176,38.3549,21.0705
2340,106.621,167.175,120.583,62.2684,37.8621,38.8691,20.6396
2370,103.691,169.171,117.685,61.5768,36.5042,38.9193,20.8866
2400,104.118,169.598,119.499,62.1708,37.1189,38.7102,20.3532
2430,105.302,167.573,120.343,61.1785,37.1783,38.7076,20.7235
2460,77.204,126.757,86.7736,60.3556,36.1556,38.5334,14.8959
2490,74.7613,123.513,87.1844,59.8856,37.5751,38.8395,15.3495
2520,74.9154,125.773,86.8476,60.2443,36.6476,38.3121,14.8395
2550,78.7443,126.502,85.4496,60.4923,36.2041,38.1906,15.4058
2580,77.7853,125.714,86.3067,60.1836,37.4811,38.9075,15.1003
2610,78.4204,123.756,87.3522,61.9113,37.549,38.3755,15.4399
2640,77.5243,122.323,87.4833,61.4539,37.8317,38.3304,15.4132
2670,75.9139,124.092,84.7669,59.9795,36.8392,38.2797,15.0821
2700,76.9385,122.999,85.9576,60.02,36.1966,38.7286,15.0097
2730,78.5227,124.995,87.9281,61.388,36.2094,38.5385,15.0782
2760,78.7244,125.814,86.11,60.9599,37.8457,38.1687,14.8392
2790,84.1203,131.588,89.953,60.0789,37.5506,38.1297,15.866
2820,80.9052,131.019,92.8255,61.5706,36.9827,38.1691,16.2796
2850,82.4926,134.117,90.669,60.6837,36.8777,38.1284,15.6423
2880,82.2627,132.652,91.6733,60.6664,36.657,38.8012,16.2893
2910,81.187,134.575,93.7381,60.115,36.4145,38.9591,15.9026
2940,84.4551,129.928,92.4457,60.1476,36.4778,38.4542,16.3141
2970,83.1948,132.376,92.7388,60.3493,36.5274,38.897,16.1291
3000,83.0567,134.927,92.46,60.1225,36.8986,38.2048,16.0632
3030,83.4324,134.804,91.5176,59.6909,37.514,38.4508,15.7978
3060,84.3636,131.965,92.1007,62.2795,36.8014,38.2953,15.7382
3090,82.7421,133.176,89.9985,60.5031,36.2059,38.75,16.0804
3120,81.379,133.47,90.7938,62.4197,37.1781,38.8632,15.7693
3150,80.1234,135.197,92.769,61.8772,37.7266,38.2384,16.2736
3180,83.0297,132.794,90.0951,61.4008,37.7809,38.6313,16.0766
3210,81.3858,134.3,92.6796,62.2299,36.8636,38.737,15.8208
3240,82.2186,132.455,93.1168,61.903,36.3331,38.1559,16.25
3270,82.6365,134.887,93.7145,61.809,37.7552,37.5028,15.7531
3300,82.2617,134.501,91.5139,60.9499,36.8015,36.0683,15.0676
3330,79.3309,130.215,92.5753,61.3942,37.6975,34.7991,15.0864
3360,78.5924,130.555,93.0209,61.8747,37.1832,33.7754,14.8029
3390,72.0229,121.39,83.5996,60.9464,37.1742,32.3601,12.7143
3420,74.45,128.516,91.7964,70.3974,37.8358,31.0149,12.7962
3450,78.7988,139.556,98.1148,72.1966,37.2967,30.2365,12.311
3480,78.2098,141.282,99.2212,72.0704,37.8032,28.4539,12.0427
3510,79.9955,141.627,96.3858,70.5176,36.864,27.9568,12.0106
3540,80.2439,142.902,97.4522,69.8991,36.3533,25.9716,11.8815
3570,81.2196,139.517,96.0985,70.1174,36.297,25.187,12.5014
3600,77.8563,138.69,97.9879,71.2416,36.9875,23.7583,12.2857
3630,79.9254,138.846,97.8752,72.4993,37.854,22.5661,12.4533
3660,80.6598,141.988,96.0663,69.6493,37.2729,21.6854,12.6783
3690,83.3008,141.998,97.1369,71.8469,36.2405,20.4089,13.5648
3720,82.008,138.609,98.9501,70.1175,36.7969,19.1172,13.8487
3750,85.3239,142.617,96.6803,70.1439,36.2244,18.2514,13.8932
3780,83.1164,139.251,97.1828,70.5331,36.1559,16.7602,14.4233
3810,85.4778,139.693,97.8297,70.9606,36.2944,18.6047,14.6186
3840,83.921,138.718,98.2316,70.2362,36.8418,22.2779,15.0715
3870,85.2557,139.282,98.1942,70.763,36.4149,22.5662,15.4481
3900,84.4445,141.362,98.2915,71.359,37.3451,21.9346,15.027
3930,83.096,137.917,98.27,70.8444,37.488,24.2392,15.0226
