Time,FC,PAS,PAM,PAD,temp,SpO2,FR
-1,80,190,122,87,36.8238,95,20
0,88,209,134.2,87,36.3083,95,22
30,89.036,212.531,131.439,87,35.7928,95,21.9576
60,89.5109,204.967,134.625,87,35.2772,95,21.7762
90,86.7047,210.484,137.197,87,34.7617,95,21.9738
120,89.6216,206.227,131.101,87,34.2462,95,21.8432
150,87.2481,211.494,135.096,87,33.7306,95,21.6536
180,86.5878,207.58,131.006,87,33.2151,95,22.5457
210,88.999,204.35,131.591,87,32.6996,95,21.4802
240,88.3823,211.195,135.331,87,32.184,95,22.5206
270,85.8513,214.105,132.247,87,31.6685,95,21.7977
300,87.5836,205.491,131.219,87,31.153,95,22.2007
330,86.7854,210.978,131.164,87,30.6374,95,21.7329
360,95.5521,210.912,146.049,87,30.1219,95,22.3472
390,96.1533,209.639,147.495,87,29.6064,95,22.1613
420,94.5857,204.897,135.114,87,33.3032,95,21.9684
450,97.1401,211.284,132.935,86.1959,37.6,96.6249,21.3846
480,89.6553,206.823,137.776,86.8095,37.4015,92.8034,21.2053
510,84.5534,209.787,132.416,86.4404,37.6807,104.123,22.6002
540,87.4057,214.345,133.797,85.5672,36.6681,99.3587,22.1774
570,86.6016,163.744,106.704,70.0195,36.4428,95.2109,21.5245
600,81.6134,174.054,107.515,69.7362,35.8984,92.1044,20.752
630,83.4606,168.836,107.268,70.1584,38.1286,88.7603,19.7669
660,85.6674,164.655,108.174,71.183,36.6855,82.6871,19.2499
690,85.1193,172.096,106.402,70.7681,37.1012,78.3516,19.1172
720,79.345,152.401,100.8,57.253,37.5316,72.6084,18.8228
750,70.3207,133.656,57.0141,57.1444,37.5342,72.9229,17.7075
780,66.4195,143.407,60.1259,59.0751,37.2311,83.5781,16.6444
810,66.1991,141.676,56.8642,58.9731,37.6193,79.2328,17.0564
840,65.4446,140.739,57.9888,57.8608,37.9882,76.2238,16.5396
870,63.3985,136.264,57.3274,57.822,38.0799,71.8472,15.4981
900,63.7132,138.272,83.2455,57.2712,38.3441,69.8156,15.6972
930,65.0764,143.192,82.5158,59.365,36.9499,62.7681,16.3158
960,64.0072,183.863,85.0566,76.9127,38.4343,62.2787,17.1858
990,70.7139,181.535,114.669,73.9158,37.1342,60.7463,16.8995
1020,70.9797,188.461,113.29,76.1094,37.0366,57.0224,16.2786
1050,68.6243,182.952,113.18,76.0121,37.1248,52.2278,16.4796
1080,64.8015,169.457,104.046,66.0403,36.5194,50.647,16.2088
1110,68.7917,174.098,107.908,64.2121,37.7014,44.3855,17.6116
1140,71.4344,176.269,110.44,64.2063,36.4465,42.3342,17.8843
1170,70.8174,170.742,106.345,65.9365,38.0146,36.8338,17.4635
1200,71.17,175.421,111.57,63.2066,38.8868,32.957,17.5796
1230,85.689,211.764,133.364,65.391,36.9487,31.3256,21.8155
1260,76.0017,183.349,106.833,62.4563,37.4035,24.9797,22.0945
1290,72.5133,181.085,110.868,66.085,37.7461,23.759,21.9709
1320,72.3048,185.449,111.666,66.0302,37.8974,19.411,21.6809
1350,72.9561,183.127,107.821,65.9451,37.1775,21.4635,21.9316
1380,75.8605,182.005,110.362,62.6135,36.5108,23.4142,21.8002
1410,74.5559,183.131,109.48,64.4303,38.2067,21.5612,21.2889
1440,74.1076,178.912,106.614,63.8193,36.7619,24.2706,22.0951
1470,75.3983,177.53,110.884,64.4488,36.3897,21.5267,21.3765
1500,75.7306,185.139,107.565,63.5849,35.6735,24.679,21.9105
1530,75.35,180.638,107.676,65.2581,37.9617,24.4293,21.6667
1560,74.8856,184.138,110.899,63.5544,38.1733,21.3617,21.953
1590,74.7906,185.319,107.935,65.698,36.719,20.7151,21.3792
1620,73.7769,178.817,108.991,64.2148,36.4311,21.4531,21.3111
1650,75.0804,180.184,111.052,64.8463,38.0008,21.1538,21.7422
1680,73.8984,184.621,110.925,63.7379,37.9641,21.1749,21.3761
1710,75.879,179.864,106.606,63.0406,36.7872,22.3965,21.4571
1740,72.9144,183.58,110.331,64.2476,36.9499,23.6935,22.028
1770,72.8422,180.43,108.921,62.4681,36.2136,23.5493,21.6966
1800,73.6152,179.858,110.943,65.6033,37.3596,25.8946,21.4268
1830,72.8013,185.666,108.459,66.0834,36.4506,22.068,21.4631
1860,73.7131,184.759,110.412,64.1362,37.0412,22.3186,22.1625
1890,74.7576,182.979,111.637,64.858,36.3649,21.6448,21.8034
1920,75.2461,184.975,108.798,62.5296,37.3538,22.1651,22.2057
1950,73.6577,181.978,111.688,63.8802,35.8095,24.088,21.8542
1980,72.1098,179.885,106.942,65.201,36.8112,24.3483,21.4706
2010,76.2319,182.281,111.339,63.0669,37.0487,24.6868,22.0456
2040,75.8156,178.4,111.089,64.9263,36.203,24.2024,22.1675
2070,74.5955,182.102,108.277,65.4695,38.1464,23.2001,21.975
2100,73.0533,181.419,109.148,65.491,36.8517,21.3674,22.0464
2130,75.1443,185.108,111.875,65.3188,38.0846,23.9335,22.0473
2160,75.6494,180.681,109.143,63.8805,36.1097,22.6645,21.3069
2190,74.9242,182.576,111.336,63.8848,36.6475,21.7365,22.0429
2220,75.4186,182.304,109.94,64.694,37.6488,23.1294,21.7187
2250,74.5465,180.494,107.922,64.2954,36.7503,22.6185,22.1971
2280,73.0345,183.86,108.44,65.0038,37.8833,24.7838,21.8169
2310,73.2624,182.578,111.812,65.583,36.8905,24.2621,21.9799
2340,74.945,179.449,108.438,64.007,38.1195,25.4919,21.7747
2370,72.6394,178.446,106.74,63.3212,37.4056,22.0849,21.4613
2400,72.5314,181.804,111.501,62.4397,36.56,23.941,21.7386
2430,85.1409,212.191,131.9,63.2631,37.9485,25.7965,23.2312
2460,84.9725,210.156,134.117,63.1144,36.252,24.6087,23.1181
2490,87.2832,213.954,132.504,65.3123,36.2826,25.9316,23.1174
2520,84.6993,215.229,131.219,63.8712,37.4128,25.4127,23.7606
2550,85.3388,209.44,130.482,66.052,35.3517,22.5635,23.372
2580,85.3845,207.885,133.587,63.9601,36.8309,24.15,23.3972
2610,84.4001,208.153,131.48,63.1841,36.6609,23.1428,23.8179
2640,84.5465,212.922,131.678,65.077,35.9664,23.8701,23.6719
2670,85.6268,213.049,134.052,64.7214,36.1534,21.5254,22.9467
2700,84.2994,213.791,132.499,65.2721,35.1319,22.36,23.1262
2730,84.6973,211.946,132.349,65.6619,37.7805,24.9046,23.8302
2760,86.1414,208.188,133.497,65.7477,35.6377,24.3073,23.5769
2790,87.8238,210.874,131.6,64.3961,36.2308,23.8826,23.4045
2820,85.4473,207.67,131.461,63.1425,35.8324,23.1313,23.1474
2850,85.9495,214.684,130.626,65.3985,37.5389,24.6234,23.0492
2880,90.704,210.56,130.216,63.2498,36.8878,25.456,23.3058
2910,95.0067,220.545,142.575,64.278,36.4513,25.9499,24.1753
2940,97.643,221.201,142.182,64.6671,36.3425,25.206,24.3302
2970,96.6108,227.147,140.972,65.2348,36.5253,25.464,24.3297
3000,99.7998,226.957,137.954,63.3088,37.2301,24.1274,24.2444
3030,98.0466,223.695,138.973,64.9149,34.8141,22.4502,24.1295
3060,100.22,219.932,138.901,63.3741,36.9102,25.9583,24.0358
3090,103.072,224.075,139.205,65.5825,36.2277,23.8811,24.1918
3120,99.7179,223.819,142.444,65.0119,36.1437,22.6096,24.2032
3150,104.329,222.798,139.281,66.4139,36.676,23.7452,23.7247
3180,102.697,224.487,139.753,66.2461,36.4286,22.9538,24.2446
3210,103.868,223.352,140.238,65.687,37.6637,22.8672,24.2736
3240,101.466,219.735,139.435,62.9056,36.847,23.321,23.6419
3270,98.4806,225.633,140.545,65.5355,35.4924,23.557,23.5647
3300,100.354,219.715,142.395,64.3002,36.1225,18.8867,22.4917
3330,99.7209,222.283,138.366,64.3971,36.5722,18.3986,21.6169
3360,98.1362,221.821,137.628,63.4546,36.0766,20.5964,21.6543
3390,96.547,220.485,141.822,65.7314,36.7032,19.9664,21.5844
3420,99.4568,228.081,144.698,63.7636,37.6133,18.7174,21.5477
3450,95.1661,229.916,143.23,64.3793,36.2604,16.9306,20.8341
3480,97.5173,227.241,143.688,65.6108,35.432,18.1723,21.5008
3510,94.7751,229.139,145.469,65.1439,36.56,16.6971,21.0498
3540,92.9272,225.176,145.773,62.8085,37.2799,20.0214,21.6322
3570,92.7416,223.396,144.585,65.1443,35.7554,22.7651,20.9563
3600,93.8808,223.628,142.874,65.5802,35.4668,24.9054,21.6983
3630,95.2837,224.876,143.776,63.9834,36.4631,28.6767,22.4287
3660,93.4474,226.686,141.899,63.9522,38.1258,29.8038,22.2188
3690,95.6118,230.036,147.125,64.357,37.8918,35.0731,22.9095
3720,95.3173,222.739,143.62,63.0982,36.848,37.8725,22.5005
3750,92.4291,223.769,144.51,62.4605,35.8534,41.4191,23.215
3780,94.6748,230.322,142.919,65.1024,37.3309,44.6469,23.2065
3810,93.4301,230.353,143.461,63.8937,36.3475,47.262,23.0446
3840,92.2168,224.102,146.188,63.7944,36.1721,48.1813,22.8093
3870,94.6584,230.345,143.98,62.7633,35.7026,53.3439,23.3836
3900,92.3934,223.032,145.51,62.5654,37.1633,56.0775,22.556
3930,93.7831,223.359,144.682,63.4444,35.9891,59.4603,22.8716
3960,93.934,228.287,146.257,65.2438,35.7708,58.8373,22.4777
3990,92.1555,226.905,142.612,63.8465,36.3425,62.8462,22.4851
4020,91.8087,222.47,142.365,65.2777,37.6507,69.3966,22.6199
4050,91.5171,225.912,144.377,63.5319,36.9166,72.5421,22.8199
4080,91.5877,227.108,142.643,63.7055,36.766,74.6898,23.3922
4110,94.8339,226.95,143.731,64.8536,37.0571,80.0438,23.063
4140,94.348,229.257,144.017,63.704,36.6214,83.0436,23.156
4170,94.3765,230.954,141.987,64.3461,36.8446,88.6775,22.8136
4200,92.7465,222.829,145.812,62.8807,35.6056,88.5508,22.5591
4230,94.1748,226.107,146.094,63.2126,35.8887,96.057,23.2272
4260,92.6255,224.488,142.625,66.1938,37.0131,99.3561,22.6522
4290,94.2704,228.919,145.864,62.5564,36.9389,101.665,23.2594
4320,94.3585,223.67,147.043,62.558,35.3449,100.432,23.3393
4350,93.4281,230.512,142.522,64.6713,37.3743,101.566,23.1376
4380,92.3214,227.048,145.755,65.256,36.0192,104.374,23.3117
4410,90.6328,231.18,148.43,65.2299,36.0737,102.444,23.168
4440,73.6763,183.383,114.198,65.302,36.3057,102.925,23.1656
4470,72.4326,185.686,117.256,64.8152,36.288,101.317,24.0987
4500,74.0988,179.353,117.752,65.4868,37.0702,103.03,23.8458
4530,73.4491,184.129,116.336,65.4486,36.6623,103.774,23.5662
4560,74.1246,186.856,114.917,63.1138,36.7979,100.742,23.5005
4590,74.5772,186.305,113.851,64.2464,37.1658,98.7535,23.6253
4620,73.4493,180.545,115.507,66.0442,36.5295,99.8525,23.4725
4650,74.3602,180.259,114.619,64.7668,35.2336,96.8442,23.9387
4680,75.6671,181.268,113.766,63.0284,35.5563,99.1175,24.0013
4710,72.0729,183.618,115.754,62.5973,38.0563,99.165,23.482
4740,67.3962,178.456,110.071,66.085,36.4915,98.0945,19.0408
4770,68.049,175.156,109.234,64.0705,36.1822,97.75,18.955
4800,69.5002,173.199,111.679,65.1864,36.011,99.497,19.0961
4830,70.3185,179.433,111.822,64.9564,36.6862,96.6812,19.3567
4860,67.563,174.098,112.872,66.1653,35.8315,99.1517,19.0767
4890,70.0545,177.157,108.418,63.1461,37.1093,99.6709,19.0001
4920,69.5539,173.353,109.622,62.6627,37.2265,99.7304,18.6696
4950,70.863,173.684,112.926,65.0502,37.412,99.2417,19.0937
4980,68.3351,174.474,111.555,64.936,36.1484,97.736,18.7457
5010,70.943,173.359,110.71,65.6695,36.0218,98.313,18.608
5040,68.8588,176.282,109.257,65.6115,37.2678,95.4643,18.8391
5070,67.9413,178.52,108.547,65.0812,37.3653,96.8354,18.53
5100,67.3502,178.788,112.136,64.7988,36.7033,99.6226,19.4327
5130,68.2782,173.814,112.682,65.5429,35.9369,99.9172,19.3139
5160,70.6546,172.043,111.95,63.6089,37.8982,98.5369,18.6378
5190,69.719,177.059,112.934,63.8549,35.7052,97.3561,18.8509
5220,67.6817,172.045,113.685,63.0501,36.6007,95.8528,18.8343
5250,68.3548,178.824,109.237,64.9464,35.208,97.729,19.403
5280,68.6138,172.413,109.525,63.3582,38.0634,97.2361,18.955
5310,70.2108,173.091,112.881,65.9972,36.0518,96.8427,18.9935
5340,62.0247,154.165,100.058,64.3259,36.5238,99.441,16.1019
5370,67.0294,164.66,104.84,76.1096,36.0199,98.8698,16.1006
5400,70.9731,185.592,115.944,75.4524,36.2746,95.8474,16.1556
5430,69.1744,185.528,114.64,75.807,36.3076,96.4925,16.3096
5460,68.1568,185.157,113.189,73.9606,37.5699,98.4861,16.0824
5490,68.1052,183.645,113.789,73.6821,36.7519,98.12,15.7591
5520,72.7949,179.343,116.649,76.0097,36.4679,96.4718,16.3052
5550,73.1025,182.945,114.709,73.2084,36.1862,98.3512,16.1641
5580,72.7285,183.769,116.704,73.9378,36.3546,98.1079,16.4918
5610,71.7987,184.064,118.092,74.7522,36.6433,97.5081,16.4187
5640,75.4333,178.712,115.549,73.4114,37.4194,98.2204,16.5635
5670,74.5434,185.277,117.619,76.0396,36.047,95.8931,16.8109
5700,74.7266,184.301,114.5,76.7777,35.9862,98.2348,16.0266
5730,77.2255,182.066,116.76,74.5454,36.2206,99.6313,16.5701
5760,76.5747,180.535,117.546,74.2176,36.6937,99.7076,16.1432
5790,77.6804,183.939,118.813,76.4258,34.5952,98.7208,16.1203
5820,81.1426,185.856,114.094,77.2691,36.7548,95.8902,16.0534
5850,78.489,184.407,115.829,74.2649,36.1551,95.8338,16.4446
5880,79.522,183.449,119.139,75.6305,37.6025,91.8921,15.3357
5910,78.8243,184.924,117.959,76.0368,36.6296,88.6688,15.5235
5940,77.1994,186.811,116.519,77.2502,36.559,81.5532,15.3418
5970,77.0337,184.769,118.716,77.3505,36.4882,81.6174,14.2431
