Time,FC,PAS,PAM,PAD,temp,SpO2,FR
-1,114,110,73,55,37.4874,94,23
0,125.4,121,80.3,55,36.9626,94,25.3
30,126.062,120.087,78.7429,55,36.4378,94,25.8467
60,126.516,122.056,79.4163,55,35.9129,94,25.1433
90,126.255,120.598,81.339,55,35.3881,94,25.7794
120,125.778,122.742,81.376,55,34.8633,94,24.7633
150,127.794,123.427,81.0636,55,34.3385,94,25.4495
180,128.346,119.285,82.1722,55,33.8136,94,25.5504
210,122.366,119.627,79.7918,55,33.2888,94,25.4328
240,126.467,121.646,78.4514,55,32.764,94,25.0483
270,124.208,120.676,78.654,55,32.2392,94,24.7553
300,123.228,118.82,82.1852,55,31.7144,94,25.4017
330,125.161,119.39,81.4879,55,31.1895,94,25.1619
360,135.585,119.978,89.1025,55,30.6647,94,25.4685
390,135.449,119.767,87.4091,55,30.1399,94,24.8283
420,137.572,118.193,80.5913,55,33.5699,94,25.7155
450,137.427,124.192,77.8218,54.119,37.1303,93.83,25.37
480,126.38,116.81,78.749,55.6002,37.2509,95.1108,25.0861
510,129.016,117.129,81.7337,55.9112,37.5779,98.7035,24.7601
540,120.351,120.077,80.2515,54.0793,38.2887,95.3021,25.8708
570,123.676,93.9164,66.8515,43.4788,35.6818,92.0704,23.8492
600,119.835,98.3696,64.9817,44.4561,36.7847,88.1948,22.6715
630,121.553,97.439,64.3328,44.138,35.975,83.5434,22.769
660,120.055,95.7973,62.8638,44.928,36.5712,79.8173,21.8339
690,115.325,95.1837,60.8146,43.2175,37.4316,77.0895,21.7064
720,164.703,43.9309,63.4935,25.5261,36.5316,74.1172,21.4005
750,163.143,46.4277,63.7193,25.7153,38.2936,89.6011,21.1269
780,163.049,50.4501,62.7498,25.6275,36.6558,88.1837,20.7487
810,160.035,43.3961,61.1549,26.2315,36.8549,85.8979,19.431
840,159.709,50.0267,81.4812,25.5239,38.3027,79.7678,18.614
870,159.843,46.9536,77.7188,26.136,36.1665,75.9159,19.1338
900,156.139,50.3502,79.6474,26.7136,37.4059,72.7127,19.1873
930,158.986,45.9049,77.8507,27.7828,36.9534,66.9718,18.7951
960,157.128,73.1616,81.3488,37.1133,36.5508,67.779,19.7281
990,158.558,72.373,78.4561,37.0117,37.1009,62.3959,18.9615
1020,160.175,70.053,79.6269,36.5178,37.8632,58.9513,18.5557
1050,161.515,75.4942,79.0866,36.5632,36.5509,53.9269,19.9512
1080,156,73.6266,80.9019,37.4223,36.273,51.4171,18.5986
1110,160.195,72.6583,79.5607,38.3828,35.912,47.704,19.6059
1140,158.608,71.8872,79.0347,36.8775,37.4756,46.322,18.1883
1170,157.979,71.7595,78.785,38.141,37.0309,40.0298,19.5594
1200,163.38,70.4098,78.9523,37.63,36.346,35.0247,19.1809
1230,109.233,101.41,80.2943,49.6532,38.8387,35.9355,19.6908
1260,104.468,87.6729,69.3051,45.1107,37.4082,30.0256,19.5586
1290,93.7805,85.5251,46.5771,43.172,37.3646,27.0448,19.1699
1320,91.2641,85.3948,46.256,40.3624,38.5469,74.6314,19.3079
1350,94.7952,83.0652,48.0696,42.3986,36.2594,73.0428,19.6642
1380,90.2404,83.3157,48.7005,41.5217,37.8042,73.5794,19.7278
1410,93.3686,85.5907,47.2728,40.5408,35.5805,72.3629,19.5052
1440,93.3613,89.021,49.0033,40.7588,37.2147,73.7623,18.9118
1470,91.6684,82.1459,47.5056,42.6177,38.1404,75.9765,18.7317
1500,92.7699,88.7063,47.6254,40.465,38.0513,76.3294,18.223
1530,100.183,86.6157,67.4218,42.0273,36.7722,78.413,18.2788
1560,98.7102,86.691,66.0514,42.252,38.2187,77.0045,18.5145
1590,97.0999,83.1481,67.4755,40.8128,37.4523,75.9949,17.976
1620,96.2356,71.4006,55.5112,38.9262,36.7861,78.1862,17.7448
1650,98.3337,77.4368,63.9724,37.7902,37.1278,77.7285,20.2013
1680,99.1399,79.8628,63.3598,34.4887,36.1158,76.5631,19.8064
1710,98.1669,80.6634,63.4916,35.8016,37.6473,76.5144,19.5078
1740,97.962,77.8351,62.6818,34.8758,36.9328,78.4957,20.1262
1770,119.525,94.8375,76.5677,35.8204,38.8456,79.0447,23.9768
1800,105.946,89.6529,58.7758,34.0094,37.0386,78.5997,24.2061
1830,104.753,89.3114,57.9129,35.9952,36.0451,80.8804,23.9084
1860,105.504,90.5212,59.0595,34.8465,38.2213,76.9373,24.6953
1890,104.402,91.2363,59.6011,34.7281,36.8768,78.3657,24.0563
1920,105.292,92.003,58.407,36.2925,37.3819,77.6285,24.5556
1950,102.738,89.9581,59.3592,34.2983,37.5098,81.1217,24.0241
1980,102.758,91.2357,59.4137,35.4608,37.8294,82.2841,24.7933
2010,104.344,88.2657,58.4781,36.316,37.247,80.842,24.6443
2040,105.211,89.9816,60.0572,36.1276,35.7612,82.8627,24.0027
2070,122.907,98.1724,74.851,34.1229,37.5093,81.3446,26.0251
2100,121.685,101.645,74.612,36.0217,37.5929,83.7948,26.2324
2130,124.491,97.8578,76.4571,34.1039,38.5085,84.255,25.6794
2160,122.474,100.664,74.3258,35.2953,37.8906,83.4264,25.4522
2190,124.919,97.6639,74.2737,35.2281,37.0619,80.8019,26.0889
2220,121.822,99.5398,75.5767,35.8398,36.0378,82.9262,26.2189
2250,122.51,99.4993,76.855,34.335,37.3155,82.237,26.0342
2280,122.685,100.63,74.4221,34.1024,37.5445,80.7244,25.5647
2310,125.139,98.9607,76.1298,35.1131,38.048,80.8907,26.2536
2340,121.874,101.052,75.8942,34.7983,37.4915,80.922,25.7166
2370,123.668,97.9747,75.4555,36.3303,38.537,82.8981,25.6102
2400,123.435,101.467,74.7835,36.2704,37.2254,80.5569,25.9246
2430,124.153,101.514,73.8066,34.943,36.6747,81.3563,26.2086
2460,124.958,102.009,74.3526,36.1805,36.0023,81.1109,26.0573
2490,122.784,101.105,75.8809,34.6738,36.7512,82.5394,25.5544
2520,125.529,101.621,74.0912,35.6286,35.9345,81.0705,26.2876
2550,133.598,103.294,80.4278,35.4941,36.8928,82.1691,26.5186
2580,131.086,105.253,79.7557,35.3891,37.4573,81.2551,26.6294
2610,129,106.539,81.5165,35.6777,35.4998,84.1443,26.322
2640,133.47,106.948,81.7444,34.4299,36.9202,80.5622,26.3708
2670,129.402,104.241,81.731,35.2162,36.9874,83.5233,26.6901
2700,132.405,106.463,82.7438,35.6759,35.5509,80.1651,26.4365
2730,129.228,105.611,82.3328,34.323,37.497,80.9255,26.9896
2760,131.894,106.841,82.6169,35.8792,37.9583,84.056,27.1338
2790,130.76,105.22,80.829,34.8737,35.9893,83.7,26.6394
2820,133.202,106.331,79.8279,34.0627,36.468,80.9843,27.7666
2850,132.173,102.863,80.2397,35.1268,36.4798,80.8536,27.5689
2880,129.703,103.139,80.0254,36.3344,36.3098,83.7878,28.1983
2910,130.835,103.594,82.5202,34.0901,35.9177,81.9996,28.3731
2940,130.081,105.225,80.3351,34.4307,35.9983,80.8952,28.9643
2970,130.321,104.664,82.066,36.4785,37.0702,81.4184,30.1025
3000,132.738,104.801,82.3881,36.0818,35.8051,81.2037,30.4607
3030,131.704,108.145,82.2423,35.9207,35.5983,84.0087,31.1343
3060,133.837,110.396,86.482,36.3604,35.1164,80.4299,33.3338
3090,133.677,109.076,84.9414,36.5006,36.6659,83.6321,33.551
3120,132.352,107.931,83.3861,34.6906,36.6275,84.2374,34.3402
3150,133.365,108.353,84.0896,35.9052,35.6276,82.4932,34.4125
3180,137.091,107.957,86.5503,34.4982,35.5157,83.2513,35.3113
3210,135.872,106.49,86.4,34.3262,37.322,81.3622,35.3573
3240,132.976,107.204,84.1429,36.6535,35.6621,82.1048,35.1638
3270,135.625,109.02,85.1045,34.7198,35.795,80.9865,35.0541
3300,135.906,106.472,86.1521,36.8599,35.6381,84.3668,35.2189
3330,137.826,109.809,86.3867,35.7534,35.5773,82.3889,34.9212
3360,138,109.398,84.9875,36.9071,37.6229,83.6188,34.8486
3390,139.599,107.117,85.4592,35.0525,36.4321,84.3839,35.1424
3420,141.41,109.463,85.8217,34.6755,35.9767,81.4825,34.5527
3450,138.847,109.892,84.6344,36.6827,37.7849,76.0843,33.4213
3480,139.487,110.282,84.7156,35.4879,36.1495,75.2724,32.6491
3510,138.558,108.27,85.4004,36.2119,35.8887,70.2942,31.8388
3540,137.663,106.702,84.5321,35.632,36.3867,66.7691,31.1303
3570,136.836,109.374,83.796,34.6245,36.4578,64.6153,30.3465
3600,138.448,110.365,85.3208,35.0664,35.3321,62.1731,29.9512
3630,140.8,106.902,83.9389,35.0764,36.8808,58.7449,29.7499
3660,138.946,110.097,84.8709,36.0004,36.0678,57.5033,28.2973
3690,136.31,105.809,84.3717,34.6366,36.8824,51.6421,28.3583
3720,136.242,109.962,84.1645,36.4391,36.4801,48.7843,26.9004
3750,131.928,108.012,85.004,36.4857,36.3374,48.3173,26.8346
3780,135.722,106.992,85.0086,36.9574,35.0859,42.6987,26.4866
3810,133.299,108.424,85.4004,36.7365,36.576,42.9791,26.0284
3840,134.9,106.515,86.2458,36.9153,36.4561,36.7898,26.0381
3870,134.294,109.315,86.3408,36.0393,36.9121,35.2477,26.5257
3900,135.961,110.789,85.2345,36.8029,36.4708,32.0813,26.679
3930,133.033,106.133,85.4611,36.0641,37.0499,30.3331,26.5752
3960,134.789,108.626,85.3468,36.1234,37.1276,27.5534,26.2162
3990,134.02,108.931,86.3513,34.9678,35.6595,24.7809,26.1705
4020,133.466,107.476,83.8209,36.3414,35.696,23.879,26.3817
4050,135.49,106.011,84.1853,35.9289,36.9426,23.17,24.349
4080,106.802,88.303,70.373,34.4959,36.7683,24.088,24.1709
4110,106.732,85.1755,68.2264,36.0108,35.6096,27.2451,25.0181
4140,107.266,89.1864,69.5451,35.8247,35.7765,28.4535,24.3016
4170,106.501,84.4946,69.9521,36.7086,35.9377,25.2863,24.205
4200,109.183,85.0277,67.7131,35.524,36.7567,30.4622,24.2216
4230,108.17,88.6376,69.7895,34.8978,37.2826,32.0674,24.4568
4260,108.001,88.5947,70.341,34.8334,36.1207,36.7728,24.3722
4290,109.748,85.4845,67.8389,36.3409,35.5944,42.61,24.1575
4320,107.738,84.6646,68.9225,35.364,35.4693,44.3575,24.201
4350,109.669,85.8858,68.2355,36.6978,36.9495,46.707,24.5717
4380,102.37,80.8872,66.3656,35.3364,34.791,51.9982,18.5182
4410,102.271,84.0956,66.9642,35.8713,36.2402,55.4626,19.2227
4440,104.728,80.6741,64.6638,35.2622,36.1389,58.0229,18.6124
4470,100.854,83.6771,64.3673,36.8038,35.5452,61.4027,19.0055
4500,103.732,80.3,67.2818,36.3408,35.8452,66.797,18.9113
4530,103.162,83.1867,64.2815,36.3491,36.5097,68.9066,18.6699
4560,105.22,83.3427,66.0417,34.8599,35.2491,71.4624,18.8552
4590,104.856,81.9252,65.3341,34.6739,37.3682,76.4712,18.8383
4620,105.301,82.8219,64.6593,34.7195,34.8419,79.597,19.1389
4650,104.244,83.0183,65.6924,34.8014,35.1441,82.0908,18.7151
4680,104.462,84.5601,65.659,34.8804,35.9121,86.6065,19.2707
4710,102.087,84.6011,67.3001,34.6202,36.9896,89.5298,19.1396
4740,102.01,83.0142,66.9153,35.6459,36.4313,91.6159,18.8073
4770,101.282,83.0575,65.8944,35.6452,37.3653,97.83,18.8744
4800,105.146,80.8879,66.2279,36.7403,34.9317,97.7686,18.7427
4830,101.87,83.2367,65.4334,34.4501,36.6194,97.6206,19.0015
4860,103.461,82.515,64.2876,34.9944,36.6926,97.0557,18.5175
4890,105.278,80.4191,66.0342,36.0062,35.1381,94.5187,19.3835
4920,103.607,83.2289,67.0455,36.041,37.2795,98.6987,18.5864
4950,102.425,81.4706,64.6752,36.1197,36.4696,95.3337,19.2082
4980,91.3424,72.2033,56.9422,35.5882,36.5436,96.7852,15.9095
