Time,FC,PAS,PAM,PAD,temp,SpO2,FR
-1,115,153,100,80,36.577,91,31
0,126.5,168.3,110,80,36.0649,91,34.1
30,124.456,166.481,107.676,80,35.5528,91,33.398
60,125.056,166.118,112.537,80,35.0408,91,34.6159
90,126.045,171.274,112.681,80,34.5287,91,34.3274
120,128.927,165.246,108.949,80,34.0166,91,34.2304
150,127.106,165.602,109.432,80,33.5045,91,34.2166
180,125.791,165.13,111.931,80,32.9925,91,33.3732
210,126.826,170.367,108.974,80,32.4804,91,34.9101
240,125.345,167.831,111.812,80,31.9683,91,34.9256
270,129.273,165.409,107.922,80,31.4562,91,34.7687
300,128.547,167.339,107.649,80,30.9442,91,33.28
330,128.327,164.976,108.027,80,30.4321,91,34.2965
360,140.684,165.11,120.043,80,29.92,91,33.892
390,136.197,172.089,122.57,80,29.4079,91,33.4078
420,141.344,165.746,119.425,80,30.6733,91,33.3148
450,140.394,170.35,119.074,81.4774,31.5253,89.8152,33.9019
480,129.281,172.299,108.226,80.2349,33.0518,91.7624,33.7944
510,127.721,165.684,112.969,79.15,34.3102,99.7998,33.639
540,124.787,163.456,112.06,79.7572,36.632,96.1862,33.1989
570,119.785,138.609,84.7032,63.2188,36.372,95.7961,31.8862
600,118.646,134.024,89.6325,62.6086,37.5188,91.6575,30.8351
630,122.244,131.488,86.9569,62.5253,38.0944,90.4087,31.8216
660,120.19,135.272,87.588,62.2225,36.1758,86.4214,30.1307
690,117.593,135.262,89.4002,64.5564,36.6607,84.1736,29.4555
720,162.867,66.9455,86.4613,36.4917,36.5052,79.2596,28.6555
750,159.984,61.6167,85.0335,37.6682,36.2533,87.5856,27.9841
780,162.084,66.2176,86.7297,38.2395,37.16,84.8708,27.9566
810,165.215,63.2733,89.181,38.9605,36.4652,81.7717,27.377
840,157.013,68.5192,109.298,55.2531,37.0801,79.4894,25.3117
870,162.17,65.6326,105.037,53.1544,36.8536,77.6444,25.9077
900,159.451,62.4544,108.006,52.5159,37.2209,75.6267,25.4454
930,161.384,64.5784,110.574,53.1842,37.6379,73.3893,25.4615
960,163.748,105.76,109.38,52.7423,37.0161,70.2663,26.1831
990,162.12,101.637,112.833,52.6781,38.523,66.7662,25.9431
1020,161.463,99.4478,110.847,52.4422,36.7329,67.3571,25.2538
1050,160.029,100.919,110.173,55.6827,37.3974,64.4264,25.8106
1080,164.744,95.7326,109.356,55.4782,37.4121,59.4984,25.6069
1110,156.356,96.5786,110.806,53.6059,36.9072,60.0199,25.4985
1140,158.352,100.013,110.574,55.6693,36.8014,53.7244,24.5063
1170,164.816,100.307,109.48,53.4455,37.4277,52.5365,26.6132
1200,158.855,99.7635,107.95,53.5862,37.4566,51.2352,25.3178
1230,113.073,139.55,107.565,71.7533,37.691,48.8421,25.2447
1260,108.56,127.743,90.3448,63.3248,37.0122,45.8206,24.7652
1290,92.8732,119.402,64.6522,60.993,38.0033,44.1673,25.2051
1320,94.3704,119.979,62.6579,58.4371,37.676,78.9163,25.5772
1350,93.562,115.716,62.0119,58.8194,37.9089,79.8396,25.2906
1380,93.3593,119.849,65.2905,57.7222,38.856,78.4855,26.4197
1410,93.1773,112.523,61.5118,58.9277,36.7984,78.1145,26.9341
1440,95.6977,118.872,62.2828,59.0724,37.7203,76.7027,26.0337
1470,95.5098,115.034,63.9579,57.9688,37.2943,81.0306,25.8469
1500,96.4528,120.693,61.1316,57.8837,37.3627,82.4429,26.2854
1530,99.8816,120.254,87.845,58.0003,39.0235,82.36,26.4147
1560,99.058,118.289,89.662,60.0211,37.0003,82.3703,26.0582
1590,102.034,122.235,87.6331,59.3954,36.4637,83.0406,25.7051
1620,96.5726,110.478,76.0842,56.217,38.6556,82.2032,25.4406
1650,101.821,113.431,82.0862,49.8493,38.0725,81.8742,28.8779
1680,103.858,108.83,83.6278,49.9824,37.9928,85.4809,27.9643
1710,103.477,110.995,84.1693,51.8654,37.3477,82.0787,28.1721
1740,102.835,108.412,81.9676,50.6213,37.9792,84.1203,28.1575
1770,123.069,134.802,101.585,49.1676,37.7597,85.6865,34.2995
1800,109.527,104.92,79.6673,50.2023,37.3071,83.7932,34.1768
1830,105.495,102.986,77.0892,51.9946,36.6704,82.2771,35.2319
1860,106.942,104.306,79.2102,49.653,37.4401,83.7546,34.1641
1890,105.454,102.71,78.1003,50.3158,37.82,84.5176,35.1746
1920,108.903,103.886,78.4489,49.4713,38.9606,82.9566,33.9495
1950,106.099,104.603,81.0885,50.6303,37.1969,87.7773,34.1332
1980,108.08,101.962,78.6346,50.5297,37.7271,88.4652,34.3506
2010,106.055,107.995,80.2929,49.3587,36.8318,85.8833,34.0592
2040,109.194,104.801,78.1284,51.6372,37.5255,89.1689,34.7879
2070,125.137,132.884,98.075,52.0729,38.5382,85.7641,37.388
2100,128.014,131.142,97.7554,49.0674,37.796,87.1895,37.4869
2130,127.962,128.916,101.194,49.0526,36.6022,86.1274,37.3379
2160,126.63,130.938,99.0475,52.1586,36.1232,88.2199,37.0878
2190,124.484,133.223,98.7316,48.8095,37.1826,88.225,37.1182
2220,128.687,132.774,99.4881,50.4266,38.0635,86.0862,37.1182
2250,124.801,127.995,99.4684,51.5476,36.6232,87.0427,37.336
2280,125.122,132.931,99.7335,50.0578,35.6686,88.8095,36.7022
2310,124.459,128.369,97.6575,50.8798,37.6273,85.3696,37.2817
2340,126.642,131.168,97.2381,49.1247,36.3827,87.6785,37.3162
2370,125.424,127.805,98.8508,49.8002,37.8781,89.3552,37.7466
2400,126.759,130.582,98.4109,50.8006,36.3937,88.4171,37.4597
2430,124.956,132.908,98.4769,51.1829,36.7088,86.3572,36.6686
2460,128.076,129.363,97.9562,49.7392,37.2523,89.2032,37.5032
2490,127.531,129.102,97.1983,50.2238,38.554,86.7458,37.2589
2520,125.808,131.596,97.6534,52.12,37.718,88.239,37.5964
2550,133.561,144.543,107.178,49.1534,36.8402,86.1087,37.8164
2580,135.319,140.752,106.67,50.2222,35.5543,85.8732,38.7151
2610,132.913,139.331,105.887,50.1483,36.0704,89.5418,38.1965
2640,131.465,138.592,106.552,51.3329,38.3687,87.682,38.2367
2670,135.062,138.385,107.395,49.2715,37.6395,86.3527,38.6077
2700,131.251,142.393,105.586,49.2142,36.9654,89.4072,38.0525
2730,132.72,139.006,108.227,50.3637,37.2,88.9956,38.661
2760,133.753,139.599,107.422,50.4778,37.0553,89.2069,37.7793
2790,130.952,141.337,106.254,51.4867,35.9084,87.1496,37.9106
2820,131.166,142.555,106.649,52.0926,36.6517,85.8845,37.9324
2850,132.13,144.633,108.255,52.1769,36.3783,88.0893,37.7375
2880,133.448,140.107,107.71,51.587,35.6221,88.7083,37.8244
2910,134.064,146.07,109.362,51.9539,35.9755,89.5816,38.2852
2940,134.257,141.125,107.175,51.0833,36.3647,88.419,39.2101
2970,132.084,141.638,108.189,51.6215,36.3265,88.3529,39.3769
3000,131.899,140.643,110.153,50.397,36.8432,87.0366,39.9161
3030,133.785,141.001,110.078,49.445,36.9912,87.42,40.5777
3060,134.403,148.7,113.767,50.8663,35.6196,85.5696,42.9466
3090,136.877,147.383,111.369,50.4023,37.2972,87.7839,44.238
3120,139.374,146.721,111.765,50.6786,35.8635,87.6733,44.8039
3150,139.79,146.457,114.569,49.9941,35.4632,86.7237,44.9583
3180,136.655,149.904,114.413,50.3815,36.5083,86.7245,45.4903
3210,138.413,149.515,111.678,49.8448,37.057,81.2678,44.9662
3240,137.56,145.317,110.79,50.6995,36.9679,79.7055,44.7718
3270,141.005,150.132,114.636,50.2712,35.1818,79.6074,44.146
3300,137.257,146.171,113.722,50.7472,35.6151,75.9961,43.6881
3330,138.266,146.772,114.587,49.3957,36.4492,75.4607,42.486
3360,137.43,147.776,114.639,49.4137,34.7135,73.5137,41.173
3390,136.691,146.838,112.59,50.3575,35.5962,71.2531,41.0863
3420,138.381,145.28,111.488,51.6482,36.4699,67.8202,40.4844
3450,140.673,144.591,115.396,49.941,35.6419,67.0234,38.5486
3480,136.527,146.508,111.712,50.8918,36.8597,64.7212,38.0118
3510,135.787,149.905,114.262,49.4153,36.8858,63.58,36.9904
3540,137.031,149.679,110.899,50.4758,35.7653,59.3261,36.914
3570,136.497,145.531,112.998,51.3351,36.2956,59.3147,36.779
3600,136.582,149.865,113.779,49.3799,36.3171,55.9277,36.7577
3630,134.935,145.014,111.741,49.8704,37.3377,54.0567,36.8328
3660,138.215,147.148,113.418,50.3546,37.7065,52.3411,37.0764
3690,134.933,144.042,110.79,49.7576,36.1217,48.9795,37.441
3720,137.33,149.97,114.138,51.234,35.1062,48.779,36.9843
3750,136.028,149.752,113.156,49.4553,36.1483,44.5992,37.5833
3780,136.729,149.156,111.301,51.0715,37.0555,47.978,37.679
3810,137.682,149.714,110.85,52.7281,36.2966,47.2029,37.0283
3840,135.531,146.241,115.125,51.1068,36.7546,48.4163,36.545
3870,136.853,146.056,111.033,51.1968,35.777,46.3982,37.7944
3900,134.954,146.639,113.009,52.5302,35.4904,48.8725,37.7685
3930,135.674,149.018,115.117,49.4739,35.8558,47.4856,37.1294
3960,134.265,145.995,115.317,51.5827,36.0427,51.0442,37.3451
3990,135.16,148.314,111.568,51.604,35.4753,53.3869,36.8177
4020,138.606,144.298,111.453,49.9805,37.1482,53.623,37.6368
4050,139.587,145.414,115.513,52.689,36.3225,57.4212,36.2857
4080,111.33,118.495,89.9461,51.9778,34.9381,59.694,35.9643
4110,111.553,119.522,88.825,52.2077,35.9888,60.559,35.4475
4140,112.103,117.097,89.46,50.7879,35.4606,64.0485,36.556
4170,110.403,116.972,92.3829,50.0913,35.9645,69.5844,35.6292
4200,111.475,117.867,92.7636,49.3638,35.7431,69.9144,35.4793
4230,112.37,119.874,92.5326,49.4815,36.9351,70.6679,35.6771
4260,108.976,118.362,91.354,50.5625,37.664,73.8745,35.7364
4290,108.761,116.993,90.6405,51.6569,36.2122,79.1001,35.6651
4320,111.666,121.513,89.4192,49.8469,36.2294,78.6049,35.568
4350,109.795,116.976,89.228,51.9893,35.336,79.9641,35.7887
4380,105.874,115.132,87.8207,51.2572,37.4272,86.2901,28.456
4410,103.347,113.024,86.6526,51.7592,36.569,89.1482,28.2501
4440,103.473,111.867,88.152,50.8995,36.1865,90.1045,27.8478
4470,103.499,116.1,84.9184,50.6614,34.897,93.0237,28.6238
4500,106.108,113.323,86.7215,50.8837,35.7315,93.1428,28.1858
4530,105.69,114.961,85.8218,51.238,34.7862,95.3229,27.6958
4560,104.436,116.726,87.5678,50.634,36.6528,97.7219,27.6452
4590,103.057,115.532,87.0704,50.3718,36.4384,95.5086,28.255
4620,105.646,114.945,84.9063,49.6785,36.7502,97.6615,28.3111
4650,106.899,116.738,85.5777,52.7288,35.3714,95.3208,28.1627
4680,103.994,115.887,88.8848,50.313,35.6649,96.5708,27.6698
4710,104.218,116.963,86.7735,50.0995,36.0817,98.4686,28.6212
4740,104.127,116.583,84.615,50.5047,36.0331,94.5669,27.6535
4770,105.334,111.963,85.2059,52.02,36.0524,96.049,28.6193
4800,103.065,112.175,85.4511,50.0005,37.1362,96.2436,27.7259
4830,105.24,116.071,86.6124,52.2407,35.8639,97.9825,28.5494
4860,103.452,115.471,85.4559,50.7623,35.527,97.1973,27.482
4890,104.413,115.193,88.2916,49.3832,34.6238,98.8201,27.5804
4920,104.244,111.228,85.9605,50.1658,36.9681,96.6639,27.8517
4950,104.813,116.442,85.2665,49.4031,36.3629,98.5965,27.9122
4980,93.9403,99.1635,78.8404,49.5539,35.4877,94.9785,23.9234
