Time,FC,PAS,PAM,PAD,temp,SpO2,FR
-1,85,136,97,76,36.6116,100,12
0,93.5,149.6,106.7,76,36.0991,100,13.2
30,92.7969,150.081,106.39,76,35.5865,100,13.0463
60,93.8419,148.458,105.137,76,35.0739,100,13.2592
90,91.7426,152.452,106.586,76,34.5614,100,13.0055
120,93.7538,147.499,108.049,76,34.0488,100,12.9648
150,95.397,146.257,107.433,76,33.5362,100,13.3764
180,91.7884,148.844,105.807,76,33.0237,100,12.9432
210,95.0936,152.373,106.472,76,32.5111,100,13.0971
240,94.1428,150.54,105.24,76,31.9986,100,13.2293
270,92.6651,151.073,108.1,76,31.486,100,13.149
300,92.1811,149.173,106.566,76,30.9734,100,13.216
330,94.0731,149.511,108.952,76,30.4609,100,13.0164
360,100.879,152.619,115.426,76,29.9483,100,13.2628
390,104.616,150.273,116.111,76,29.4357,100,13.1105
420,103.544,146.073,104.365,76,30.1922,100,13.2643
450,103.806,144.903,104.475,77.138,31.497,101.875,13.5119
480,97.1382,154.158,103.596,77.0738,31.9882,98.5626,13.354
510,91.2192,150.361,103.777,75.4121,31.9612,103.383,13.0024
540,94.6284,150.224,105.59,74.9978,32.3292,98.089,13.0081
570,112.096,122.911,88.4531,71.2291,33.4397,97.3158,0
600,117.408,123.71,84.9287,68.9144,34.5106,93.3033,0.0480466
630,115.136,123.098,83.7494,71.3803,35.8654,90.4133,12.6294
660,110.363,128.274,88.4922,70.1142,36.9504,87.7646,11.9713
690,111.173,126.624,83.245,69.7879,36.7357,85.7004,11.6691
720,154.666,57.6704,85.9734,41.7946,36.7801,84.9966,11.5199
750,155.702,62.1785,84.8071,42.5784,38.6952,93.6863,11.247
780,152.21,58.6228,84.6237,43.0482,36.4617,93.5234,10.9101
810,153.399,62.3788,83.5515,42.7975,37.0746,89.4319,10.8452
840,151.077,57.4162,84.0515,43.7848,38.2058,91.5788,10.3119
870,150.487,64.3285,83.1394,42.9668,36.6425,87.0491,10.3811
900,151.266,58.815,81.1594,42.2885,37.3279,85.4196,10.052
930,155.506,66.0126,87.5867,42.3545,37.8436,81.9287,10.7734
960,154.709,57.8429,84.2185,40.9353,38.3681,78.8026,10.2495
990,153.257,62.6005,87.4337,43.912,37.2275,78.0588,9.84459
1020,152.928,67.0389,84.8369,43.6848,37.8622,77.6398,10.0186
1050,151.337,66.3321,87.0128,43.2427,38.1854,75.0895,10.1455
1080,153.596,62.7108,86.574,41.3897,37.6795,72.897,9.79152
1110,151.628,69.0367,86.4073,42.4761,36.6651,66.5355,10.229
1140,153.521,62.8514,89.9152,44.302,37.2542,67.8721,10.2971
1170,156.243,65.5048,89.1072,43.7817,37.8262,65.8481,10.3122
1200,155.822,59.0199,88.0483,43.6639,38.1705,60.1852,10.2919
1230,103.855,83.7526,82.2161,56.2626,37.5469,58.6253,10.6978
1260,96.6215,74.621,80.0593,48.5921,36.9281,55.6367,10.1198
1290,90.9378,76.1867,48.2895,47.9912,36.1223,56.3396,10.2888
1320,88.7421,76.5693,49.8228,45.8952,36.2444,81.9019,9.80838
1350,91.281,70.4983,48.5222,47.9134,35.9068,85.9443,10.3024
1380,91.454,70.0679,49.4506,47.281,37.5271,84.516,10.6049
1410,91.5759,71.1586,47.6837,48.2777,38.1459,85.8531,10.6301
1440,88.7129,72.6342,47.7803,46.3015,37.7372,83.1461,10.4887
1470,88.9529,76.3903,48.925,46.3774,37.5185,82.6399,10.6294
1500,67.7345,100.88,69.5846,51.6364,36.9468,90.1947,9.94709
1530,70.8933,96.0913,94.2883,53.2295,37.2826,87.8199,9.80126
1560,70.2595,93.7632,90.2859,53.1019,38.3318,87.0261,10.1612
1590,69.4812,93.4416,90.5219,51.5465,36.763,86.526,9.81064
1620,64.637,89.0936,86.7292,46.2313,36.3713,86.2395,9.66738
1650,70.6535,87.3167,90.4496,44.1847,36.3198,88.7904,10.9969
1680,87.5038,78.2162,70.7882,43.1648,37.9123,89.7013,0.105169
1710,88.8498,79.692,69.5528,41.1554,37.8955,88.9548,0
1740,89.0532,76.4868,71.2235,40.3706,37.6258,86.7016,10.7066
1770,88.7084,73.7755,70.9309,42.9886,36.0651,88.6159,10.9774
1800,111.691,85.5165,82.1325,41.3448,37.3311,87.2059,13.3538
1830,96.7411,67.8802,69.7361,40.6954,37.7386,89.6057,13.4397
1860,98.8508,66.9254,69.37,41.3593,38.8444,88.1516,13.4645
1890,98.9394,70.9191,68.3398,40.374,35.6406,89.003,13.6005
1920,96.1971,66.0003,67.2288,42.648,37.3078,86.5898,13.5378
1950,95.94,71.0156,70.568,42.6683,37.5751,87.3194,13.2863
1980,96.1056,65.2218,69.4766,43.3559,37.5671,92.837,13.6209
2010,96.4742,65.3207,70.7935,40.5562,36.8945,90.0832,13.2421
2040,98.7017,66.5684,66.1464,40.9149,37.2342,90.066,13.6002
2070,96.4278,70.9869,68.9779,41.8672,38.4472,94.2164,13.5765
2100,115.416,87.9089,82.714,43.1297,37.4677,93.8016,14.7337
2130,113.43,89.131,79.9278,41.6901,36.5205,93.6114,14.3247
2160,113.573,88.9463,81.8899,40.6902,38.1714,90.265,14.2086
2190,113.985,88.4432,82.2411,40.8111,37.4127,90.239,14.5057
2220,112.446,89.3746,81.5492,43.0276,36.1211,94.2582,14.4731
2250,112.324,84.5586,79.3874,41.6615,37.1627,93.923,14.5412
2280,113.897,86.7402,83.2876,41.5084,38.8336,92.7632,14.4739
2310,114.12,85.7279,82.9209,40.5828,38.2262,93.9121,14.6541
2340,114.34,86.2733,82.5762,42.7273,37.4818,91.715,14.5456
2370,114.261,86.8335,79.9175,42.894,37.3856,92.5013,14.5818
2400,113.306,86.7855,79.9989,41.0479,37.2249,94.2942,14.7052
2430,115.372,88.5846,79.7401,42.3914,37.9227,92.7297,14.2686
2460,112.922,86.1309,79.1586,42.8248,37.5075,92.4416,14.4669
2490,114.649,88.4653,80.9333,43.2023,38.0083,93.2591,14.7384
2520,113.082,89.6162,80.6155,42.0366,36.6363,92.6577,14.4884
2550,115.046,88.5051,80.4362,41.3004,37.8118,92.9657,14.6494
2580,119.98,95.1319,86.8543,39.8957,37.2419,92.6468,15.0081
2610,134.674,95.8974,87.5122,41.7739,37.2448,92.1514,0
2640,132.469,94.9966,87.7689,42.8554,37.346,91.603,0.429395
2670,134.989,94.2124,85.4672,41.9882,37.4512,91.7206,15.2818
2700,133.355,90.7184,87.0784,41.5526,35.6402,90.5438,14.9548
2730,131.989,95.5391,86.6063,43.1246,36.9242,94.5903,15.1014
2760,134.232,94.9578,84.4959,42.2701,37.377,92.0273,15.7013
2790,135.334,95.0192,86.01,41.4874,37.1878,94.5658,16.0025
2820,134.678,94.3158,85.8663,43.2925,36.8911,94.3869,16.1023
2850,132.991,93.6135,86.8025,41.0167,36.2589,92.443,16.5359
2880,132.749,94.5652,87.1411,43.4953,38.305,93.7493,16.7229
2910,134.593,92.0072,85.6437,40.1905,36.6552,94.4143,16.8026
2940,134.863,92.5173,86.7312,40.8275,36.5663,93.9844,17.2066
2970,135.118,93.0669,89.6465,43.2908,37.0929,93.9116,17.453
3000,136.299,93.2772,88.2413,43.0907,36.1615,93.0392,17.7537
3030,134.74,96.2638,88.9859,41.2152,37.8591,93.8678,17.8306
3060,135.92,92.3823,88.3939,41.7107,36.6195,90.8366,17.8414
3090,135.499,92.2456,89.7034,41.5887,37.4245,90.5569,18.4198
3120,142.093,97.6069,90.9479,41.0795,35.2662,90.1864,19.9863
3150,145.446,97.9776,93.6129,42.6049,37.1839,90.7955,19.7968
3180,146.592,97.9671,92.7845,41.417,37.1069,92.0112,19.5921
3210,144.616,95.0217,91.0193,42.6929,35.8686,91.4814,19.646
3240,145.998,97.3089,90.7678,41.8955,36.8002,90.7752,19.9088
3270,146.525,93.6628,90.155,42.908,37.0173,90.5428,20.0695
3300,147.259,98.4505,89.841,42.2048,37.245,92.7083,20.1609
3330,150.391,98.8138,92.2466,40.5279,37.2446,90.752,20.0477
3360,149.133,95.9323,90.1859,42.1564,36.8938,93.1037,19.2508
3390,148.049,94.3271,92.9972,42.1621,37.3984,87.4917,19.2862
3420,148.596,95.4367,90.6763,43.251,37.9385,87.6995,18.9266
3450,148.097,95.1109,93.3525,42.0033,35.1836,83.0107,18.0007
3480,145.841,95.0751,91.2791,42.3891,36.71,83.2806,17.7349
3510,181.63,80.9199,74.2011,39.1048,36.7667,79.5977,0
3540,149.127,96.2781,92.2159,41.8424,36.206,77.94,0
3570,149.768,93.9327,90.8317,41.5547,36.0544,76.2276,17.6252
3600,145.615,97.6766,88.9336,43.4501,36.1795,73.1383,17.3473
3630,144.663,97.445,89.4775,42.3181,36.4844,74.0659,16.9672
3660,143.074,95.9851,89.5676,42.2613,35.4825,72.4705,16.537
3690,144.15,94.557,88.9579,43.9719,36.9998,70.4012,16.1614
3720,142.52,98.0788,91.6657,42.3563,36.8992,67.2569,15.9803
3750,143.526,97.2392,88.7484,41.3313,36.1253,64.0931,15.6931
3780,142.61,95.7712,91.114,41.724,35.0319,62.4775,16.0128
3810,143.752,95.3475,91.1926,42.6135,36.5651,61.9931,15.6277
3840,142.25,94.5408,90.7275,43.1741,36.3044,59.3689,15.9327
3870,143.974,95.9994,91.7601,43.657,36.5991,55.7709,15.8849
3900,143.072,97.0036,91.9053,42.1249,36.2753,56.5804,15.9286
3930,143.156,97.741,88.7349,41.6623,35.7613,58.0002,15.722
3960,144.788,98.5339,92.5489,44.1309,36.5855,59.2815,15.8975
3990,144.463,94.956,89.8724,40.9308,35.6217,59.6368,15.9707
4020,141.945,95.2542,88.4173,40.8547,35.4964,60.1616,16.07
4050,144.986,97.5975,88.5829,40.9034,35.9666,58.8138,15.7594
4080,142.942,94.3647,89.4181,41.4918,36.9541,61.332,15.7914
4110,145.287,94.5173,90.0082,42.2098,37.2156,58.3033,14.8727
4140,116.948,75.7054,72.9457,43.4699,35.476,63.086,14.7024
4170,115.702,79.1786,71.6753,42.1256,35.875,65.8165,14.8263
4200,118.643,80.9248,73.4257,42.2324,36.7919,68.4572,15.1107
4230,117.709,76.1447,71.9133,41.1536,35.69,70.2845,14.8805
4260,117.767,76.8769,71.7781,44.0699,37.2811,70.2603,14.8785
4290,117.932,78.5469,74.673,43.6018,36.1449,72.8592,14.606
4320,117.929,75.1046,72.6802,42.4088,36.0325,75.7672,14.6068
4350,117.569,80.1929,71.2583,43.4467,36.8305,77.5519,15.1071
4380,116.671,79.4421,74.3473,43.8031,36.0358,80.2594,14.7609
4410,147.393,65.5877,56.3331,37.6559,35.6629,80.9044,0.258926
4440,111.666,75.874,68.3093,40.9536,35.927,83.5994,-6.1247
4470,111.832,74.5733,68.7523,44.0283,36.6811,89.2709,8.71818
4500,111.439,76.8303,69.8666,41.3885,34.6387,89.9223,8.73244
4530,111.603,76.6211,70.5898,43.0978,36.7816,91.7383,8.81865
4560,111.871,76.6868,67.012,43.0601,35.9994,92.9479,8.3959
4590,112.284,75.9715,67.7713,41.3909,35.5441,98.4361,8.85746
4620,113.042,75.3687,67.8919,40.6325,37.2804,99.7381,8.4306
4650,111.935,75.1438,71.5018,40.6328,36.3168,102.675,8.35497
4680,110.916,77.5221,70.8595,43.9609,35.1483,98.926,8.85585
4710,112.719,73.7501,67.8825,41.9326,35.6866,99.8958,8.54892
4740,112.5,75.1474,69.1647,42.544,35.7042,102.144,8.30663
4770,112.657,76.5777,67.2671,41.9793,35.0641,100.747,8.67116
4800,113.061,73.9416,69.8383,41.3909,36.934,99.135,8.53376
4830,110.309,74.1645,70.7672,42.9401,35.943,98.7666,8.53458
4860,112.383,75.3996,66.8925,41.3345,37.6318,99.462,8.7311
4890,111.924,73.7632,67.6842,44.0863,36.4507,101.347,8.49035
4920,110.121,73.3494,69.71,42.9944,36.1138,98.7178,8.42572
4950,110.582,77.4684,71.2547,43.7203,34.8412,99.7264,8.83112
4980,112.093,73.6024,67.6141,42.7748,35.5425,100.026,8.75734
5010,112.44,75.0378,70.6794,41.2898,35.8236,100.901,8.5021
5040,94.1141,66.9957,63.0356,43.7269,34.7913,98.8465,9.2113
5070,100.252,113.142,69.464,64.3082,35.5766,99.4427,9.5797
5100,102.4,122.306,77.2643,66.633,37.6471,102.049,9.46923
5130,101.196,123.47,79.1235,65.7582,35.4329,94.6252,9.58787
5160,101.817,120.927,78.5887,65.3998,36.8842,98.2919,9.41328
5190,99.7278,119.715,79.3079,63.7643,35.6716,94.1529,9.23975
5220,101.804,122.846,76.336,64.9436,35.3228,94.8784,9.57
5250,102.091,120.006,77.7647,66.0467,36.7098,97.3699,9.15428
5280,102.839,122.473,78.7243,64.4311,36.3697,98.6044,9.29593
5310,102.037,125.004,77.6685,63.8215,35.6488,96.3459,9.47681
5340,96.4749,117.485,75.3002,63.6326,36.7331,95.826,0
5370,97.5716,118.722,76.244,65.2196,35.8846,94.6216,0.0320199
5400,97.9266,118.462,74.3558,65.1047,37.2923,95.6197,9.31288
5430,98.7813,118.331,76.7045,64.8803,37.1934,96.7872,9.5153
5460,98.5922,117.543,75.2046,63.9853,35.7735,95.0132,9.50634
5490,97.8306,116.535,77.2355,62.575,37.132,98.2181,9.29991
5520,98.3153,118.112,75.4663,62.7791,37.0022,96.8997,9.51452
5550,97.6665,113.316,76.8504,61.7641,34.7938,97.1518,9.64232
5580,97.5516,121.708,77.2838,61.9926,35.9751,97.3939,10.204
