Time,FC,PAS,PAM,PAD,temp,SpO2,FR
-1,60,108,80,60,36.8752,100,11
0,66,118.8,88,60,36.3589,100,12.1
30,67.6143,121.479,89.8056,60,35.8427,100,11.8022
60,65.2292,116.691,89.5157,60,35.3264,100,12.2169
90,66.5018,119.538,87.0695,60,34.8102,100,12.0918
120,65.7788,120.864,88.6772,60,34.2939,100,11.8694
150,66.0284,119.922,86.8473,60,33.7777,100,12.3486
180,65.5613,119.557,89.5968,60,33.2614,100,12.213
210,65.2911,116.841,89.4551,60,32.7452,100,11.936
240,67.0655,116.306,89.5493,60,32.2289,100,11.9995
270,66.3229,121.595,86.6027,60,31.7127,100,11.837
300,65.5729,115.912,89.1141,60,31.1964,100,12.0344
330,66.0642,119.383,85.8881,60,30.6802,100,12.3552
360,71.1911,116.79,94.7975,60,30.1639,100,12.1115
390,71.388,116.515,97.0206,60,29.6476,100,11.8809
420,65.3956,120.721,86.2813,60,31.4857,100,12.1681
450,66.2066,118.484,88.5518,60,33.3238,100,12.3156
480,66.6842,119.239,87.8043,60,35.1619,100,12.376
510,64.8899,119.686,85.9249,60,37,97.6927,12.1115
540,65.8227,92.2491,72.5632,48,36.63,94.7007,11.2073
570,63.0952,94.0235,72.7836,48,35.8997,91.1127,10.9493
600,64.4927,94.6934,70.1253,48.5649,36.6779,84.2587,10.9548
630,61.9041,92.9093,68.8704,49.1668,37.2206,80.105,10.7291
660,57.606,86.4925,67.063,39.6016,36.0052,79.5019,10.2611
690,52.7785,81.9726,40.3928,39.988,37.1487,74.1737,10.1006
720,52.2228,82.4037,41.2746,41.442,36.6024,95.1858,9.85147
750,51.6671,83.4678,39.9915,41.096,35.8899,91.1808,9.86218
780,51.1114,80.9136,39.3314,40.5779,36.6512,87.6718,9.38424
810,50.5557,105.389,42.1413,41.1013,37.6913,85.2386,9.1792
840,49.831,104.874,40.0297,41.6751,36.5401,78.892,9.29852
870,50.6669,103.995,41.5851,41.0194,37.387,77.3841,9.28904
900,49.5375,103.092,41.1122,40.914,36.7503,75.9306,8.90764
930,54.7667,102.465,75.1939,52.625,37.3994,73.4245,8.6741
960,53.6386,101.636,74.0474,52.8067,36.7479,70.6708,8.50545
990,54.5834,102.547,74.726,53.3092,36.5674,64.8326,8.54897
1020,48.0142,95.8577,70.7323,44.8448,37.0079,58.9753,8.84148
1050,52.9649,96.6126,73.0552,44.3164,37.4928,60.0354,9.72411
1080,53.8518,95.4592,73.3306,45.4595,37.1793,53.6752,9.56919
1110,55.2814,97.7333,74.2379,45.0275,36.8252,52.783,9.58504
1140,54.414,98.0129,74.6074,45.1652,37.4257,47.7163,9.51072
1170,54.3879,96.9316,73.8192,44.4658,36.522,42.9649,9.83756
1200,53.7034,95.4963,74.8945,44.6104,37.2568,41.9445,9.7234
1230,48.8795,85.369,68.4597,43.9963,36.3398,36.4922,8.96213
1260,49.8124,85.9243,67.093,44.0419,36.7309,31.3325,9.0034
1290,48.4261,87.2507,66.8873,44.2525,36.6438,33.2871,8.78136
1320,50.393,86.6495,68.3518,44.6574,37.1038,33.1943,8.59306
1350,63.1013,112.652,88.5395,44.4977,36.0967,33.2773,11.1569
1380,63.5805,110.857,87.9812,43.7853,37.6775,33.3207,11.2463
1410,63.2155,111.494,87.5405,43.7145,37.1213,33.4663,11.1973
1440,65.6104,112.04,88.3879,44.8933,36.3863,33.7167,11.0763
1470,65.1268,113.05,86.4623,45.1945,37.2771,33.5462,11.1081
1500,64.938,111.069,87.2765,45.3968,37.3548,33.6492,11.4626
1530,64.6335,111.216,87.1183,44.9305,37.7221,33.6256,11.3418
1560,64.327,111.14,86.0612,44.2994,36.0961,33.6596,11.465
1590,63.4922,112.543,86.0747,45.4667,37.2262,33.8744,11.3262
1620,63.7753,111.76,88.33,45.5324,37.7779,33.9615,11.3865
1650,64.7962,112.306,87.9908,43.9459,36.2559,33.9529,11.3938
1680,65.918,110.827,87.2842,44.5136,37.3738,34.1896,11.3796
1710,65.094,112.105,87.9625,45.4439,36.7837,34.3573,11.3823
1740,62.9751,110.459,87.1154,44.1655,37.4921,34.133,11.1094
1770,65.019,112.559,85.7922,44.2143,36.885,34.3196,11.2327
1800,64.5602,109.645,86.6051,44.676,36.6734,34.3354,11.4643
1830,63.0356,111.35,87.9582,45.1259,36.2249,34.2035,11.3056
1860,64.3458,111.083,86.9875,44.5628,37.1747,34.3671,11.3605
1890,64.0407,110.531,88.5517,43.6882,37.8997,34.4028,11.1747
1920,64.2318,112.554,88.1622,45.5872,37.4825,34.0324,11.2366
1950,68.7474,123.63,94.9927,43.8153,36.7698,34.0709,12.4659
1980,69.8587,122.78,95.0743,45.5016,36.2462,34.3722,12.2493
2010,70.5501,123.069,94.068,43.6851,36.1228,34.0218,12.113
2040,68.5311,120.206,94.9841,44.4977,37.5756,34.0999,12.2539
2070,70.2107,121.487,96.2467,44.9571,36.6646,34.1249,12.4279
2100,70.572,122.065,95.4777,43.8971,36.537,34.023,12.0995
2130,69.5156,123.879,95.0069,43.6429,37.5223,34.2371,12.1028
2160,70.9136,122.639,94.1793,45.2959,37.4462,34.2503,12.1883
2190,70.1518,123.469,95.5889,43.8496,36.5892,34.2134,12.4356
2220,70.279,123.361,95.2892,44.1898,36.8095,34.0549,12.2736
2250,70.4292,120.992,95.1581,45.6442,36.5494,34.3988,12.0743
2280,68.6107,122.128,93.9389,45.3514,36.5007,34.0953,12.3805
2310,71.4031,123.427,96.3766,44.6799,37.498,34.2326,12.3732
2340,68.636,120.4,94.949,44.9271,37.8755,34.4096,12.5054
2370,69.6056,120.569,94.7634,43.6214,36.8446,34.3627,12.0695
2400,70.5063,123.27,93.7318,45.0677,36.7964,34.0289,12.3291
2430,70.3492,121.413,94.3316,44.8173,36.5348,34.0462,12.1216
2460,49.89,89.9397,70.0846,43.7215,37.6219,34.0695,9.11751
2490,52.2656,87.8214,69.7185,43.9656,36.7085,33.9877,8.87859
2520,52.1066,90.5907,68.4399,44.482,37.4254,34.0783,8.85097
2550,50.1965,88.3783,69.8837,45.128,37.3651,34.3813,8.94
2580,52.6692,87.3516,69.1465,45.5954,37.5431,34.0738,8.79857
2610,51.7263,88.7068,69.9986,44.5077,37.1855,34.1459,9.07805
2640,52.6595,88.6182,70.2511,45.0468,36.5952,33.9937,8.84626
2670,51.8898,87.1249,68.5707,44.15,36.3193,34.2323,9.23943
2700,52.8265,88.1643,70.4436,44.0045,36.4844,34.3972,9.08825
2730,51.442,90.0442,70.3502,44.03,36.7838,34.0991,9.23089
2760,53.8084,90.5103,68.8028,44.5224,37.5776,34.2931,8.91293
2790,57.2101,96.9755,73.0463,44.928,36.0942,34.2191,9.78458
2820,56.7126,93.5296,74.7503,43.6099,36.8131,34.3163,9.45517
2850,58.6215,95.9143,74.6804,45.2622,36.9648,34.2921,9.36342
2880,59.8679,96.9231,74.9971,45.0223,37.6558,34.1096,9.42026
2910,59.8701,93.0869,73.3719,43.9641,36.0948,34.2893,9.74274
2940,58.5918,94.0484,74.3326,43.9193,36.7772,34.2513,9.43599
2970,61.2925,94.5874,73.2944,44.4149,36.3007,34.087,9.45006
3000,61.351,96.8128,72.811,44.5577,37.8159,34.0623,9.42821
3030,61.9021,94.9277,73.0287,44.5559,36.9817,34.2867,9.65898
3060,61.0618,94.664,73.5509,44.6681,37.3086,34.0735,9.67417
3090,59.7804,96.3188,74.6574,45.3054,36.4902,34.0836,9.45979
3120,60.6245,94.9159,73.4108,45.5613,36.8755,34.2602,9.54951
3150,60.2024,96.2978,73.8331,43.9438,36.6398,33.1518,9.46342
3180,60.8857,95.2626,73.0012,44.2007,37.8775,31.9025,9.35552
3210,59.9492,96.8453,73.6129,45.0225,37.548,30.5209,9.02357
3240,57.6867,95.3146,74.3224,44.3487,36.1736,29.2379,8.73852
3270,58.4938,96.1969,74.2954,45.3783,37.2344,28.0932,8.4152
3300,59.2517,93.6528,74.1247,45.1017,37.4037,27.1743,8.21979
3330,58.074,95.8231,74.6143,44.2873,37.3158,25.7012,8.03048
3360,56.9298,95.686,73.7475,44.6047,36.5344,24.4745,8.22861
3390,50.8821,86.2159,66.2769,45.2234,36.5089,23.5395,7.15911
3420,55.9994,94.7542,70.4535,52.996,37.5407,22.0977,7.14503
3450,55.1827,98.2465,75.9571,52.692,37.4722,24.4746,7.04662
3480,54.3215,98.3783,77.1516,53.062,36.2936,27.0977,7.27272
3510,55.0175,100.709,77.0002,53.5717,36.9676,33.2735,7.5147
3540,55.0018,101.063,76.9175,52.6968,36.7306,33.2892,7.8461
3570,53.4567,99.0721,75.2597,52.3125,37.501,34.0102,8.07072
3600,54.1617,101.859,77.1432,53.0272,37.8946,37.3249,8.21912
3630,53.6363,100.066,77.4656,53.182,36.2767,39.8998,8.57307
3660,54.8544,99.364,75.1887,52.0117,36.1288,43.4682,8.85517
3690,54.3348,98.4515,76.6571,52.3996,36.7427,45.4826,9.10328
3720,53.7112,101.14,76.4618,52.4735,37.2204,45.4883,9.11494
3750,54.8873,99.9944,76.6996,53.0638,37.8195,48.6683,9.23428
3780,53.5122,100.998,75.506,52.9214,36.1012,50.5093,9.38618
3810,53.4852,101.696,77.138,52.4254,37.8566,52.7108,9.36888
3840,54.1912,101.341,76.9918,52.5002,37.0007,54.4888,9.39269
3870,53.6807,98.8401,75.1359,53.1041,37.2991,59.2101,9.22181
3900,54.8923,101.738,77.8545,52.9557,37.1089,58.962,9.17523
