Time,FC,PAS,PAM,PAD,temp,SpO2,FR
-1,106,185,132,107,37.3555,97,18
0,116.6,203.5,145.2,107,36.8326,97,19.8
30,119.279,205.271,147.82,107,36.3096,97,19.5859
60,115.321,204.421,145.194,107,35.7866,97,20.258
90,118.589,205.424,147.91,107,35.2636,97,19.6431
120,113.82,207.233,143.541,107,34.7407,97,20.0088
150,117.404,200.405,145.38,107,34.2177,97,19.4949
180,116.987,204.566,147.849,107,33.6947,97,19.7612
210,117.829,204.078,141.949,107,33.1717,97,20.0928
240,114.703,204.968,145.097,107,32.6488,97,19.527
270,115.956,204.225,142.239,107,32.1258,97,19.6054
300,115.854,202.979,145.187,107,31.6028,97,19.4469
330,114.202,205.211,146.994,107,31.0798,97,19.33
360,127.521,206.626,160.488,107,30.5569,97,19.6854
390,126.635,200.376,156.484,107,30.0339,97,19.8769
420,119.343,204.817,157.358,107,30.3822,97,20.2543
450,116.521,205.659,160.381,104.784,30.9985,95.4786,20.1357
480,116.504,195.029,144.068,105.212,31.5261,98.1434,19.8277
510,116.685,201.644,142.764,107.103,31.3429,98.6644,19.8582
540,118.866,204.237,146.066,107.258,31.8004,98.7454,19.5557
570,118.986,157.682,113.282,84.7061,31.1976,95.266,19.1689
600,109.053,163.481,115.77,85.8271,31.9026,91.2774,18.3373
630,109.89,162.71,114.793,85.0584,31.7059,90.097,17.9236
660,115.511,158.779,113.842,86.3799,32.4317,88.3685,17.5739
690,109.103,158.153,113.519,83.764,32.5845,85.3535,17.4201
720,104.578,146.725,101.518,74.4382,34.3593,85.7962,17.1633
750,89.7194,134.531,65.1017,72.9514,33.3352,79.844,16.153
780,90.5345,143.668,68.8819,74.536,33.8202,94.766,16.0856
810,87.3537,131.92,66.6788,73.9229,34.0065,91.4799,15.36
840,89.4948,134.133,66.5494,94.4397,35.8149,90.2736,15.0917
870,88.8465,142.41,65.1921,94.026,36.3579,87.1949,14.1239
900,85.1124,139.432,66.1022,92.9239,35.5828,85.2503,15.3959
930,86.789,146.154,67.0197,93.211,36.8463,81.9421,15.2614
960,86.3355,179.121,96.6152,91.9209,37.2928,84.5728,15.0767
990,93.2501,178.159,126.288,94.7351,37.1069,85.0205,14.8422
1020,93.9173,182.445,128.075,92.1969,36.4167,82.6451,14.2171
1050,92.7963,179.943,127.654,94.4333,36.2836,81.2523,14.0982
1080,87.4207,164.959,107.462,78.6319,38.5229,78.1622,14.5742
1110,93.8061,168.299,119.395,77.4677,37.3567,76.7485,16.2792
1140,94.847,170.071,120.291,81.5143,37.488,70.6479,15.5225
1170,95.1432,173.41,120.012,77.3118,37.0174,68.1436,15.783
1200,94.8546,171.194,119.689,79.5554,37.2664,66.2866,15.5544
1230,115.096,207.349,143.09,80.6023,36.8838,66.9115,19.2046
1260,99.4543,159.59,129.998,77.4574,36.5243,62.0027,19.5562
1290,98.8672,162.628,132.697,79.7103,38.1087,63.7353,19.0477
1320,99.4824,160.519,132.134,77.6068,37.0871,60.2375,19.4252
1350,99.6542,158.258,130.319,78.5252,36.3796,63.1252,19.589
1380,99.6778,157.536,133.098,80.1047,36.8934,62.0827,18.9535
1410,100.801,159.614,131.702,78.8731,37.2557,65.8514,19.6232
1440,97.8171,159.838,127.874,78.008,36.4509,67.1134,19.6459
1470,99.1919,159.247,129.178,81.0416,36.4971,66.5564,18.9656
1500,98.1295,162.314,132.278,77.1855,37.5439,63.7408,19.4075
1530,116.797,205.569,147.882,78.123,37.6679,63.7984,20.9644
1560,114.189,199.795,152.539,79.8585,37.6149,65.8231,21.1505
1590,114.227,205.262,151.946,80.7624,38.0595,67.782,20.5059
1620,114.769,204.831,148.459,78.0096,36.2708,67.4111,20.3583
1650,114.415,206.141,148.655,80.8127,37.2884,65.7831,21.1444
1680,115.945,201.633,150.42,77.4677,35.9329,63.3578,20.7673
1710,117.554,204.766,149.048,81.3103,36.4474,63.8777,20.9859
1740,113.67,200.332,152.684,78.4822,37.9076,64.8743,21.1295
1770,116.739,202.293,151.519,79.5349,37.3446,65.7035,20.8044
1800,116.326,206.315,150.797,81.5629,36.4869,65.8024,20.4406
1830,115.092,204.31,147.565,80.8825,35.4461,66.3059,20.4616
1860,115.091,202.197,149.793,77.5181,37.0746,68.2977,20.4707
1890,114.321,204.009,151.174,77.9081,37.1683,66.8925,20.9411
1920,113.801,200.408,151.209,78.2701,37.0314,65.2417,20.6337
1950,117.173,201.075,148.312,81.3977,37.3646,63.9201,21.1435
1980,114.322,202.061,147.476,79.8119,35.4729,67.0373,20.7451
2010,122.907,217.134,157.035,80.4202,36.6144,65.5678,21.4404
2040,122.457,214.557,158.555,79.6033,35.9164,67.7283,21.0044
2070,122.456,214.064,153.945,77.8113,36.7094,63.9451,20.9006
2100,122.543,214.52,156.902,81.0791,35.7817,65.1679,21.5888
2130,122.91,221.943,156.602,78.3549,37.2944,67.9284,21.6669
2160,120.015,220.687,156.096,78.5445,35.6957,65.6919,21.4743
2190,121.351,218.232,158.204,77.8353,37.8694,64.3632,21.164
2220,119.743,220.304,154.606,77.635,36.096,67.9981,21.5975
2250,121.891,217.874,154.067,80.7366,35.7849,66.9675,21.3289
2280,123.361,215.267,158.158,81.2386,36.3417,66.4213,21.6397
2310,123.207,217.462,153.695,79.3463,35.8879,67.4302,21.1853
2340,123.955,213.854,156.062,77.5442,36.5722,67.9506,20.9217
2370,123.521,213.975,158.204,78.6692,35.9321,67.637,21.6339
2400,122.893,219.568,157.93,78.2817,37.3009,64.2242,21.5301
2430,123.305,215.229,154.863,77.9656,35.6001,66.0917,21.1814
2460,120.022,222.132,155.922,79.9332,36.1295,66.6955,21.0969
2490,121.375,217.952,156.772,79.0925,35.6581,65.0479,21.5421
2520,123.085,220.947,157.326,77.5531,35.9378,67.5831,21.4665
2550,123.985,220.871,159.945,80.3547,35.034,63.8517,21.3849
2580,122.562,224.27,161.873,78.8837,37.1839,66.5669,21.3934
2610,126.801,221.925,160.874,77.2948,37.7014,67.3779,21.8618
2640,122.803,227.097,162.197,79.6264,37.8385,67.6346,21.4678
2670,125.995,223.015,157.598,81.4017,35.5375,64.3119,21.5098
2700,125.009,228.452,161.811,79.0266,36.2817,66.5929,21.5834
2730,125.089,222.548,160.447,78.2473,35.6981,63.6475,21.4633
2760,122.978,227.537,162.717,77.5384,37.1034,65.4381,21.5206
2790,122.763,223.61,159.83,79.0102,36.4995,67.2265,21.2511
2820,124.512,224.452,160.837,81.3148,36.5568,65.33,21.6009
2850,124.245,227.276,162.325,80.0476,36.2806,68.0614,21.3894
2880,125.138,226.883,160.03,77.9726,36.9382,66.1914,21.6742
2910,123.001,227.463,163.771,79.8458,36.6996,66.6626,21.8721
2940,123.608,221.283,162.341,77.8378,35.2618,66.4083,21.7246
2970,126.557,223.012,159.769,77.5462,35.0866,64.8295,21.7316
3000,127.076,225.373,162.849,79.6929,35.7593,63.8571,21.5335
3030,123.889,220.936,163.725,80.0046,37.1166,65.2025,21.2512
3060,126.291,221.351,159.062,81.8633,36.1535,66.2504,21.3226
3090,123.47,227.997,158.905,77.9387,35.2479,66.7984,21.3116
3120,127.571,225.287,161.261,78.6043,37.1093,68.2716,21.3643
3150,126.341,225.638,161.737,79.4532,36.4197,69.4683,22.0542
3180,128.071,225.645,162.753,78.5281,35.4776,70.7685,21.5745
3210,124.451,224.133,160.009,78.842,37.4166,72.9162,21.8878
3240,125.714,227.761,162.662,79.312,35.5387,75.6742,22.1521
3270,127.28,229.652,159.74,82.1787,37.164,79.7825,22.1435
3300,124.125,226.289,158.414,79.3708,36.4313,80.8453,21.4399
3330,125.858,228.786,159.664,78.6584,36.7145,83.8115,21.6217
3360,124.301,225.842,161.463,80.0039,37.537,82.2847,21.4877
3390,127.179,226.63,161.407,81.2247,35.3237,83.8412,20.7643
3420,127.177,226.856,161.586,81.3212,36.1298,85.0682,20.3503
3450,127.565,221.882,160.814,81.4587,35.5582,81.8053,20.176
3480,126.18,226.667,158.581,80.064,35.9924,82.3171,19.888
3510,129.363,230.418,159.157,78.6804,37.2457,84.2876,19.5828
3540,100.21,187.565,130.051,78.1624,35.1614,84.16,18.9544
3570,100.521,185.609,131.919,81.4601,37.7231,84.6593,19.3547
3600,101.054,182.576,127.424,82.187,36.0737,84.3738,19.4599
3630,102.173,181.2,132.26,80.9307,36.5878,85.5965,18.8609
3660,100.305,186.845,127.862,79.9464,35.6026,86.3428,19.1903
3690,99.7759,181.865,128.788,78.6475,35.9548,87.7652,19.265
3720,99.1044,185.487,130.431,81.8043,37.4789,87.5017,19.6168
3750,99.0747,183.163,128.553,82.1029,37.0772,89.7665,19.6066
3780,101.307,179.957,130.248,81.452,35.4797,86.7366,20.5503
3810,100.418,183.767,132.25,80.4838,35.8996,86.6885,20.5211
3840,95.9294,177.681,122.589,79.035,36.6919,90.0061,16.9703
3870,95.039,171.665,124.96,82.302,36.624,86.7974,16.6768
3900,96.9681,176.313,122.192,78.6769,36.1172,89.024,17.2921
3930,98.0239,177.942,125.066,78.2063,36.4722,84.4027,17.1035
3960,96.4138,174.488,127.632,78.161,35.9924,84.2914,16.6424
3990,98.0195,172.489,123.03,80.4495,36.0324,83.3251,16.6687
4020,97.9289,178.195,124.293,80.042,35.1594,79.851,17.2709
4050,94.6863,179.418,127.704,80.1519,36.2034,77.1714,16.5897
4080,97.2492,173.117,123.119,81.2834,35.9515,78.7882,17.1887
4110,98.5305,172.204,124.336,80.7527,35.4105,76.6336,16.5972
4140,94.4143,173.364,125.531,78.5901,35.494,73.0187,16.9796
4170,94.3741,171.95,122.572,81.0989,35.6905,76.6439,16.4886
4200,96.6948,171.462,126.368,80.5188,37.2643,74.6818,17.1405
4230,97.8844,178.186,124.396,78.7118,34.9342,74.253,16.482
4260,96.5817,179.14,122.943,78.2518,36.6508,75.9042,17.2877
4290,95.7301,177.643,125.809,81.1024,35.4749,76.1696,16.9785
4320,96.6267,175.346,123.025,79.6647,35.8321,73.5544,17.3049
4350,96.0877,176.183,122.926,79.8791,36.8392,74.8414,16.7635
4380,96.0674,176.299,124.389,79.674,36.0904,74.3868,16.5837
4410,97.9394,171.315,126.772,82.0635,36.3712,75.1807,16.4844
4440,84.2109,157.408,110.535,79.0038,35.943,73.7753,14.5655
4470,89.3248,166.606,125.761,95.0341,36.9053,74.4079,14.1957
4500,93.8128,181.799,128.685,94.8091,37.6813,73.1655,14.5619
4530,97.4383,183.162,128.48,92.6158,35.4219,75.0364,14.4324
4560,96.5913,182.802,129.416,90.6479,36.9591,75.9589,14.4991
4590,94.6616,181.743,128.573,91.2065,36.6103,70.3854,14.3234
4620,96.2965,183.5,127.122,92.8997,36.8204,69.4784,14.7177
4650,94.7395,181.569,126.99,94.1606,37.323,70.0854,14.4703
4680,96.1665,175.58,128.513,91.0056,36.6434,71.8686,14.232
4710,97.6424,177.502,127.63,91.7562,36.1612,71.6789,14.7299
4740,96.5097,183.463,127.427,93.4124,36.0828,70.8903,14.5813
4770,94.5341,181.852,128.022,90.9354,36.8459,71.6338,14.1656
4800,96.8249,176.992,126.936,94.0397,36.983,68.8384,14.3622
4830,94.2639,179.144,129.186,92.335,35.4116,69.8212,14.8075
4860,94.5317,180.597,128.586,93.4359,34.8078,70.1527,14.3738
4890,96.8647,182.086,128.233,92.1723,35.7357,71.2363,14.3202
4920,94.7859,182.391,126.135,94.0272,36.2114,69.5527,14.006
4950,96.0538,182.763,127.545,94.3766,35.9477,72.4096,14.4
4980,94.4419,178.49,125.908,92.4571,35.956,72.7006,14.1972
5010,93.8967,179.196,128.525,94.0921,35.0887,69.386,14.4893
