Time,FC,PAS,PAM,PAD,temp,SpO2,FR
-1,119,111,68,52,37.4087,93,20
0,130.9,122.1,74.8,52,36.8849,93,22
30,130.557,121.867,74.2289,52,36.3612,93,22.3175
60,128.605,122.349,74.3065,52,35.8375,93,21.9723
90,130.82,121.739,74.7878,52,35.3138,93,21.6977
120,128.327,120.961,72.9659,52,34.7901,93,22.2161
150,132.658,119.083,75.0476,52,34.2663,93,22.2104
180,133.961,124.695,73.5068,52,33.7426,93,21.6888
210,128.319,119.444,75.761,52,33.2189,93,22.1469
240,133.822,121.591,73.2121,52,32.6952,93,22.3374
270,132.002,121.344,73.3834,52,32.1715,93,22.3921
300,130.078,119.837,76.1513,52,31.6477,93,21.8249
330,131.763,119.915,73.9282,52,31.124,93,21.6507
360,140.825,122.476,81.244,52,30.6003,93,21.6428
390,143.381,125.034,82.533,52,30.0766,93,22.3962
420,142.61,119.629,81.2105,52,30.3651,93,22.1057
450,142.464,119.943,83.032,52,30.6535,93,22.4364
480,130.61,123.432,73.0787,52,30.942,100,22.0048
510,129.784,124.56,74.8249,52,31.2305,95.3009,21.3034
540,126.056,98.1623,58.2424,41.6,31.2066,96.1078,20.4984
570,127.628,96.6,60.1837,41.6,31.4951,88.5913,20.7954
600,125.666,94.4618,59.8768,41.2559,31.2709,88.4939,19.7321
630,126.264,95.7903,59.2579,42.2659,32.483,83.7408,19.397
660,115.752,83.3911,52.4971,38.8932,31.9806,84.417,19.2984
690,106.236,82.7449,34.9432,35.8524,32.0029,78.6041,18.7993
720,105.148,80.0005,35.6079,36.21,32.7394,87.6129,18.6011
750,104.059,83.4492,34.9838,36.0315,33.803,85.9323,18.0373
780,102.971,79.913,33.7634,35.1856,33.3939,82.1381,17.2538
810,101.883,85.058,50.1627,45.6601,33.5999,79.9509,16.6706
840,100.794,80.9808,48.9927,46.4442,34.2861,76.1369,16.3782
870,100.794,106.248,49.7639,44.8267,33.7036,74.4736,16.8709
900,100.736,107.807,49.569,45.5895,34.1327,72.2122,16.6973
930,108.081,108.336,64.5988,46.5502,35.2691,71.9591,16.7522
960,106.603,108.045,64.892,45.1601,35.5576,68.8555,16.1545
990,105.392,107.331,66.5352,45.7358,35.8461,62.4445,16.0509
1020,100.687,90.0072,54.8414,42.7322,36.1346,60.8992,16.5113
1050,108.784,97.8412,62.7475,37.9195,36.423,56.3725,17.7687
1080,108.438,96.9055,62.7359,38.9494,36.7115,51.6019,18.2379
1110,108.764,98.374,61.4554,39.2582,37,51.4101,17.7974
1140,105.573,99.9161,62.2009,39.4549,37,47.0501,18.2867
1170,112.332,99.5649,61.8756,38.207,36.1279,46.1649,18.6402
1200,111.275,98.9508,63.7575,38.9521,37.1429,39.4452,18.0702
1230,100.418,92.2663,57.4543,39.2216,37.4054,38.9022,16.2564
1260,97.5987,89.0485,58.2101,39.4105,36.815,40.0807,16.6399
1290,97.2557,91.8231,55.8669,39.6298,37.5752,36.8035,16.8942
1320,102.312,89.6957,57.7356,39.3789,37.6967,37.3124,16.5893
1350,129.067,116.326,74.0371,38.8655,36.2962,36.9746,21.0781
1380,131.365,115.501,73.5181,37.96,36.8145,36.8267,21.6437
1410,131.044,115.736,73.863,39.5496,36.336,37.1283,21.6513
1440,131.939,117.845,74.6518,39.5757,36.3279,37.2584,21.5466
1470,126.433,116.492,73.4183,38.7561,37.8535,37.7208,20.9261
1500,126.831,116.483,73.0394,39.58,37.4742,37.3693,21.7226
1530,127.272,118.356,74.6282,39.6167,36.5856,37.1649,21.6451
1560,128.795,118.251,74.4177,38.5629,37.4968,37.4958,21.1668
1590,131.664,115.356,72.6618,39.5498,37.4124,37.3393,21.2447
1620,130.377,115.981,73.5409,39.2779,37.6927,37.634,21.5016
1650,130.062,115.338,74.2002,39.3167,36.4049,37.5749,21.5367
1680,129.014,118.035,74.0727,39.4617,37.5832,37.4187,21.1137
1710,129.786,118.424,73.8714,38.7818,36.444,37.6758,21.2566
1740,131.765,114.491,74.5363,38.9931,36.7871,37.2277,21.2284
1770,127.88,117.795,72.7118,39.5024,36.1503,37.8509,21.4835
1800,127.631,115.483,73.586,39.1059,36.3251,37.0343,21.3665
1830,131.929,116.143,74.4727,38.863,36.8018,37.3511,20.9369
1860,129.825,118.15,73.6093,38.8244,37.7727,37.2593,21.0173
1890,128.134,116.263,73.7667,38.913,36.5703,37.6505,21.2956
1920,128.156,115.747,72.8597,38.8438,37.1315,37.6353,21.0789
1950,140.832,127.322,80.4174,39.0794,36.1098,37.5805,22.8713
1980,139.101,128.238,79.1133,37.9071,37.4381,37.7404,23.1421
2010,140.54,128.476,80.1712,39.6228,36.6886,37.1404,23.1475
2040,140.204,127.746,81.0256,39.5271,36.1225,37.1161,23.0707
2070,140.189,127.608,80.1417,38.4442,36.584,37.4046,23.5109
2100,138.409,128.425,78.9435,39.1638,37.3718,37.4097,23.3001
2130,139.266,124.939,79.1243,38.0729,37.7423,37.9822,22.7564
2160,138.062,128.906,80.0165,39.395,37.3668,37.6278,23.3273
2190,140.936,127.581,78.9915,38.4759,36.702,37.9072,23.2299
2220,140.29,125.505,80.0236,39.5273,36.1298,37.8304,23.2198
2250,140.975,125.254,79.3583,38.2059,36.2781,37.6065,22.9313
2280,136.758,126.473,79.3655,38.3416,36.7884,38.0223,22.7755
2310,137.186,126.688,80.6156,39.351,36.284,38.1263,22.8175
2340,139.337,128.029,80.4488,38.0184,37.796,37.3645,23.5211
2370,142.323,125.096,80.0241,39.1401,36.3494,38.0224,23.4281
2400,138.198,126.614,78.8752,38.3832,37.593,37.4947,23.139
2430,137.905,126.222,80.0485,38.4245,37.5128,37.4531,22.7936
2460,104.441,92.7638,57.9955,38.5143,36.375,38.1153,16.8974
2490,99.764,92.4154,58.3725,37.9973,36.7302,38.0932,17.1788
2520,102.162,94.6392,58.94,39.2624,36.5841,37.8245,16.5809
2550,99.7837,91.8541,58.7818,38.4458,36.987,37.132,17.0545
2580,100.809,93.3493,59.1679,38.1914,37.7656,38.0497,16.9779
2610,99.6675,94.8118,59.7083,38.2059,36.4255,37.312,16.744
2640,102.404,92.1546,59.8513,37.9827,36.2286,37.6404,17.229
2670,101.315,92.3636,59.5113,38.7154,36.9043,37.4101,17.1899
2700,104.741,93.1991,58.3066,38.2832,36.1171,37.0317,16.8703
2730,104.714,95.0853,59.6268,37.926,37.6388,37.8917,17.4168
2760,100.285,91.3401,57.5856,38.625,37.1433,37.3303,17.6891
2790,109.135,98.3859,63.2799,38.6638,37.4365,37.2369,19.3877
2820,106.967,97.6136,62.6137,39.0116,37.8214,37.6892,19.4153
2850,107.21,100.168,61.275,38.5019,36.4287,37.065,20.046
2880,105.866,97.1754,61.2855,39.4183,36.5622,37.1842,21.139
2910,109.391,99.8875,61.4555,37.9595,36.7616,37.6631,21.6368
2940,110.151,98.1447,61.3902,37.9882,37.0174,37.9646,21.7635
2970,108.152,98.67,62.8928,39.2443,36.5705,38.0404,21.5854
3000,108.174,100.815,61.8783,38.8401,36.1854,37.5763,22.3281
3030,107.374,99.6086,61.6323,39.673,36.8697,37.5412,22.3984
3060,110.182,97.0978,63.405,38.9707,36.783,37.1687,23.4997
3090,110.719,96.8495,61.7168,38.5241,36.9089,37.0829,22.9188
3120,109.699,100.878,61.3849,38.2189,37.8678,37.6222,23.5589
3150,105.656,97.0778,61.1085,38.5318,37.4392,37.3808,23.1766
3180,106.469,100.174,61.8375,39.6381,37.705,37.3754,23.4153
3210,106.151,98.8518,61.4593,38.1836,36.9915,36.4792,22.883
3240,109.262,99.2745,62.4423,39.094,37.1677,35.6772,22.7722
3270,106.115,98.1502,62.2962,38.9605,36.7764,34.3792,22.41
3300,102.623,100.686,61.6408,38.4127,37.4893,33.3103,21.2124
3330,104.845,100.786,62.9901,39.537,36.934,31.4946,20.549
3360,105.793,99.0155,62.3752,39.5272,36.3216,30.5619,20.6128
3390,94.0421,92.2963,56.6933,38.413,36.5592,30.3673,18.6679
3420,104.77,107.303,65.7334,42.1924,37.4745,28.7422,17.7381
3450,102.778,104.576,64.9166,45.1917,36.6176,28.1178,17.9535
3480,101.091,108.132,64.6244,44.0315,37.7198,26.0964,17.4469
3510,102.988,104.507,66.4149,44.9991,37.1773,25.4561,16.8702
3540,101.005,108.043,66.5078,45.6353,37.3262,24.2948,16.336
3570,104.426,105.414,64.1928,44.9139,36.5687,26.1796,16.0683
3600,104.641,106.935,64.6874,43.7939,37.3082,26.7198,15.772
3630,108.067,108.464,64.9801,44.6707,36.7326,30.0658,15.8488
3660,110.055,108.526,66.3476,44.8476,37.7662,33.1861,15.959
3690,110.604,105.53,66.5562,44.5169,37.4461,32.5808,15.9672
3720,109.068,105.922,66.028,45.0126,37.7313,38.1825,16.1923
3750,111.304,108.241,66.4455,44.4776,37.4459,36.3849,16.3487
3780,110.148,106.235,64.3644,43.9357,36.6573,41.8724,16.1817
3810,110.787,106.273,64.1839,43.9754,37.3038,43.7689,16.0484
3840,111.638,108.578,66.6085,45.2006,36.5515,44.0187,15.9482
3870,110.42,106.04,64.1832,45.1722,36.4628,47.2724,15.6903
3900,114.257,108.499,66.6827,43.8744,36.6464,49.8425,15.7362
