Time,FC,PAS,PAM,PAD,temp,SpO2,FR
-1,54,118,85,63,36.715,100,14
0,59.4,129.8,93.5,63,36.201,100,15.4
30,59.7847,129.87,92.2851,63,35.687,100,15.5841
60,58.2545,128.519,94.4704,63,35.173,100,15.2088
90,58.4388,130.309,91.1709,63,34.659,100,15.6576
120,58.4407,131.844,91.2274,63,34.145,100,15.4459
150,58.0106,131.709,91.8065,63,33.631,100,15.462
180,59.109,131.225,91.594,63,33.1169,100,15.6253
210,59.0474,126.777,91.6119,63,32.6029,100,15.2437
240,58.9264,128.789,95.25,63,32.0889,100,15.0873
270,58.4404,126.874,95.4066,63,31.5749,100,15.6237
300,60.1379,130.67,93.9005,63,31.0609,100,15.5353
330,59.3012,131.591,93.0154,63,30.5469,100,15.2585
360,64.8894,131.737,102.098,63,30.0329,100,15.4133
390,66.0509,128.04,104.486,63,29.5189,100,15.579
420,65.9567,131.391,104.113,63,29.8306,100,15.3111
450,65.4701,129.385,102.706,63.4751,29.2843,98.3697,15.1256
480,59.4086,132.073,94.1688,62.3829,29.9943,98.1997,15.1707
510,59.2144,131.85,95.4854,61.8618,31.2341,99.3851,15.3594
540,57.4983,126.185,90.1418,63.2555,30.5887,100.061,14.9202
570,73.1834,104.896,73.5863,57.5044,31.1057,98.0493,0.0976248
600,72.0406,99.7433,73.0125,57.6994,32.5016,94.1471,0
630,71.8016,103.325,71.421,57.3983,31.9609,91.6887,15.3249
660,72.3078,104.471,71.3821,57.329,32.7155,90.1126,14.9887
690,72.3516,103.867,68.4216,57.6965,32.426,88.1585,14.6878
720,65.5236,82.8858,60.4025,54.0088,34.044,85.3243,13.8973
750,59.1083,87.8241,39.8407,50.404,32.7377,81.0729,13.3716
780,57.7558,85.548,40.8946,49.2801,34.3421,94.5076,13.4934
810,58.9473,89.1813,37.4118,50.5064,34.8469,92.8622,12.9693
840,57.1811,85.3288,37.1659,49.761,34.2599,90.8495,12.3703
870,57.0436,87.8757,39.5541,49.8608,35.7287,86.5416,12.4723
900,57.711,86.9389,38.426,50.1251,35.6818,84.1415,12.8178
930,57.9215,83.4776,38.3759,49.7275,35.172,81.1789,12.8414
960,56.6325,83.1749,39.2092,49.9447,36.4054,83.6907,12.3331
990,59.9142,80.6649,53.7707,49.6146,35.7582,80.4987,12.2749
1020,61.002,82.7055,55.0919,50.1753,36.779,78.7808,12.3043
1050,61.6543,80.3428,53.4788,49.6856,37.1638,75.9452,12.0208
1080,58.5046,68.8671,46.7844,44.317,36.1855,73.689,12.3687
1110,60.8596,74.4242,52.1103,41.7579,38.2156,73.3964,13.113
1140,60.9995,75.1445,53.5009,40.548,37.3045,69.3927,13.5702
1170,60.7599,74.2661,52.7624,41.0639,38.4188,69.5416,13.4764
1200,62.1024,72.2245,52.033,41.4348,37.3107,64.9571,13.5257
1230,74.1049,90.2319,62.9598,42.518,36.1326,62.2094,16.1131
1260,64.6819,87.4833,52.5381,42.1388,36.777,60.1314,16.4422
1290,65.0004,87.4606,52.4386,42.2335,38.06,57.1109,16.3284
1320,65.2812,85.7902,52.2218,41.682,36.0818,56.5249,16.2709
1350,65.3841,84.4145,49.4571,40.5327,37.5746,56.516,16.1792
1380,64.4679,82.5765,52.251,43.1924,36.47,59.0785,16.046
1410,63.9701,85.2605,51.5104,43.1145,37.7264,60.9528,16.1207
1440,64.8109,83.7726,51.2099,42.5795,37.7977,59.5157,16.2935
1470,63.8277,83.815,50.6969,42.9286,37.9982,59.3877,16.1926
1500,50.6171,108.642,71.8464,45.0586,37.5777,59.093,16.3324
1530,55.6315,131.91,93.6192,47.2799,38.3555,58.7672,17.3506
1560,55.0015,131.137,92.1628,47.1559,36.497,59.9699,17.4794
1590,69.5147,104.159,71.0844,42.7464,37.0337,62.0814,0
1620,69.5131,105.398,69.8001,44.0076,37.3159,60.5649,0.215314
1650,70.3191,104.844,70.4661,43.485,37.2793,58.7623,17.4539
1680,70.233,100.85,72.6446,42.4525,36.1588,62.9068,18.0244
1710,70.034,101.836,70.8662,42.1526,37.0196,59.9537,17.7233
1740,68.2867,102.252,70.695,44.2141,37.6366,60.5006,17.758
1770,69.4894,103.773,70.1734,42.6567,37.4086,60.6505,17.9637
1800,68.981,101.505,70.0443,43.6825,35.889,62.2639,17.5375
1830,68.9536,100.827,70.7501,42.27,36.6764,62.1767,17.5711
1860,70.3976,100.495,69.9897,43.227,37.5965,59.2461,17.6527
1890,68.6355,101.988,72.2321,42.0745,36.4291,58.8685,17.9794
1920,69.0354,101.394,71.9147,43.6145,36.3105,63.0649,17.7905
1950,69.3023,101.549,72.5841,43.5414,37.7035,63.2097,17.9507
1980,69.5023,100.659,71.0711,42.6621,37.2777,62.3004,17.9217
2010,77.7094,99.559,72.8572,42.867,36.2258,60.4248,18.6569
2040,76.2737,97.0561,71.7817,42.9853,36.8829,59.0791,18.6015
2070,77.6023,101.937,71.3118,43.5751,36.7937,61.4623,18.0869
2100,77.0458,97.0344,70.6034,42.2049,36.3307,58.7571,18.3379
2130,77.092,102.387,72.5496,42.2186,35.4923,59.602,18.2094
2160,76.3319,101.834,71.874,43.4254,37.3837,61.3171,18.2573
2190,77.3279,97.6345,69.0944,42.0619,37.2122,59.5578,18.1882
2220,77.0555,100.159,70.6136,42.0551,37.083,61.6156,18.261
2250,76.6645,99.6711,71.1119,42.7725,37.6637,61.8473,18.667
2280,77.0941,98.9941,71.5764,41.8681,35.6101,60.6145,18.5984
2310,76.42,99.2407,69.1661,44.149,37.1746,59.21,18.4179
2340,77.5104,99.7904,71.9103,43.0432,37.2557,62.7597,18.2746
2370,77.5607,98.9471,71.9974,43.1726,35.7855,61.4025,18.477
2400,77.4389,98.0937,72.0311,44.2053,35.894,62.6951,18.4777
2430,77.0093,101.63,71.3694,43.1816,36.3074,59.3634,18.5851
2460,76.2385,101.748,70.488,42.0501,35.6065,61.0848,18.0805
2490,96.0444,76.9144,54.1406,40.4304,36.2736,60.1976,0.229967
2520,92.4121,94.0805,68.8516,43.9534,35.539,60.6026,-6.61182
2550,91.6923,99.0525,68.9279,42.1828,37.0158,63.2417,11.535
2580,92.4974,95.3029,67.7396,43.5579,36.7294,61.5539,11.0234
2610,93.4142,94.5567,70.2146,43.1657,37.1613,62.7451,11.3619
2640,91.8272,94.5647,68.9123,42.7958,36.6873,59.0772,11.1796
2670,93.2377,96.0706,69.2032,43.0822,37.0524,60.1406,11.1727
2700,93.0078,95.733,71.225,42.2613,37.2393,59.3816,11.7065
2730,93.0313,98.4434,68.3032,44.4657,37.9636,61.2025,12.1333
2760,91.9586,98.6555,68.651,43.0977,36.2357,62.1764,12.0725
2790,93.3476,94.6943,70.6744,43.7045,37.2309,63.2117,12.8154
2820,92.5842,98.6278,68.5134,42.5514,35.6066,63.0055,13.0373
2850,92.1065,99.8129,71.2105,44.3944,36.8988,62.3693,13.4335
2880,92.277,99.5965,69.8309,43.8112,35.2471,63.2243,13.6556
2910,92.5582,97.8946,70.1421,43.611,36.4607,61.5182,13.9552
2940,91.8329,98.3468,68.4352,43.157,38.0935,58.5013,14.0475
2970,92.7135,94.828,71.5044,44.2258,36.3055,59.6626,13.7325
3000,91.1062,95.8505,68.4074,43.8564,37.0484,56.6955,13.8385
3030,90.5188,100.1,68.6319,42.3183,36.6046,57.2038,13.901
3060,89.7902,99.9517,72.148,42.7949,36.7159,52.0504,13.752
3090,89.3745,100.16,70.5971,43.7299,36.3686,54.2424,13.0383
3120,89.8267,99.948,71.0641,44.7965,36.6414,50.2639,12.9981
3150,88.675,97.5247,70.3447,43.9531,35.6606,47.4295,12.7555
3180,88.8276,95.4637,71.1862,43.1712,36.8761,45.4946,12.5617
3210,89.6728,98.2802,69.066,43.7765,34.7499,46.3382,12.2795
3240,87.5721,96.0617,70.4951,45.2563,37.1036,44.4323,12.0093
3270,88.2045,100.057,69.2599,44.4372,35.9448,41.6584,11.8224
3300,88.7788,99.8117,68.6609,45.1016,36.2898,42.0616,11.7862
3330,89.8808,98.9777,69.2096,44.9355,37.5261,40.2409,11.9211
3360,88.6286,95.1535,72.1404,43.8867,35.3415,36.9302,11.6645
3390,112.147,76.868,51.6367,41.7835,36.6869,37.9383,0
3420,92.9739,100.209,68.8457,43.0156,37.6356,40.4204,0.234409
3450,93.5124,97.246,70.1503,43.841,36.4017,38.9998,12.0624
3480,92.5511,98.7114,69.7198,43.0702,37.2411,41.4014,11.6582
3510,90.8089,104.944,74.6827,44.6567,36.7276,39.1564,16.5198
3540,73.8331,85.9358,59.1991,43.7085,36.6175,40.349,16.5247
3570,73.0259,87.9857,60.4165,42.8862,37.4975,41.1829,16.0482
3600,73.2547,87.2467,60.115,42.98,34.913,43.9236,16.1863
3630,72.7214,87.4505,59.3604,43.7854,35.6175,43.7937,16.0442
3660,73.8693,85.4895,61.0051,44.5692,36.1361,46.21,16.3131
3690,73.5181,88.7663,61.5944,43.1483,37.1706,45.6276,16.6373
3720,73.4894,86.6461,59.9215,44.1763,36.726,51.0787,16.3867
3750,73.4289,88.8959,59.4285,44.7115,35.2947,53.332,16.4437
3780,74.0715,85.4964,60.9293,45.0116,36.2396,53.6126,16.251
3810,74.6792,83.9077,61.562,44.2268,37.4945,57.3367,16.1418
3840,69.5649,86.7139,61.6807,45.0001,36.6875,59.1231,15.1491
3870,70.028,85.29,61.4185,44.4051,37.2089,60.9838,14.9599
3900,70.6125,86.6986,60.6042,44.6916,37.7369,62.3721,15.0857
3930,70.7438,86.3894,60.3052,44.3911,35.8318,68.3323,14.6352
3960,70.7674,85.8474,62.3922,43.7785,36.0001,68.3997,15.1793
3990,68.8591,82.8493,61.177,42.4674,35.8323,71.881,14.9435
4020,70.6793,82.848,60.0365,44.5596,35.548,74.2071,15.1898
4050,69.442,82.2858,61.2267,45.182,35.7075,74.0727,14.6431
4080,69.2453,82.3067,60.6897,44.1063,37.1409,79.0866,14.9589
4110,68.8673,83.4397,60.8854,44.567,35.3551,80.4328,14.7238
4140,69.4288,86.0768,62.343,43.4895,35.9479,82.943,14.9721
4170,69.9533,82.382,60.9293,44.3543,36.7729,87.3469,15.1165
4200,70.216,83.8283,60.3348,43.0265,34.9439,87.5622,14.8009
4230,69.2809,84.3353,58.9186,43.9938,36.3563,87.3636,15.1631
4260,69.0607,86.1277,59.7555,43.6586,36.1779,83.8684,15.1096
4290,87.5374,67.6448,46.1037,40.2801,35.5811,84.4795,0
4320,65.147,87.52,62.4198,44.8308,35.7052,84.5369,0.546561
4350,64.757,85.629,63.4652,42.5571,36.2457,88.3728,15.6363
4380,65.9745,85.568,62.8534,43.1782,36.9056,84.109,15.4996
4410,63.9352,87.5405,65.4323,43.5099,36.4772,85.543,15.4303
4440,57.0414,79.3816,57.3887,43.7556,36.7367,85.5541,13.4619
4470,60.3073,96.4164,66.465,48.5061,34.8289,86.1527,13.4901
4500,62.2057,96.2313,67.5423,51.9661,35.7786,88.4038,13.5945
4530,61.707,96.829,68.7064,51.3166,34.8046,86.6631,13.9769
4560,62.9397,91.7743,67.6346,52.0478,37.0889,85.6442,13.7328
4590,62.9349,94.4538,66.6354,53.3933,36.7851,84.2393,13.9916
4620,62.5697,93.4233,67.0935,53.2202,36.4005,79.8494,13.9878
4650,61.871,95.6353,66.1353,52.0389,37.1348,80.8778,13.7205
4680,62.9144,95.2886,69.3682,51.9856,35.8048,83.7079,13.5196
4710,63.1483,97.026,66.0359,52.1901,37.4306,81.2709,13.532
4740,62.0559,94.9749,69.8114,51.4304,36.0678,79.8718,13.4581
4770,63.1005,92.1124,67.628,52.715,37.0537,79.9792,13.6698
4800,62.2015,96.6913,68.9451,53.4208,35.8767,79.592,14.0064
4830,62.6987,91.6672,67.513,51.8114,37.5604,81.7378,13.5697
4860,62.1856,93.8,67.4889,51.7046,36.0303,80.9357,13.532
4890,62.5904,95.3433,69.0858,51.8765,36.7057,82.9918,13.8486
4920,63.1803,93.9852,68.2412,51.1201,35.5316,84.4075,13.7789
4950,62.7054,93.568,69.4133,52.6348,35.1583,83.5312,13.6789
4980,62.9772,92.5699,68.6016,51.496,37.3004,81.1703,13.5062
5010,62.7916,92.174,67.7113,53.8384,36.4561,83.0578,13.8791
5040,62.547,93.5502,69.3077,52.7351,36.8878,77.5437,13.5197
