Time,FC,PAS,PAM,PAD,temp,SpO2,FR
-1,65,107,78,60,36.9053,100,10
0,71.5,117.7,85.8,60,36.3887,100,11
30,71.6295,115.092,86.3255,60,35.872,100,11.2132
60,71.0368,119.288,84.6742,60,35.3553,100,10.8209
90,71.9323,117.573,87.4442,60,34.8386,100,11.0473
120,70.043,117.888,84.524,60,34.322,100,11.0639
150,72.2648,117.582,85.5711,60,33.8053,100,10.9967
180,70.4176,119.471,86.0135,60,33.2886,100,11.0153
210,72.2412,115.608,84.9368,60,32.7719,100,10.8023
240,70.139,120.491,86.3063,60,32.2553,100,10.8753
270,71.8165,115.91,87.1049,60,31.7386,100,11.2642
300,71.1684,119.371,85.6338,60,31.2219,100,11.1243
330,70.9563,118.573,85.9198,60,30.7052,100,10.8911
360,78.3295,115.796,94.1577,60,30.1886,100,11.1643
390,79.8931,116.168,95.567,60,29.6719,100,11.2075
420,79.5043,119.641,83.9726,60,30.5879,100,10.8042
450,77.517,117.504,87.0214,60.5243,30.998,97.6482,10.6801
480,71.6389,118.946,82.9021,60.6732,32.9855,98.2022,10.7818
510,71.3481,116.763,84.2044,61.0003,33.7581,102.654,11.1139
540,71.2044,121.105,85.8029,58.8708,34.1835,100.898,10.5415
570,69.6323,97.9217,71.6242,47.0855,34.6467,95.4289,10.507
600,70.9753,93.5375,66.1844,48.9977,36.0953,93.2923,10.2775
630,67.0427,92.5594,67.0437,49.0249,36.4517,88.4063,9.99061
660,68.4012,93.5569,69.1551,47.4065,37.6939,82.3275,9.30377
690,66.1901,93.6048,67.5009,47.7365,36.5714,83.1805,9.14343
720,92.1081,44.6614,69.0863,28.7132,35.6912,78.7088,9.53956
750,94.7461,44.5029,65.8817,29.1482,38.1592,90.7163,8.6981
780,92.7205,42.4632,66.9184,29.6645,37.8671,90.4415,8.42416
810,92.0298,43.7671,68.7398,29.7893,38.6879,88.2864,8.61299
840,91.3317,48.6633,84.0675,41.0254,37.2026,81.6762,8.40021
870,91.9299,44.5157,86.3422,41.1258,36.7896,80.0007,8.17927
900,91.3377,67.1447,82.7875,40.5053,39.1794,73.5684,8.06799
930,91.5925,69.8775,85.7728,40.2404,36.4888,70.7159,7.88345
960,92.302,73.6977,86.6789,40.0823,36.5314,68.4424,8.25358
990,90.2839,70.7632,83.175,41.2267,36.1044,63.8873,7.93879
1020,90.6338,70.0264,87.8449,41.1547,37.2584,60.8591,7.95963
1050,91.8965,74.3231,86.6248,40.7745,36.9569,60.3988,7.99716
1080,93.2317,70.0754,86.3751,40.2737,37.2314,55.7178,8.37398
1110,89.959,75.0661,85.5178,40.0637,37.4111,53.0757,8.18091
1140,88.2903,72.0447,88.9336,39.7118,38.1335,49.0207,7.9949
1170,91.7158,71.5761,83.7816,39.702,37.6178,46.6709,8.08087
1200,89.1214,68.1054,85.0111,41.7662,37.154,42.3098,8.37544
1230,65.0991,95.0751,85.9929,53.343,37.697,36.3559,8.08731
1260,62.511,89.443,73.7914,46.3464,38.5128,36.8694,7.90613
1290,54.7437,81.2188,49.676,46.0686,37.1993,30.3808,8.31578
1320,54.3,84.4286,52.1974,45.7949,36.8224,77.2428,8.41481
1350,53.5002,78.6782,51.5616,45.6352,36.174,78.3883,7.96488
1380,55.3777,84.4729,50.2629,45.8024,37.2887,77.2808,8.3948
1410,54.5745,78.7454,49.8719,46.5155,38.363,75.8785,8.00235
1440,55.2663,81.7357,52.1712,46.1105,37.4673,76.4136,8.56866
1470,55.0658,83.6264,50.1781,46.1879,37.0475,77.7648,8.20101
1500,55.8302,86.8484,52.5774,44.623,37.8164,79.7908,8.427
1530,58.4449,83.8148,72.2745,44.4429,37.2779,81.0403,7.97167
1560,59.2674,81.7964,69.385,45.454,37.4816,83.8746,8.11383
1590,58.6929,84.4541,72.135,44.5467,38.7748,80.4901,8.16693
1620,56.5799,76.9843,58.8126,38.5986,37.5139,80.9525,8.33532
1650,58.1648,76.2114,68.2593,38.4664,37.4016,82.7422,9.05342
1680,58.4365,78.9634,65.5997,39.4453,35.6967,81.3689,9.09126
1710,59.1389,76.2984,67.943,38.6516,37.1952,80.2419,9.07625
1740,58.5682,76.483,65.4971,38.9974,37.8498,82.7447,8.74881
1770,71.0873,93.5423,80.919,38.1418,36.8252,84.812,11.0418
1800,62.2341,74.8943,71.0533,39.1395,35.8629,82.3694,10.8895
1830,61.1202,75.9336,68.8113,37.7477,36.3876,84.1836,10.8695
1860,61.4925,79.4864,69.1923,38.0336,37.5354,81.5308,10.9589
1890,61.34,78.1518,68.5259,39.777,38.6486,84.9365,10.7211
1920,60.9835,78.3254,68.3817,38.1393,37.8138,84.8424,11.0522
1950,62.6953,74.6811,68.578,37.7712,37.5531,88.0848,10.8441
1980,62.8867,79.6323,71.0141,37.9911,36.9398,84.4669,10.5697
2010,62.7065,74.6362,68.2933,38.7177,37.3074,88.6588,10.652
2040,62.5098,78.9774,69.8472,38.7564,36.7266,87.063,10.6153
2070,72.6798,95.246,81.8508,39.2199,38.0635,85.9897,11.4774
2100,73.9151,92.4853,82.978,39.1857,36.6955,88.162,11.7763
2130,73.0946,95.9941,82.6869,39.1535,37.2182,88.9144,11.5076
2160,71.9364,93.8298,84.3342,38.7413,37.5663,87.6515,11.4063
2190,71.6663,96.6203,84.3304,38.8646,37.2953,89.0753,11.6832
2220,72.3831,94.5138,82.7465,38.7374,35.7877,86.797,11.6327
2250,73.993,97.0096,82.3502,39.0997,36.2379,84.8979,11.5169
2280,73.053,92.1028,84.3761,38.3475,37.3262,87.2395,11.593
2310,72.6595,94.6492,81.6428,38.1802,36.8283,84.6548,11.3576
2340,72.9298,94.7689,83.2705,38.9131,36.8414,85.7435,11.6658
2370,71.5677,95.3295,82.4978,38.2002,37.8237,88.0259,11.5543
2400,72.8466,95.5786,84.043,37.6249,36.5156,87.5359,11.6688
2430,73.8487,96.1657,81.1391,39.0897,36.9343,88.366,11.5209
2460,72.9681,94.2029,81.2179,38.3047,36.7364,84.752,11.5859
2490,73.8611,94.482,84.0404,39.413,38.0663,86.0461,11.5556
2520,72.1042,92.8944,82.9682,38.7337,36.598,85.7141,11.5618
2550,77.7541,98.9511,87.0133,39.4172,37.6121,85.7211,12.1346
2580,76.3425,99.0832,87.1762,39.6727,36.8241,86.927,11.9573
2610,77.3139,99.4173,87.4941,39.261,38.0944,85.7288,11.8059
2640,77.4691,101.856,88.7527,38.5402,38.713,89.2133,12.1913
2670,75.8839,98.3147,88.8733,38.8106,37.2284,86.7539,12.02
2700,76.0415,101.33,87.9539,39.6179,36.9425,86.4324,12.1632
2730,76.1349,101.482,88.2035,38.2412,37.3176,86.6124,11.9009
2760,76.8637,98.2275,88.6351,39.0339,36.423,86.8966,11.9457
2790,77.3112,98.7277,89.3497,39.869,36.1143,86.6963,12.0401
2820,75.4147,102.496,87.6804,37.9689,38.177,88.6842,11.8921
2850,76.6567,99.6181,87.9491,39.9978,37.0918,85.1794,12.1836
2880,75.4002,101.919,87.618,38.258,37.4615,86.7074,11.8937
2910,75.537,99.2741,86.7824,38.7325,37.3422,88.5544,12.142
2940,76.6008,98.6503,89.0002,38.9103,36.1836,87.4612,12.0495
2970,75.3382,97.8831,87.8741,38.4895,37.9129,84.4711,11.7945
3000,76.954,99.5399,86.8593,39.959,36.5657,84.767,11.9532
3030,78.9115,98.5425,88.5779,39.3937,37.2946,86.021,11.9252
3060,81.5922,100.233,91.0143,39.6017,36.7978,85.5487,12.2957
3090,81.3074,103.378,92.0565,38.762,37.2031,86.1626,12.267
3120,81.833,102.567,90.7386,39.3101,36.1677,88.9889,11.9502
3150,83.6173,102.994,91.2671,39.2925,36.6517,88.7178,12.2894
3180,82.3061,102.884,90.5963,39.7595,37.3779,87.0431,12.0003
3210,83.56,102.587,90.9043,39.3073,36.8864,85.8202,12.2823
3240,84.1705,104.493,90.229,38.9536,35.5654,86.921,11.997
3270,85.8463,100.97,91.6773,39.7385,35.6084,87.0773,11.9798
3300,84.7307,105.402,92.2589,39.9075,36.1308,89.5912,12.3402
3330,87.3322,103.071,90.6242,38.3885,36.1201,89.1566,12.2069
3360,85.6324,101.479,92.6174,39.6932,35.8405,86.2742,11.7056
3390,85.285,103.749,92.0201,39.2793,35.1276,82.3359,11.5055
3420,83.6942,103.499,92.5775,39.5288,37.778,78.6261,11.523
3450,83.5682,105.436,92.1044,39.3725,36.639,74.0877,11.3913
3480,84.1379,101.323,91.3941,38.3192,36.2971,71.3499,10.947
3510,81.4242,105.959,91.3015,38.2777,35.28,68.8341,11.0954
3540,82.6144,101.782,89.4072,39.4027,35.5861,69.395,11.12
3570,81.014,101.113,89.4939,40.0078,36.1816,72.3237,11.1562
3600,80.1145,102.65,91.7571,39.9332,37.5935,73.416,11.2745
3630,80.7757,103.162,92.662,38.1792,36.0738,71.7939,11.0354
3660,78.9194,103.308,89.4073,39.2195,36.7709,75.0097,10.9857
3690,78.0522,100.978,90.1236,38.2768,36.711,74.0291,11.0615
3720,77.9992,102.952,90.6851,38.3977,35.4571,71.1443,11.0748
3750,78.9803,100.756,90.0551,38.9266,36.0631,75.5528,11.5437
3780,77.4773,105.378,89.8746,38.3028,34.9676,74.3605,11.6988
3810,77.648,104.729,91.4396,39.0546,36.3334,72.4219,11.7001
3840,79.0048,103.022,90.0964,38.0648,36.1725,73.6114,11.8739
3870,77.8103,102.843,92.089,39.1413,35.6916,73.8692,11.765
3900,78.3904,102.358,90.4021,39.4684,36.7808,74.3491,11.9999
3930,78.555,104.872,89.7072,38.6446,34.8146,75.7799,12.0724
3960,78.5744,103.829,92.1658,38.5933,35.9482,77.8476,11.7187
3990,78.136,103.311,91.3403,39.0342,35.9687,78.1583,11.9692
4020,77.1872,105.943,90.1164,39.1243,36.5495,76.154,11.8345
4050,76.7949,105.14,92.0097,38.5206,36.93,76.0076,12.1161
4080,62.4161,87.3552,72.2807,38.8175,37.6688,78.5477,11.7625
4110,62.0145,82.9001,73.9454,39.1014,36.4777,77.1209,12.0314
4140,61.862,84.3697,72.4926,38.2014,36.4992,82.1623,12.0499
4170,62.8898,82.7876,71.7148,38.26,36.3711,83.8328,11.8784
4200,63.5456,84.2942,74.42,39.8967,35.3122,87.2101,11.9097
4230,61.9556,86.9483,71.6188,38.2708,34.8599,94.7089,11.8531
4260,62.1691,83.7309,73.3212,38.2818,37.3328,98.2731,11.7995
4290,63.5743,82.7305,73.0392,40.1644,35.5745,99.0156,11.6623
4320,63.2045,84.1563,74.5481,38.0412,37.2672,99.7032,12.0893
4350,63.0246,85.9198,71.6124,40.0519,37.4774,98.5182,11.6994
4380,58.5212,83.1522,69.0595,39.7828,36.2689,97.397,9.62032
4410,58.7325,81.4846,70.6124,38.7588,34.7927,98.7894,9.6859
4440,59.2245,79.9469,71.3233,40.2694,35.7318,101.353,9.73115
4470,58.3643,83.5432,71.2085,39.8212,36.4052,101.47,9.24478
4500,58.3283,79.4464,70.8919,39.9946,36.7822,100.005,9.54097
4530,59.306,80.3027,71.3996,39.1928,35.8667,98.9178,9.67796
4560,59.6791,80.2406,71.1677,39.8901,37.316,100.886,9.6786
4590,59.9584,82.2048,70.5,39.3086,37.1638,99.7484,9.71677
4620,60.1562,80.4645,71.0233,38.3638,35.7237,100.656,9.58712
4650,60.1973,82.2561,68.926,38.595,35.5965,97.5389,9.53705
4680,60.6166,78.4918,69.6265,39.7299,36.2375,100.013,9.46821
4710,60.5103,80.1332,68.2794,39.8432,37.1916,100.64,9.57172
4740,60.668,81.6443,71.0194,38.5215,35.5552,101.461,9.6476
4770,58.8702,79.2253,68.4466,38.6661,36.2044,101.274,9.59264
4800,58.704,80.1288,69.7698,40.2508,35.5443,99.041,9.45444
4830,59.1756,81.0054,68.9862,38.6738,36.378,101.638,9.25617
4860,59.6326,82.7252,69.0786,39.3906,35.4085,98.9649,9.55611
4890,58.9747,81.1868,71.3652,38.185,37.2177,100.784,9.69642
4920,58.4373,79.8209,71.2672,39.4633,35.6425,97.1912,9.60192
4950,60.215,80.1057,68.2496,39.9844,36.7553,101.331,9.66515
4980,53.5283,70.1521,62.2637,38.2722,36.6629,100.609,8.18911
