Time,FC,PAS,PAM,PAD,temp,SpO2,FR
-1,85,134,99,74,37.0891,99,18
0,93.5,147.4,108.9,74,36.5699,99,19.8
30,94.6195,150.105,110.944,74,36.0506,99,20.14
60,93.0211,145.276,108.612,74,35.5314,99,20.0381
90,92.7239,145.769,109.775,74,35.0121,99,20.2688
120,93.0993,146.206,108.552,74,34.4929,99,19.6221
150,94.9472,144.643,106.504,74,33.9736,99,20.0646
180,95.4363,149.265,109.637,74,33.4544,99,20.0927
210,94.1307,147.491,106.224,74,32.9352,99,19.768
240,95.0081,147.241,110.236,74,32.4159,99,19.6651
270,93.3073,150.052,109.993,74,31.8967,99,19.9816
300,92.1683,145.295,110.579,74,31.3774,99,20.1188
330,91.3601,143.941,109.314,74,30.8582,99,19.989
360,102.511,147.077,118.221,74,30.3389,99,19.6502
390,104.728,146.381,121.608,74,29.8197,99,19.576
420,100.572,145.962,106.91,74,30.146,99,19.8371
450,103.374,148.224,111.335,74.74,30.7739,99.99,19.753
480,95.3791,151.553,107.656,75.5924,31.7018,100.741,19.905
510,95.5173,147.696,112.027,73.5199,31.4957,98.5475,20.207
540,95.5474,147.446,107.647,75.5632,30.9963,97.8469,20.0823
570,90.8589,116.633,90.1698,59.336,32.0207,91.0122,19.3207
600,91.6157,119.343,87.1697,59.8776,31.7712,87.0019,18.2936
630,91.826,119.566,88.4521,57.8696,31.959,86.975,18.3928
660,87.9397,121.378,89.4704,58.3035,33.3199,82.5691,17.4473
690,91.578,115.523,87.6192,59.4302,33.0508,76.561,17.682
720,87.4336,107.721,74.5377,53.0269,33.524,75.1063,16.9869
750,77.0422,98.7941,48.9351,49.8394,33.4584,68.8514,16.2762
780,73.6089,98.2521,49.6543,51.2069,34.9467,99.2662,16.2291
810,74.8453,98.526,48.1921,49.0375,34.5965,92.7947,15.1343
840,71.3471,100.945,69.4427,66.4984,34.5565,92.7028,14.8034
870,71.7959,100.945,72.6173,64.2633,35.5938,85.7509,14.809
900,72.8536,97.7448,70.4363,64.3355,36.2237,81.934,15.4472
930,73.1831,99.1282,73.1478,66.3809,35.9615,77.357,14.4743
960,74.0996,130.436,69.4225,66.1442,36.9465,78.3917,15.3357
990,75.0624,128.479,92.0887,67.0455,37.0031,74.2848,14.7951
1020,74.6919,131.637,93.2436,63.9335,36.7522,74.82,14.5792
1050,76.0155,132.771,93.9193,66.0347,37.0569,70.2868,15.0925
1080,75.1808,121.361,78.7657,60.2939,37.1326,67.3049,14.8178
1110,82.069,124.578,85.4054,53.5693,36.6069,62.5154,16.0143
1140,79.2035,121.981,85.9844,56.5025,36.7478,60.5862,16.9662
1170,77.6644,122.993,89.9505,56.3439,37.2865,56.3602,16.4872
1200,79.0708,120.502,84.7474,54.6198,36.2968,52.0553,16.8134
1230,93.1987,144.043,103.171,53.8483,36.688,46.8125,19.8934
1260,81.4724,141.796,86.5911,54.2534,36.7536,44.2813,19.7886
1290,82.083,138.22,91.1558,53.5702,37.9403,43.7019,20.5627
1320,81.7948,141.491,87.3581,54.393,36.274,40.4218,20.3211
1350,69.1555,113.83,79.6866,54.706,36.4675,41.1666,15.5049
1380,70.8047,112.247,80.7379,56.8482,36.7875,42.6273,15.188
1410,92.093,139.111,102.024,54.4112,36.7449,39.8249,19.3944
1440,98.7683,149.918,110.203,56.5747,37.5657,41.052,20.8777
1470,104.273,158.379,116.486,57.0574,37.0484,39.3394,21.6844
1500,103.472,156.76,116.974,53.9517,36.2287,40.8295,21.4261
1530,83.375,124.946,93.1872,53.85,36.281,40.9083,17.6794
1560,83.4893,128.094,95.7878,56.3097,37.0709,43.0708,17.919
1590,82.93,125.543,96.0052,54.2547,37.453,41.1372,17.4975
1620,82.6464,127.331,94.8833,57.1859,37.4795,40.6149,17.4507
1650,73.1953,109.947,79.3328,54.7031,36.9707,41.2764,15.2175
1680,71.0846,109.108,81.1523,53.9296,36.1243,41.8851,15.4462
1710,71.0171,105.645,79.4913,53.4684,36.4453,40.6136,14.7717
1740,67.966,108.083,78.9728,54.7443,37.4901,44.1494,14.8997
1770,70.9946,104.978,79.4107,55.4348,37.0045,43.0324,15.4191
1800,75.2317,121.567,86.4244,56.3627,37.0215,40.3018,17.0225
1830,63.0648,94.029,71.7986,54.7021,37.1735,41.226,16.4537
1860,64.4506,93.4208,70.4863,53.4768,37.6168,44.5202,16.4673
1890,63.5551,96.0382,71.2493,55.0462,37.4783,40.6427,17.0731
1920,61.9294,96.0308,71.9249,55.6355,37.2678,40.4024,16.48
1950,61.4858,91.6505,68.9515,53.6983,37.1895,40.1113,16.5153
1980,61.7755,92.584,71.4648,54.931,37.2552,41.2234,16.5173
2010,63.2606,91.7243,71.5487,55.3648,35.8341,42.0077,17.0543
2040,64.1354,94.5201,72.3195,54.8123,36.518,43.347,17.0642
2070,60.4538,96.1404,69.1762,55.5066,35.8093,42.6724,16.731
2100,63.4495,94.7166,67.5708,54.1944,37.5166,43.5131,16.7097
2130,76.8731,112.501,87.772,55.2035,36.1612,43.4947,17.3546
2160,74.4071,113.63,87.3625,54.0326,37.1303,43.8292,16.8926
2190,73.9639,116.098,84.9257,54.7272,36.2941,43.6515,17.2649
2220,74.879,114.841,85.1364,53.8753,37.4518,42.36,16.6848
2250,77.7632,114.176,87.2834,55.9137,36.1453,44.252,16.502
2280,75.6118,116.939,82.9945,56.2457,37.106,39.9011,17.2769
2310,75.9287,118.373,84.6809,56.1529,36.2233,44.1958,16.4384
2340,76.3658,117.087,87.5567,57.1478,37.4154,42.0645,16.4768
2370,77.8356,119.397,84.6368,56.6219,35.966,41.3487,16.8822
2400,75.4262,113.775,85.8366,56.9957,37.0786,43.4777,17.0714
2430,76.137,117.855,85.6444,54.0223,36.6006,39.8718,17.2492
2460,77.5575,118.871,87.472,55.389,36.5167,44.2273,16.8826
2490,75.6187,114.794,85.7025,55.044,36.0571,39.8848,16.6491
2520,75.5344,114.692,86.6293,56.9387,36.451,41.8541,17.2572
2550,74.6891,113.378,85.5382,56.8397,37.1293,40.6658,16.4336
2580,75.3266,113.666,87.4459,54.6244,35.5943,44.1247,17.2059
2610,76.0382,117.831,84.2439,53.7215,35.6003,44.5105,16.8714
2640,74.8807,119.354,86.5708,56.6115,35.9571,42.534,17.1665
2670,76.9855,119.343,85.8773,53.8829,35.6246,40.8814,17.4206
2700,77.9787,115.155,82.6344,55.1568,36.4919,44.6345,17.1806
2730,71.2973,111.004,80.0787,54.438,36.5134,44.1649,15.1343
2760,74.0112,119.544,94.3568,61.935,36.8646,42.3815,15.7165
2790,73.4809,122.665,93.3503,65.7158,37.3169,40.8072,15.7959
2820,76.4044,125.264,94.8006,63.0331,36.9179,44.1368,15.3785
2850,77.6902,128.35,91.0837,66.4663,36.6686,43.1905,15.0666
2880,77.8606,126.262,92.3409,66.0937,36.1136,40.4164,15.7617
2910,78.0972,126.899,93.6633,63.3828,36.7284,40.7089,15.8336
2940,81.8227,125.009,94.3049,65.7802,36.9064,42.646,15.7372
2970,82.0119,125.418,91.5359,66.2798,35.9372,41.6296,15.7718
3000,84.5315,122.524,95.4297,63.3582,36.5333,41.41,15.8885
3030,85.4403,125.467,94.4164,63.0297,35.5854,41.6962,15.0737
3060,85.3219,126.514,90.4127,64.5124,37.1715,43.5723,15.1141
3090,85.8921,124.975,95.499,63.8998,36.8388,40.7287,15.0838
3120,88.1828,126.834,95.5224,66.2678,36.4771,44.3561,15.9352
3150,84.6998,124.697,95.3513,63.2024,36.577,43.2593,15.0254
3180,88.4966,123.696,91.5353,64.654,36.4378,44.4135,15.812
3210,88.4562,130.57,90.6941,63.789,35.7793,51.7505,15.4159
3240,85.9952,124.694,93.8746,62.9944,36.5153,53.1337,15.8377
3270,88.231,127.89,96.562,64.5471,35.9284,57.8289,15.2979
