Time,FC,PAS,PAM,PAD,temp,SpO2,FR
-1,47,112,75,63,36.6782,99,11
0,51.7,123.2,82.5,63,36.1647,99,12.1
30,51.8397,124.806,82.8828,63,35.6512,99,11.9589
60,52.3935,122.865,83.5461,63,35.1377,99,12.1898
90,50.6219,122.017,83.5269,63,34.6242,99,12.3123
120,51.5178,124.83,83.3707,63,34.1107,99,12.025
150,51.4431,120.555,81.4624,63,33.5972,99,12.2968
180,52.6935,123.881,82.8589,63,33.0837,99,12.0357
210,52.3303,120.692,83.8958,63,32.5702,99,12.2959
240,50.7897,120.39,80.985,63,32.0567,99,12.0315
270,52.3404,123.54,81.0661,63,31.5432,99,12.0481
300,52.5655,123.204,82.4332,63,31.0297,99,12.1244
330,52.7563,122.664,81.0639,63,30.5162,99,12.0845
360,57.9822,124.031,90.8793,63,30.0027,99,12.1164
390,57.1141,121.852,90.8951,63,29.4893,99,12.2183
420,55.8722,125.816,81.4759,63,29.7396,99,12.0103
450,57.8905,122.742,84.7647,63.63,30.2874,99.99,11.9918
480,51.7536,123.719,83.9826,62.7208,30.9763,101.554,12.3471
510,52.7319,123.153,83.7283,63.054,31.3187,97.5867,12.1912
540,51.5127,126.815,84.2735,65.0629,31.1419,98.6499,12.0652
570,51.7445,101.545,67.964,49.7317,30.6027,94.7209,11.5767
600,49.8496,100.439,66.3012,49.8927,31.9473,91.6412,11.1125
630,50.8101,98.071,65.3449,49.8087,31.1533,91.3265,11.2334
660,50.1864,98.3519,66.5136,49.0474,31.6283,87.5025,10.954
690,48.6093,98.7822,65.8269,50.0082,31.4456,88.799,10.5623
720,47.2778,86.2291,63.0544,43.1098,31.977,82.8957,10.1671
750,40.5469,83.3648,37.7754,43.4746,32.0887,81.5422,9.95967
780,41.2042,85.7545,38.4639,41.2656,32.3859,98.7979,9.64342
810,39.7092,84.2658,38.2407,44.2056,33.2757,95.5893,9.63975
840,38.9941,84.0699,38.6827,54.9726,33.8168,98.0461,9.28024
870,38.6146,85.8997,39.3062,55.9693,33.2207,92.2959,8.88066
900,40.3193,80.8921,39.2274,56.5963,33.6507,90.3422,8.77906
930,39.5119,80.8761,38.5794,54.3914,33.6586,88.5502,8.87758
960,40.2049,107.923,53.5743,55.2117,34.2687,92.4868,8.92191
990,40.974,110.623,71.5351,55.8701,35.728,88.5521,8.52134
1020,40.8495,106.466,72.1155,56.6424,35.2736,87.2887,8.7881
1050,42.6789,107.221,73.2342,54.6195,35.6986,85.9879,8.58743
1080,40.7375,92.0511,67.0503,47.0643,36.5754,86.0049,8.86538
1110,41.5025,97.5693,70.9769,46.4269,35.7364,80.7939,9.75027
1140,41.7272,97.131,71.4412,46.5399,36.3993,80.1906,9.31372
1170,43.9942,99.5187,70.2894,47.9836,35.8937,78.2775,9.80864
1200,42.902,100.194,68.1791,46.6083,36.5196,77.9902,9.66801
1230,50.9817,119.937,82.9723,46.9851,37.3176,73.9203,11.7125
1260,45.8154,91.6071,70.6041,46.0909,37.2854,72.2352,11.5635
1290,46.0878,93.4587,70.7386,48.9542,37.0241,74.1159,11.7793
1320,43.7343,91.8366,71.4535,48.244,38.2843,72.4204,11.9871
1350,38.1965,88.4393,63.8409,47.5128,38.5621,74.1057,9.25099
1380,38.3087,87.7888,63.0456,46.4918,38.1558,72.8285,8.88587
1410,50.9751,118.594,81.7376,48.7343,38.2526,73.8101,11.6096
1440,55.2786,130.508,89.0687,48.3953,37.6468,69.5779,12.499
1470,55.6786,133.998,92.0536,47.2267,39.066,70.2607,13.098
1500,56.9491,130.583,93.2446,48.7858,37.8673,70.8072,12.5952
1530,46.641,109.742,74.485,48.0123,38.9521,74.4506,10.3947
1560,45.6728,109.112,74.7752,46.0602,38.6352,69.7025,10.5632
1590,47.1269,103.873,74.5618,46.2098,38.5696,74.5621,10.369
1620,46.421,104.408,74.8932,46.8464,37.7162,71.4883,10.1823
1650,39.4049,91.6942,63.1629,47.0101,38.2447,73.6859,8.56518
1680,38.3935,91.3378,63.101,48.7442,38.3126,70.465,8.96723
1710,38.0593,87.3841,63.9624,46.8318,37.4674,71.3182,8.63116
1740,39.5316,88.1361,64.471,47.696,37.8274,72.4047,8.91728
1770,38.8245,91.7843,61.0391,46.5961,37.8908,72.5964,8.7388
1800,43.5973,97.5001,69.0375,47.3161,37.1315,71.5828,9.49259
1830,33.8689,78.7924,54.0156,48.9767,38.0423,71.1539,9.44458
1860,34.0145,79.2481,55.5164,47.6259,38.3791,73.5955,9.35182
1890,32.3067,77.3072,52.7219,48.0781,38.8613,71.0194,9.83364
1920,33.1844,80.5343,54.7797,46.962,38.7751,71.0902,9.75814
1950,34.7564,79.2526,53.335,47.5969,38.6177,72.8488,9.59044
1980,33.1351,80.9426,55.978,45.933,37.3812,72.8944,9.62102
2010,34.6243,77.7624,55.5562,48.8615,37.7215,73.9757,9.66022
2040,33.1083,82.2036,54.9844,48.1419,38.093,70.7918,9.31025
2070,33.5891,78.2473,56.2044,47.2814,38.3993,70.5188,9.26724
2100,33.8616,80.1354,54.7749,48.9357,37.5798,71.9934,9.87072
2130,41.3143,99.2375,67.5247,47.1306,37.2015,71.7178,9.70596
2160,41.3018,93.9205,65.1371,48.5821,38.7779,73.1115,9.8455
2190,41.5023,97.9863,67.8159,46.1753,36.9485,72.8594,9.82794
2220,42.0407,97.319,67.405,47.0897,37.289,70.6232,9.71232
2250,41.3559,96.3511,66.6082,46.0083,37.5548,74.8815,9.76734
2280,41.2296,95.0718,68.4344,45.8518,37.4655,74.1994,10.0142
2310,40.7274,95.976,66.9496,48.6867,37.0514,70.6607,10.0959
2340,40.1672,97.4994,67.3841,48.6622,37.2857,70.6894,9.66018
2370,41.0894,94.694,67.7505,48.9298,38.0185,75.156,9.50504
2400,42.6578,99.4412,67.0713,47.3809,37.167,71.5601,9.78523
2430,41.2685,94.0044,66.5406,48.4231,37.6786,74.1006,9.91906
2460,41.4628,99.0769,68.0023,48.0105,37.7379,71.4151,9.83572
2490,41.9561,95.7004,68.5877,46.4315,37.7693,72.5716,9.58572
2520,40.3512,96.5056,65.8393,46.3904,37.5247,73.3964,9.88791
2550,41.541,99.3249,65.6837,46.1654,38.594,72.5624,10.0437
2580,41.1816,95.1527,67.6484,45.9792,36.9949,71.7363,9.92955
2610,41.6946,97.0308,66.3087,47.1139,38.39,70.8197,9.84485
2640,41.1,97.3358,68.1445,47.8089,36.852,74.7003,9.96951
2670,41.2428,96.9747,66.9338,46.1363,37.5528,73.0401,9.60775
2700,41.1719,93.805,65.5366,48.8762,37.2465,73.7298,10.0851
2730,38.4721,86.9849,63.5991,46.2788,37.7279,75.0957,8.83114
2760,40.6297,102.373,66.0056,56.4378,37.9829,74.2515,8.85552
2790,43.5776,106.232,71.9537,54.4679,37.1551,74.0089,8.75694
2820,43.4066,103.814,72.9371,54.2449,37.3438,73.5061,8.62696
2850,43.2966,104.051,71.0891,54.1203,37.3318,74.2544,8.70885
2880,44.1466,106.738,73.6969,55.1589,38.2498,74.3483,8.80374
2910,43.2312,105.785,74.4078,55.098,37.2188,71.4511,9.01741
2940,43.3234,101.795,70.9841,54.986,37.1686,73.4755,8.94904
2970,43.6927,103.728,73.5485,55.2552,37.7702,74.346,8.9721
3000,41.9341,105.955,74.1491,54.0848,37.2747,73.1517,8.95199
3030,42.7364,104.726,74.545,56.9866,36.5592,74.3933,8.89326
3060,43.0468,102.791,71.3784,54.1195,36.6005,71.2718,8.92115
3090,43.1912,107.907,71.0906,54.5529,36.7269,73.9348,9.0456
3120,44.3949,106.226,72.078,53.8542,36.7872,70.6685,8.68929
3150,43.7777,107.067,73.6176,53.99,36.5757,72.8138,8.66306
3180,42.4106,105.03,73.028,55.9007,37.2164,73.0327,9.32988
3210,43.4973,107.683,72.0653,54.0408,37.5826,71.3068,9.30175
3240,44.2955,108.873,75.171,56.2981,37.3906,71.2271,9.84271
3270,44.0945,104.571,74.7696,55.3755,38.1799,72.5463,9.93652
3300,42.4521,110,74.4973,54.8277,36.4734,70.3134,10.4253
