Time,FC,PAS,PAM,PAD,temp,SpO2,FR
-1,88,133,90,77,36.6812,100,16
0,96.8,146.3,99,77,36.1676,100,17.6
30,96.0746,143.165,98.426,77,35.6541,100,17.995
60,96.1414,145.463,98.1561,77,35.1405,100,17.5536
90,98.4937,148.654,99.5412,77,34.627,100,17.3266
120,97.5434,147.55,97.3279,77,34.1135,100,17.9075
150,96.6359,146.834,97.316,77,33.5999,100,17.7381
180,96.2757,143.031,100.126,77,33.0864,100,17.5845
210,97.8869,143.684,100.817,77,32.5729,100,17.6627
240,96.8065,145.152,98.476,77,32.0593,100,17.5523
270,95.8319,149.853,97.1071,77,31.5458,100,17.2335
300,95.8883,148.783,99.7697,77,31.0323,100,17.4755
330,95.0012,146.78,98.5574,77,30.5187,100,17.3264
360,105.517,143.132,108.016,77,30.0052,100,17.883
390,107.638,147.188,107.201,77,29.4917,100,17.5982
420,97.3633,142.884,108.78,77,29.8329,100,17.915
450,98.3271,148.522,109.838,77,30.1742,100,17.9277
480,98.3948,145.588,98.6981,77,30.5155,100,17.3873
510,97.3322,145.782,99.4727,77,30.8568,98.3592,17.5168
540,97.7169,147.411,101.262,76.3725,31.1981,92.8566,16.7867
570,94.4844,119.879,81.4289,60.9796,31.2274,90.5748,16.762
600,90.8188,117.28,78.6582,63.0778,31.5687,86.548,15.7991
630,95.211,115.2,82.1107,61.0606,31.2917,83.7402,15.8475
660,93.3196,115.551,81.5609,62.8489,31.6003,84.0048,15.7682
690,81.0129,103.079,75.4823,58.636,32.1031,78.0898,15.3905
720,74.4744,97.4009,44.6319,53.4057,32.5492,77.191,14.6436
750,74.8845,100.847,43.3787,53.8966,33.962,95.3836,13.8732
780,71.5703,102.04,42.6533,52.5499,32.9751,93.8643,13.9811
810,73.3295,98.0367,45.5716,50.8506,33.9973,88.0188,13.3761
840,69.852,130.235,65.0574,66.4874,34.1077,87.8556,13.153
870,71.9148,126.764,66.1481,69.1483,34.7469,81.538,13.8377
900,68.9782,131.978,66.7298,67.6919,34.8026,82.5654,13.2048
930,71.4066,129.995,64.8488,67.5884,34.8514,80.072,13.0181
960,76.1543,130.463,86.8127,66.3251,35.9761,78.9661,12.8551
990,76.8882,129.385,85.628,67.5626,36.3174,76.1535,12.6737
1020,76.8671,125.98,87.0602,69.0617,36.6587,72.5393,12.7664
1050,70.1035,106.685,80.5725,62.9559,37,69.6811,12.4858
1080,79.1119,115.899,81.9886,56.4985,37,64.4279,14.1197
1110,76.8174,117.96,81.6495,58.8686,36.3929,63.4924,13.8961
1140,79.4385,115.858,81.7723,58.8824,37.5594,59.0303,13.8908
1170,75.3688,117.361,82.7064,58.7049,36.2221,59.8261,13.633
1200,80.2371,118.476,82.1384,58.7494,36.5607,57.1502,14.0642
1230,80.3325,120.445,84.7941,57.8032,37.8903,51.1045,14.2071
1260,72.2371,109.501,76.8594,56.4444,37.4878,49.1305,12.7066
1290,69.7354,109.907,73.6184,58.8823,37.5459,51.6692,12.5419
1320,72.2551,107.353,77.1345,57.4712,37.1162,52.1865,13.1367
1350,69.9558,108.498,74.4245,55.6462,36.9438,51.8639,12.8488
1380,88.1949,137.879,95.334,56.5724,37.7942,51.8125,16.8674
1410,91.6199,137.065,98.6621,58.879,36.1191,51.335,16.6937
1440,90.6677,140.596,95.6108,58.5136,36.9876,51.6029,16.4221
1470,92.9841,140.238,98.5295,55.9539,36.2799,51.9722,16.5363
1500,89.5312,140.743,96.5849,57.3471,36.2552,52.0233,16.5703
1530,89.5794,139.794,95.7107,57.1753,36.9748,52.7101,16.3242
1560,92.2543,139.174,97.4428,55.6863,37.1094,52.7736,16.8468
1590,89.5377,142.174,96.1883,57.6414,36.6453,52.6862,16.7351
1620,92.4087,138.287,96.5476,57.4413,37.3054,52.9106,16.7838
1650,88.878,137.46,97.2452,58.7423,36.185,52.7277,16.7115
1680,89.9197,139.323,97.5395,57.9215,36.748,52.6272,16.8424
1710,92.3314,138.705,96.7333,58.2718,36.329,52.1991,16.702
1740,91.1532,137.924,95.358,56.0449,36.3478,51.8981,16.4238
1770,89.6658,142.494,96.8895,56.0595,37.3406,52.2007,16.7539
1800,92.7743,139.86,96.8679,55.585,36.2949,52.4296,16.8279
1830,92.1722,139.368,96.3884,58.6087,37.3253,52.0423,16.5607
1860,88.5408,141.005,96.076,57.0572,37.3481,52.6383,16.2631
1890,92.2237,140.477,98.7063,56.3089,37.6616,52.79,16.2734
1920,89.8999,140.542,97.0011,56.7724,36.1917,52.4412,16.8787
1950,93.5493,139.336,97.6804,57.4123,37.0712,52.1534,16.7114
1980,103.172,149.656,105.213,57.5378,37.3947,52.3032,18.0318
2010,100.776,151.417,106.09,58.273,36.3145,52.5692,17.9919
2040,98.4172,154.686,107.124,56.3133,36.754,52.7641,17.8174
2070,97.6938,154.057,107.318,57.8665,36.1158,52.5185,18.1251
2100,102.426,154.33,106.118,56.6069,36.4317,52.9602,18.1665
2130,97.6706,149.86,107.888,56.8685,37.3483,52.2047,18.291
2160,100.508,152.534,104.412,57.3311,36.6102,52.0934,18.2881
2190,101.608,152.791,104.467,58.93,36.3045,52.6614,18.3775
2220,101.148,151.867,104.207,57.8664,36.7155,52.6622,18.3164
2250,101.649,153.889,104.028,57.0591,36.1454,52.8353,17.987
2280,98.2525,151.87,107.038,57.6951,37.2107,52.4964,17.8225
2310,99.0189,150.42,106.36,56.2631,37.6605,52.4654,18.4085
2340,101.075,149.356,104.111,56.4232,37.3417,52.9043,18.3613
2370,100.394,154.793,107.752,57.7909,37.4009,52.1576,18.3462
2400,98.8383,152.923,106.897,56.4537,36.3097,52.8045,18.3446
2430,100.727,151.915,105.869,58.3885,37.8043,52.3822,17.8975
2460,101.539,150.598,104.521,55.9337,36.2467,51.9171,18.1593
2490,75.4844,111.554,76.9419,57.7671,37.4185,52.1839,13.3822
2520,73.7507,111.153,78.1658,58.9187,36.4608,52.5266,13.0487
2550,73.2986,112.681,75.4223,58.6911,36.2616,52.133,13.423
2580,72.8512,114.192,78.1857,57.3263,37.8371,52.1996,13.0708
2610,75.5849,112.438,77.645,57.1743,37.7256,52.2111,13.4871
2640,74.76,111.967,78.4413,58.6616,36.2723,53.021,12.9711
2670,71.5853,109.284,75.3942,58.0513,36.6974,52.8324,13.0946
2700,74.9296,114.48,76.6201,57.8425,36.518,52.5465,13.2834
2730,71.8123,109.745,75.863,57.1782,36.2473,52.3628,13.1508
2760,75.7995,109.214,79.2456,57.53,36.1273,51.9307,13.2689
2790,73.9291,109.346,76.1332,56.3497,36.3549,52.9859,13.2926
2820,82.4682,116.687,81.6316,57.8428,36.431,52.68,13.9845
2850,81.3321,116.776,84.0201,56.9754,36.8794,51.957,14.3548
2880,82.5122,118.212,81.3392,56.7746,37.1515,52.1552,14.3833
2910,83.6406,116.999,82.2709,58.0446,36.8264,52.723,14.4002
2940,84.2628,119.277,82.5295,57.2484,37.6718,53.0005,13.8723
2970,83.2081,119.13,82.4077,57.166,37.6541,52.4569,14.3525
3000,84.901,118.7,83.6217,58.317,36.1104,52.0427,13.8724
3030,86.1785,117.579,80.7514,56.1992,37.2547,51.152,14.0943
3060,84.2091,117.685,84.0333,57.5646,36.1256,49.4414,13.2649
3090,86.6689,118.171,81.3609,58.7711,36.2274,48.3091,13.1997
3120,86.1318,117.398,81.5703,56.2519,37.7119,46.0005,12.664
3150,85.3044,117.334,81.0685,57.2274,37.3557,44.7051,12.8303
3180,82.4519,115.696,82.8721,56.7753,36.8946,43.4307,12.7252
3210,82.2635,116.051,80.4594,56.723,37.1476,41.6516,12.0063
3240,82.2753,116.789,83.1934,57.5533,37.1372,39.7722,12.0694
3270,80.8132,117.046,83.7165,56.7371,37.1951,41.6662,11.9273
3300,78.7351,120.656,81.3509,57.1434,37.1501,41.3023,12.029
3330,78.5846,115.353,84.2176,58.4082,37.8837,41.8385,12.4336
3360,77.2102,120.31,82.3611,57.0412,36.2923,42.0147,12.2881
3390,80.1679,120.23,81.2009,58.7615,37.2219,45.9822,12.2651
3420,72.0077,106.013,76.4655,57.4809,37.8377,44.4639,10.9475
3450,80.1349,127.455,81.6085,62.8965,37.4783,48.0876,11.5915
3480,80.8936,123,87.6547,67.6958,37.6293,47.2373,11.7463
3510,81.7163,124.776,89.1722,67.7312,36.2935,49.0627,12.3585
3540,80.8929,128.501,89.327,65.6643,36.0992,53.428,12.7281
3570,81.7472,128.542,88.8056,66.6437,37.3475,53.0835,12.803
3600,79.8067,122.986,88.9918,65.5406,36.1824,54.6257,13.5236
3630,81.4934,126.471,86.2331,67.8827,37.765,54.5789,13.3556
3660,78.2512,125.176,87.0014,67.5812,36.6497,57.067,13.525
3690,79.339,124.089,88.5256,65.9008,36.335,59.6485,13.4194
3720,81.2317,123.367,85.5103,65.8561,36.293,62.6513,13.2465
3750,78.7846,125.532,87.1036,65.1465,36.1459,62.6933,13.4924
3780,81.6946,128.145,87.7239,68.3294,36.5426,60.8174,13.4003
3810,80.2379,125.392,88.3397,67.9851,37.2338,66.2576,13.0953
3840,81.0011,123.857,89.2604,66.9709,36.5548,66.7384,13.4619
3870,79.5396,128.923,86.6124,66.816,36.8835,73.3461,13.3317
