Time,FC,PAS,PAM,PAD,temp,SpO2,FR
-1,101,167,129,101,37.4389,95,21
0,111.1,183.7,141.9,101,36.9147,95,23.1
30,112.065,185.103,140.373,101,36.3906,95,23.623
60,111.047,183.452,142.667,101,35.8664,95,23.1151
90,111.462,179.62,139.644,101,35.3423,95,22.848
120,111.462,180.741,143.888,101,34.8181,95,23.1766
150,110.506,180.668,144.092,101,34.294,95,23.5938
180,108.811,180.48,142.476,101,33.7698,95,22.928
210,110.131,184.776,144.193,101,33.2457,95,23.6622
240,110.804,187.628,138.662,101,32.7216,95,23.4765
270,113.369,182.587,138.386,101,32.1974,95,23.1753
300,109.75,179.302,143.56,101,31.6733,95,22.7647
330,113.841,185.597,140.893,101,31.1491,95,23.0825
360,124.849,182.816,153.172,101,30.625,95,23.06
390,123.804,186.299,155.237,101,30.1008,95,22.7624
420,123.08,182.057,156.596,101,33.5504,95,22.7692
450,121.922,183.388,155.666,102.01,37.3355,95.95,23.8015
480,111.407,188.758,140.776,101.134,37.437,95.8443,23.7931
510,113.098,189.762,145.805,99.678,36.6336,100.492,23.1881
540,111.556,183.861,141.076,104.168,36.698,98.8442,22.4387
570,111.594,150.735,113.965,83.2398,37.8636,96.7852,21.7985
600,107.449,148.654,111.711,81.2048,37.7246,95.4453,21.1184
630,109.507,152.725,115.506,79.7286,36.2808,91.6701,21.3607
660,107.403,151.026,114.807,81.2081,36.9465,92.1805,20.4594
690,104.636,148.999,112.469,79.5553,36.4608,89.1464,20.1487
720,100.323,125.118,102.846,69.6613,36.3708,85.8834,19.6582
750,86.0028,129.989,60.7476,66.186,36.6311,84.6389,19.359
780,87.3784,121.397,58.1459,67.4686,37.6788,92.9193,18.8467
810,82.7921,127.321,58.8868,66.5294,36.5907,92.4346,18.4346
840,87.4758,126.364,61.362,66.7339,38.0881,87.4679,17.695
870,84.8709,128.501,61.7983,66.6934,36.9273,86.8464,17.631
900,86.6272,123.369,92.0937,87.9016,36.9296,85.7352,17.6624
930,81.0317,124.305,88.816,88.3414,37.9383,85.0195,16.7806
960,81.9686,161.956,86.091,90.9495,37.1563,86.3393,17.5481
990,87.0644,163.821,115.096,87.7143,38.0962,86.9472,17.0447
1020,90.1338,157.845,114.859,89.8174,37.7064,81.6143,17.6032
1050,88.8317,161.173,118.915,89.2475,38.5646,80.423,17.5739
1080,85.1255,139.844,111.65,76.686,37.4683,78.1094,17.2004
1110,90.0709,148.068,109.71,76.5228,37.1719,77.0385,19.2671
1140,92.233,144.507,111.221,75.7255,37.0992,76.1479,18.4139
1170,90.6791,148.132,117.087,73.3818,38.4982,75.7157,18.9047
1200,92.0595,151.396,112.367,74.5713,37.8816,72.2408,19.3589
1230,112.306,179.176,135.54,74.851,38.0459,71.6608,23.6887
1260,97.5002,162.264,120.948,76.2611,37.9438,72.729,22.6793
1290,96.957,159.586,116.03,74.5402,38.121,66.9672,22.9105
1320,96.0937,163.048,120.996,74.9644,37.6151,67.1825,23.2743
1350,85.7176,135.546,103.279,77.3641,37.8208,70.9988,17.3147
1380,80.8015,135.542,99.7211,78.056,38.4343,70.6078,17.7885
1410,105.319,177.594,131.719,74.0025,36.869,70.2437,22.4223
1440,116.754,194.693,145.048,74.6297,37.6085,68.8552,24.5128
1470,122.201,199.032,146.619,77.3776,38.2789,70.0534,25.362
1500,119.029,199.213,150.862,75.8311,38.3014,70.5352,25.1693
1530,98.3585,161.1,124.95,74.0492,37.2592,69.54,20.2301
1560,95.8894,158.243,122.734,73.3587,38.5734,68.5828,20.2158
1590,96.6744,162.671,124.266,74.7191,37.1018,67.2971,19.9944
1620,94.0704,162.25,122.832,75.07,37.0406,69.0672,20.8724
1650,85.8329,133.52,101.764,76.8615,37.8292,68.3782,17.928
1680,84.2455,136.342,98.5169,74.2086,38.3872,71.1957,16.8798
1710,84.4205,130.479,101.127,74.9964,38.0852,68.9208,17.3641
1740,84.7528,132.705,102.935,78.2226,38.4353,69.1479,17.0229
1770,79.6088,136.406,98.7356,73.9671,38.1383,69.4597,17.615
1800,88.6869,149.486,112.393,74.768,37.254,71.247,18.9277
1830,69.9414,119.112,89.7517,74.0844,37.8114,67.944,18.9512
1860,70.8876,117.598,85.3516,75.1334,37.9415,71.1595,18.7675
1890,72.5892,115.02,89.634,77.399,38.1544,71.2095,19.4664
1920,72.3947,115.713,90.6206,73.5766,38.1099,69.4994,18.7852
1950,69.3625,115.861,90.9568,75.3514,38.0305,69.6047,19.0312
1980,71.0564,118.908,84.9179,77.5178,38.326,68.0597,18.6086
2010,72.5743,122.11,88.6397,75.0696,36.592,68.1275,18.5674
2040,73.7552,122.336,85.271,75.879,36.7638,71.4703,19.0357
2070,74.2712,116.289,91.6994,73.8141,37.4101,70.7862,18.9703
2100,70.0607,115.18,85.0493,76.8393,37.7869,67.8763,18.9931
2130,88.2354,141.47,109.933,74.9206,36.7001,68.466,19.4318
2160,85.0496,142.73,110.771,78.3656,36.986,71.7187,19.2434
2190,86.6754,146.194,104.804,75.0328,38.2995,71.9984,19.1741
2220,87.1448,145.419,111.77,77.0532,37.9072,72.1901,19.164
2250,87.1812,140.21,111.858,73.9187,36.9743,70.5751,19.1724
2280,86.6869,147.421,105.144,75.989,36.8194,71.7987,19.2682
2310,87.2148,146.823,104.507,77.7564,37.3831,67.7922,18.9153
2340,87.407,139.681,109.496,78.2993,37.6232,70.2568,19.4932
2370,86.9839,144.772,105.509,77.982,37.5863,67.8909,18.715
2400,90.0169,146.319,108.106,74.9749,37.489,70.182,19.6513
2430,89.2576,143.879,107.313,74.785,36.8647,69.3143,18.8594
2460,89.1423,143.713,107.332,74.8482,37.2275,67.5644,18.9961
2490,85.0528,145.083,112.246,76.2354,36.6681,68.1264,19.2373
2520,89.3404,141.626,108.553,77.1524,38.1168,67.4619,18.7661
2550,87.7661,144.743,111.752,75.2375,36.3936,68.9215,19.4391
2580,86.1704,145.877,110.935,73.8334,36.5755,68.4371,19.1368
2610,88.0883,141.596,109.795,77.1416,37.8227,70.7268,19.0478
2640,84.2841,147.06,110.842,77.5384,36.3673,69.1212,19.344
2670,84.3501,142.71,109.638,76.3006,37.9523,70.332,19.7808
2700,90.177,147.828,109.493,74.6825,37.3509,69.6789,19.0995
2730,83.8612,137.395,104.674,75.172,37.8839,69.6715,16.9194
2760,88.1742,154.943,110.606,88.964,38.0042,68.7192,17.4279
2790,88.224,159.216,116.797,85.4096,37.9756,71.3464,17.4951
2820,93.5413,157.396,120.378,89.4644,36.7797,68.5042,16.8969
2850,93.7939,159.873,119.584,88.5873,36.8264,68.6374,16.8095
2880,89.6264,160.114,117.093,90.1479,37.7419,70.2575,17.5803
2910,93.1947,161.394,118.113,89.4675,36.9999,69.3767,17.7732
2940,91.8225,155.716,120.016,86.6886,37.2939,67.777,16.9133
2970,96.2118,156.53,117.993,89.5717,37.9127,70.7182,17.3655
3000,93.4611,162.572,120.503,88.059,37.2625,70.6599,17.3763
3030,95.6524,156.541,117.986,86.769,36.2382,69.6829,16.9321
3060,97.221,162.306,124.15,90.1683,36.1573,69.7197,17.072
3090,99.2366,159.462,119.198,88.4819,37.4965,70.2073,17.3418
3120,100.726,157.008,124.164,85.7471,36.2738,69.9542,18.0173
3150,100.994,156.562,117.652,86.7549,36.7181,68.1407,18.0789
3180,99.4029,162.695,122.052,85.8299,37.1676,68.6856,17.5909
3210,100.999,156.847,118.796,87.8867,37.1662,67.4184,17.7762
3240,99.6479,157.415,121.065,87.2462,36.7185,65.9434,18.2646
3270,100.596,156.165,116.977,88.1796,36.3091,63.2252,18.8039
3300,100.129,160.872,119.388,87.1986,36.6137,61.4932,18.4525
3330,95.7469,162.721,119.785,90.7108,35.7786,63.4711,18.6388
3360,98.4274,159.03,120.618,87.4199,36.9966,59.4888,18.9783
3390,94.9253,162.992,117.81,90.4459,36.7988,58.3425,18.7896
