Time,FC,PAS,PAM,PAD,temp,SpO2,FR
-1,138,78,51,40,35.757,92,27
0,151.8,85.8,56.1,40,35.2564,92,29.7
30,148.859,84.3132,57.2877,40,34.7558,92,29.77
60,154.302,84.5532,56.1334,40,34.2552,92,29.4674
90,153.807,87.4347,54.885,40,33.7546,92,30.0186
120,149.423,86.0999,57.0074,40,33.254,92,29.434
150,148.05,87.9117,54.8037,40,32.7534,92,29.9296
180,152.426,84.7549,56.9612,40,32.2528,92,29.6973
210,148.423,84.6205,56.6793,40,31.7522,92,29.4282
240,154.9,87.395,55.2557,40,31.2516,92,29.5724
270,153.24,87.3276,57.4549,40,30.751,92,29.6886
300,154.336,84.0471,56.0595,40,30.2504,92,29.8921
330,152.002,84.8975,57.1792,40,29.7498,92,29.3735
360,169.518,87.3001,61.8297,40,29.2492,92,29.8657
390,169.697,85.054,61.774,40,28.7486,92,29.1886
420,166.76,87.9029,60.451,40,29.4362,92,29.1032
450,169.842,84.0276,62.6452,38.5939,30.5617,90.4528,30.0402
480,154.528,89.5947,56.5123,39.1911,30.5195,91.0252,30.0508
510,151.932,89.8724,59.1578,39.2834,31.2607,98.9657,29.4428
540,149.34,85.559,57.3547,39.5371,32.4714,99.6465,29.1509
570,149.219,66.3561,45.4111,33.6389,33.0548,97.1356,28.9521
600,149.061,67.5124,43.6676,33.0176,32.5831,94.3984,27.7665
630,145.448,64.3295,47.688,32.8369,33.3741,91.0994,27.504
660,144.228,70.4517,42.2165,32.0638,34.0726,89.6285,25.9069
690,144.339,67.1249,43.0269,32.1019,34.8275,86.4298,25.6818
720,201.275,33.7152,44.5251,19.555,35.48,84.8301,25.3679
750,198.336,35.8867,45.763,18.7245,36.7635,85.3544,23.9011
780,194.784,36.53,45.5258,18.9268,36.5906,83.2708,23.4218
810,196.367,34.8015,43.5217,19.6667,35.6345,77.8139,23.4448
840,194.866,32.8421,43.4283,19.1159,35.5098,76.6872,23.2868
870,194.469,32.9887,44.0026,19.1372,36.8175,75.0248,22.1265
900,193.918,32.3571,57.4556,27.3408,35.787,69.7085,21.9025
930,195.224,33.0872,55.6981,28.4349,35.7539,67.3667,22.1019
960,196.964,50.5791,55.4777,25.8495,37.5382,65.349,22.8801
990,191.5,49.534,58.0099,28.1346,36.3807,64.8279,21.959
1020,191.74,51.1665,55.156,26.736,37.0682,59.8466,22.1174
1050,192.038,51.8463,54.861,25.6216,37.9785,59.4622,22.6127
1080,194.067,53.1688,57.323,28.5886,36.6019,57.1179,22.6446
1110,197.018,53.626,57.4506,26.252,36.9501,53.3841,21.4632
1140,193.311,50.4666,56.4605,27.2882,37.4666,50.2953,22.3855
1170,193.201,51.5194,54.57,28.4001,36.5785,49.509,22.9843
1200,194.21,56.8227,54.5159,25.5223,37.7247,47.3835,21.3948
1230,133.66,70.0335,58.843,33.5995,36.6883,45.0327,22.6078
1260,133.915,60.9161,52.4337,33.2993,36.8062,43.0852,22.5426
1290,119.94,64.7713,29.0097,28.9091,37.007,38.3277,21.9275
1320,118.051,60.9549,30.2029,29.1012,37.0951,88.6058,22.1158
1350,117.87,63.75,29.464,30.0925,37.3925,88.249,22.9776
1380,118.202,62.5655,32.0791,31.2686,36.9726,85.5224,22.7023
1410,118.701,62.8389,31.2697,29.1101,36.9395,86.9279,21.4862
1440,118.725,64.6705,31.9021,30.2864,36.0286,87.4719,21.969
1470,120.261,65.4869,32.493,28.8847,37.4674,88.7173,23.2983
1500,119.095,65.2797,31.1063,28.6687,35.5273,92.4107,22.0338
1530,126.983,65.609,44.4438,28.9516,37.4899,92.0475,22.0316
1560,127.625,62.899,45.4026,30.6222,38.2945,93.3508,21.4886
1590,126.47,59.8728,45.668,29.5139,38.0342,94.0778,21.8337
1620,120.129,51.1798,40.9868,26.46,36.8553,91.4028,21.6404
1650,126.318,60.2642,42.6051,26.277,36.0892,92.9191,23.555
1680,128.382,57.3199,43.609,25.2845,36.82,92.8083,23.9688
1710,128.416,57.4937,40.3192,25.3138,37.2367,90.2175,23.6647
1740,126.396,58.535,41.6884,25.9979,38.1038,90.0023,24.0619
1770,155.011,71.3731,50.8559,26.4969,37.1307,94.2839,29.0841
1800,135.424,56.0933,49.2485,26.1598,36.9284,91.5805,29.5507
1830,136.459,53.9281,47.7268,26.8024,37.0915,90.5777,29.0871
1860,134.054,54.7111,46.0485,26.7002,36.0605,93.0164,29.4819
1890,135.688,52.6226,48.8803,25.1128,37.3096,93.6829,29.571
1920,134.625,55.485,48.9362,26.0405,35.8359,93.2619,28.867
1950,134.999,52.6563,45.8743,26.3828,37.1231,95.42,29.555
1980,135.596,53.1711,49.5482,26.6278,37.1401,98.3746,28.9034
2010,135.764,54.967,48.0261,24.006,36.42,94.9421,29.296
2040,136.514,56.9105,47.2596,23.9197,37.3345,95.1009,29.2105
2070,157.73,67.8672,52.4024,26.8726,37.0005,99.2267,30.9181
2100,159.585,72.4253,54.9153,24.3067,37.5889,95.9312,31.0434
2130,157.935,72.1671,52.2084,25.4117,36.4196,95.2977,31.0099
2160,157.79,70.2045,51.9107,24.5442,37.0982,98.301,31.5259
2190,158.626,67.7539,54.4543,26.4686,38.0867,98.9493,31.2648
2220,159.247,72.3652,53.8231,24.2492,38.2997,96.3695,31.6009
2250,159.683,71.2357,52.9743,23.8013,36.6815,95.4643,31.1664
2280,157.545,69.6327,53.5869,26.2445,37.5302,97.687,31.1345
2310,158.761,70.061,51.7641,24.5104,36.0779,98.2156,30.9212
2340,160.183,69.7846,51.8475,25.7302,37.2069,97.3889,31.1171
2370,157.915,67.4518,52.3506,25.0115,37.6146,98.3401,31.5979
2400,160.153,69.5876,54.0378,26.2345,37.5403,95.1139,31.2039
2430,159.924,68.9649,53.7506,24.5005,36.8455,95.9556,31.2222
2460,159.906,70.1641,51.2917,24.896,36.6853,97.841,31.2195
2490,159.455,67.0892,54.4865,25.3902,37.4276,96.8489,31.3113
2520,157.177,68.3646,52.4392,26.7085,37.2537,96.2935,31.309
2550,167.9,71.8054,56.3913,24.5967,36.2878,98.0692,32.0364
2580,167.302,76.6047,56.3597,26.2039,36.9463,95.6224,31.9391
2610,166.863,72.0577,56.5378,24.0005,37.043,97.7389,32.3471
2640,166.949,71.6739,56.4394,24.2965,36.3457,98.1772,31.9957
2670,165.834,75.0649,55.9737,25.9486,37.0718,95.0846,31.9869
2700,165.84,77.2792,53.943,25.9758,36.4903,94.4904,32.412
2730,166.704,76.7583,53.5137,24.3758,36.5393,94.7063,32.2259
2760,167.525,76.8545,57.0093,24.4836,37.9667,97.4659,31.8576
2790,165.803,73.4045,57.1143,26.55,36.2224,95.6821,32.3575
2820,168.223,74.2774,55.7739,24.7488,37.389,95.7016,31.8933
2850,166.438,73.6247,55.2719,25.3335,37.5349,95.3808,32.2243
2880,166.191,72.3254,57.2433,24.604,37.0084,96.7481,32.3661
2910,167.752,74.3104,56.5658,25.0509,37.2472,95.8081,31.9413
2940,166.429,77.3303,56.0212,24.1438,37.0164,96.2764,32.3133
2970,165.621,77.1716,54.6963,23.9761,36.051,98.1823,32.1805
3000,166.915,76.3341,57.1571,24.3534,35.6321,94.7314,33.0538
3030,167.503,77.1496,55.1686,24.0012,37.3317,96.2429,33.0443
3060,171.014,81.7713,55.915,26.7605,37.4332,97.944,34.9778
3090,170.971,75.7084,54.8885,26.4334,37.0198,96.5111,34.893
3120,171.145,77.5867,55.47,26.1998,36.2916,97.947,35.7947
3150,169.863,76.4235,56.423,26.7778,37.5279,94.8587,36.3966
3180,172.373,78.2015,55.6105,26.0753,36.4953,100.126,37.2466
3210,173.114,80.2207,56.3095,25.5496,37.1133,101.902,37.4894
3240,169.11,80.2084,57.9121,26.6728,35.4661,100.387,37.3271
3270,169.443,79.8053,58.5998,25.5081,35.4743,103.191,37.3094
3300,167.556,76.0135,58.4266,25.8817,35.5904,100.19,36.9415
3330,165.78,79.5696,56.5451,26.9007,37.1399,103.991,37.2467
3360,165.808,80.6878,56.4393,26.3709,36.2797,103.098,36.7618
3390,163.247,80.6778,56.3946,26.6572,36.4745,99.5083,35.5274
3420,162.971,75.9318,58.339,25.1032,35.8107,100.594,35.2434
3450,164.246,80.8135,58.0963,24.7416,37.5005,103.012,34.1847
3480,163.783,77.5946,55.7,27.2099,36.4333,103.558,33.2693
3510,164.437,78.3183,55.1549,26.5234,36.1414,99.2674,33.0159
3540,162.247,75.8669,55.886,27.0258,35.936,103.055,32.2053
3570,162.716,80.3644,55.0806,25.0523,37.3537,102.881,30.9823
3600,163.32,76.5643,55.6632,24.933,35.3532,101.591,30.9049
3630,165.849,80.368,58.4865,25.1788,34.5768,100.295,31.0154
3660,165.225,79.8478,55.6078,24.8724,35.3414,99.4041,31.4092
3690,169.145,77.5295,55.2274,25.704,35.012,102.451,31.2163
3720,168.001,76.0877,58.1473,25.4254,35.8982,101.494,30.782
3750,169.452,79.1509,56.063,24.8358,36.9057,101.289,31.3333
3780,169.957,80.8224,54.5744,26.3798,36.5719,101.311,31.4517
3810,170.259,80.3092,56.308,26.4918,36.2797,100.198,31.4992
3840,169.652,77.0808,56.2095,26.0189,35.7549,101.501,31.4881
3870,170.563,81.8738,55.3832,24.7,37.1656,103.059,30.8583
3900,170.667,81.6503,58.0427,25.9266,35.4696,100.796,31.247
3930,169.249,81.406,56.1969,27.091,36.0924,102.864,31.1147
3960,171.931,77.69,54.8514,26.2705,36.3453,99.0378,31.4639
3990,170.993,80.9876,55.0734,25.3777,35.742,95.9496,30.9577
4020,168.823,78.0013,58.0049,24.6396,36.5201,97.4072,31.5133
4050,170.046,77.3594,59.5822,25.3374,37.8234,97.6599,30.8923
4080,135.837,66.359,46.5537,25.7497,36.211,95.7311,30.4274
4110,135.798,64.1712,46.9654,26.6456,36.2203,93.8444,30.7027
4140,137.444,66.1176,47.5312,25.6002,36.1912,95.8738,30.5328
4170,138.324,63.1356,47.4959,27.01,36.3573,97.976,30.5299
4200,137.501,64.1422,43.8729,25.1379,36.9917,96.9624,30.2375
4230,135.427,63.4693,47.5584,26.4044,37.6596,95.8098,30.5147
4260,138.082,62.8513,47.7368,24.3869,35.4201,96.5005,30.21
4290,138.016,63.6792,47.879,24.5047,36.5783,96.662,30.8956
4320,136.783,64.6664,45.1034,25.2922,34.7452,95.9575,30.3338
4350,136.831,63.0808,47.7785,24.9261,35.9408,97.2082,30.3682
4380,131.702,61.8322,43.623,26.9597,36.5113,98.3312,23.6396
4410,130.675,63.4788,42.6859,26.4942,37.5012,97.2079,23.9044
4440,130.56,57.8658,45.1725,25.9966,35.0685,97.6653,24.0821
4470,131.226,62.4781,45.6809,24.2146,36.0393,95.1618,23.6784
4500,130.163,61.8691,46.0848,25.6013,37.4851,95.9984,23.7879
4530,132.11,61.5249,46.0866,26.6212,36.6058,94.3999,24.3243
4560,131.685,63.2308,44.2678,26.92,35.4727,96.0184,24.2733
4590,129.688,59.8235,45.8165,25.462,34.9097,96.039,23.9062
4620,132.206,60.4579,45.5837,26.1718,35.9123,97.8409,23.9212
4650,129.109,62.7591,42.8474,25.5691,36.193,95.5323,23.9291
4680,130.051,63.3128,43.2787,25.6194,36.5172,95.2763,24.0316
4710,129.685,59.0811,46.0968,24.7287,36.2774,96.4044,23.9926
4740,132.274,60.1694,42.6598,25.416,35.9651,97.5546,24.2539
4770,131.97,57.5155,43.3239,25.5668,36.4654,97.8371,24.1588
4800,131.235,58.5254,42.8627,24.0344,37.2673,96.1606,23.7739
4830,131.755,60.6311,43.7199,25.1247,36.265,97.5752,24.3791
4860,130.478,63.4969,43.8182,24.8101,34.9017,93.9103,24.3085
4890,129.929,59.8223,43.6229,26.1528,35.1042,95.3447,24.2158
4920,130.498,60.9573,45.2646,25.4169,35.2362,96.5938,24.3476
4950,131.786,57.6039,43.2662,26.7369,34.6971,97.6788,23.9825
4980,115.182,52.2801,39.7503,24.3874,36.8474,93.6195,20.5601
