Time,FC,PAS,PAM,PAD,temp,SpO2,FR
-1,101,151,106,88,37.2983,93,26
0,111.1,166.1,116.6,88,36.7762,93,28.6
30,110.202,166.507,114.623,88,36.254,93,29.2836
60,110.024,169.445,117.45,88,35.7318,93,28.7681
90,110.751,167.988,116.194,88,35.2096,93,28.8623
120,112.664,165.213,118.532,88,34.6875,93,28.8581
150,113.822,168.675,115.596,88,34.1653,93,27.926
180,113.402,166.212,117.048,88,33.6431,93,28.2648
210,108.629,166.968,114.672,88,33.1209,93,28.2533
240,110.092,162.185,119.421,88,32.5987,93,28.644
270,110.724,166.108,119.066,88,32.0766,93,29.0499
300,113.568,162.305,117.332,88,31.5544,93,29.0301
330,109.993,164.753,115.523,88,31.0322,93,28.7622
360,120.117,165.829,126.514,88,30.51,93,29.041
390,122.477,165.983,130.111,88,29.9879,93,28.6793
420,108.792,167.48,114.02,88,31.1565,93,28.0403
450,113.977,170.89,115.704,88.88,32.6368,93.93,28.807
480,110.239,168.374,116.285,88.6525,34.449,94.2341,28.632
510,111.205,165.11,117.556,90.1662,34.8124,101.005,29.5336
540,109.631,166.51,117.412,86.8514,36.7715,97.7804,28.4298
570,113.018,135.755,97.118,70.5119,37.3561,95.6064,26.9165
600,111.506,132.583,94.0481,71.4788,37.3706,90.7817,26.1767
630,105.742,132.001,94.2607,71.366,37.691,87.5819,26.0938
660,108.981,137.18,96.2322,71.5528,37.6047,85.5611,25.5843
690,108.261,133.94,92.0596,73.0081,37.2228,82.0307,25.3434
720,100.835,121.76,84.6232,59.6911,37.9065,78.5,24.2053
750,87.6419,109.045,52.5666,58.3554,37.2648,76.5151,24.2892
780,84.4337,116.204,50.4102,61.6885,37.3802,87.9883,23.474
810,86.4024,109.13,49.5767,57.8016,37.4229,85.8461,22.6479
840,82.7554,148.768,49.521,59.0097,36.7602,85.9797,22.4512
870,84.2095,147.738,50.3998,58.9016,36.9118,81.5146,21.2319
900,83.6628,149.441,48.5132,78.7691,36.8003,76.3812,21.362
930,85.3634,149.169,51.12,77.2778,37.0215,74.8768,21.6012
960,85.5945,143.663,70.4442,75.1793,37.4952,78.298,21.9163
990,90.7648,146.042,96.97,76.1683,37.436,73.5206,21.9927
1020,89.598,146.24,96.1762,76.4512,37.4524,69.0453,21.2745
1050,88.5473,143.294,94.5341,76.7091,37.8644,69.0198,22.0678
1080,86.1907,129.064,89.9086,64.5831,37.7223,64.8462,21.2017
1110,90.9988,131.84,91.503,64.2017,37.6044,62.3018,23.4441
1140,90.4729,128.829,92.6786,67.2677,38.8353,59.8209,23.0979
1170,88.6942,134.8,94.0972,64.979,37.6506,56.8464,23.864
1200,91.8826,131.013,94.6916,64.2608,37.9067,51.8621,23.4377
1230,111.736,159.611,115.078,64.4476,38.7998,52.3203,28.5105
1260,94.1492,142.525,95.0104,65.8845,37.6525,46.2798,28.5321
1290,94.4579,145.598,93.6905,64.6953,37.7641,43.6116,28.8371
1320,96.8149,145.415,92.2995,64.7459,38.7216,47.7141,28.6244
1350,82.331,125.821,87.404,63.5489,38.0206,46.061,21.7898
1380,82.962,120.139,85.8431,65.9215,38.1354,45.2896,21.5905
1410,109.003,154.659,110.227,63.7889,37.1611,43.6885,27.719
1440,116.979,165.612,122.664,63.7213,38.3223,44.8074,30.1649
1470,121.1,170.72,126.751,67.4383,37.3416,46.7168,31.9463
1500,121.71,170.947,122.961,64.0069,37.9743,47.1045,31.6089
1530,96.1183,137.966,102.052,63.5185,37.9716,44.7997,25.0296
1560,98.8212,139.138,100.098,63.7306,37.5828,45.46,25.0756
1590,95.7534,142.107,100.264,66.4368,38.371,44.9363,25.7091
1620,100.786,144.368,100.358,66.5659,37.0484,46.6742,26.0701
1650,84.595,119.768,85.8977,66.9005,37.6115,45.0375,22.3063
1680,84.7612,118.416,86.6028,66.0957,38.0898,45.264,21.7411
1710,79.6655,119.778,86.0222,63.9276,37.1705,44.9903,21.9125
1740,84.8804,118.107,83.5485,67.7815,37.2791,47.802,21.7685
1770,81.3964,117.625,84.4309,67.8392,37.939,48.6001,21.8934
1800,87.4865,127.545,93.036,67.8842,37.805,45.9193,23.7994
1830,71.1329,105.94,72.6766,64.6875,37.0901,48.7036,23.5031
1860,71.884,101.903,72.1689,65.0782,37.6675,46.272,23.4425
1890,74.0426,102.47,77.0832,64.0061,37.6655,46.3129,23.1192
1920,70.635,103.981,76.2768,64.2858,37.6196,45.907,23.2227
1950,70.2217,106.863,75.7131,64.8765,37.2372,48.7051,23.8055
1980,72.5674,108.475,76.8785,67.3815,36.6864,44.5544,23.315
2010,72.7678,105.062,74.6373,64.8545,37.8898,46.7347,23.5814
2040,70.9738,109.062,74.406,65.0822,37.2285,45.8883,23.7431
2070,74.4778,106.807,75.484,67.5822,37.3452,46.3078,23.3147
2100,73.8103,104.161,76.1122,64.5046,37.0986,47.7708,23.1323
2130,87.5436,130.578,90.3193,67.2843,37.1192,48.3979,23.4605
2160,85.8166,127.193,91.7299,64.4363,37.2333,44.6726,24.0388
2190,89.796,127.401,88.9919,66.0544,36.7651,48.0058,23.9378
2220,88.8736,125.718,92.5859,64.7683,37.644,46.7626,23.9605
2250,90.8726,126.113,91.9366,64.5678,36.6514,48.6882,23.3692
2280,88.1073,130.711,89.8594,65.3692,36.8962,48.1444,24.1302
2310,89.2944,131.463,89.5589,65.1132,37.0859,45.6661,24.5642
2340,88.5886,124.562,90.9129,63.7962,37.0341,45.0149,23.7348
2370,91.1663,129.591,93.3794,67.4982,38.2003,46.497,23.4373
2400,86.3201,127.287,89.7651,65.7765,36.8556,46.5419,24.5573
2430,88.5971,126.389,91.6674,64.1434,36.8238,47.8483,23.9553
2460,89.1267,124.279,90.9844,64.0009,36.6989,48.3957,23.4903
2490,88.6628,124.091,91.4672,65.7108,37.758,46.1141,23.8015
2520,89.8489,131.092,91.5231,67.1853,36.9391,47.8988,23.7227
2550,88.9066,125.947,90.0104,63.8297,37.4633,48.2166,23.5464
2580,90.3688,128.872,92.5919,65.4408,37.6415,45.078,24.0143
2610,90.5272,124.205,92.6038,65.1938,36.5799,45.4815,24.4805
2640,90.7081,129.264,90.0183,66.1472,37.3714,48.1053,23.8409
2670,90.8153,128.762,92.8437,65.3193,37.9824,44.4889,23.9211
2700,88.8918,131.489,92.4525,64.7937,37.3229,46.2755,24.267
2730,81.7777,121.597,84.0383,63.7656,37.6159,44.2974,21.6609
2760,89.7678,129.033,91.186,77.2997,38.1021,47.074,21.3745
2790,92.8688,140.59,100.072,75.8682,36.4271,46.3074,22.0677
2820,95.192,141.363,97.5915,76.0391,37.0938,48.5536,21.9548
2850,95.2131,140.411,98.66,74.8999,38.1498,47.3384,21.2641
2880,93.7365,143.101,100.067,76.2944,38.118,48.5857,21.1183
2910,95.0858,141.907,98.4311,76.02,38.1377,48.7678,21.9879
2940,95.6532,140.854,99.1613,78.3581,38.0272,47.1425,21.3742
2970,91.8218,141.973,102.074,75.2761,38.0141,45.5048,21.4424
3000,94.919,145.276,99.6644,76.6752,37.4414,44.4893,22.3044
3030,93.2344,145.693,102.698,76.492,37.2341,45.431,22.1305
3060,92.7884,139.276,99.7808,76.6784,37.4091,48.2351,21.4937
3090,93.0912,141.399,100.442,78.3475,36.2344,46.3642,22.4286
3120,95.1576,143.521,98.7742,78.1772,37.3838,47.6264,21.3507
3150,91.6088,143.966,97.8967,78.4673,37.5349,44.599,21.3286
3180,91.6638,140.209,102.846,78.2391,37.1187,46.2567,21.8947
3210,91.1695,139.804,99.974,78.1724,37.4569,44.4531,22.9846
3240,94.3904,141.627,99.8768,78.014,36.4364,47.7006,23.4873
3270,95.5446,142.322,101.443,75.6323,35.9162,47.6568,24.7636
