Time,FC,PAS,PAM,PAD,temp,SpO2,FR
-1,108,161,111,93,37.2141,89,30
0,118.8,177.1,122.1,93,36.6931,89,33
30,115.857,178.333,119.258,93,36.1721,89,32.9253
60,121.717,176.251,121.966,93,35.6511,89,33.6246
90,116.41,172.996,123.118,93,35.1301,89,33.2535
120,119.483,173.14,119.133,93,34.6091,89,32.7761
150,117.382,177.461,120.135,93,34.0881,89,33.6204
180,117.286,174.474,122.2,93,33.5671,89,33.2085
210,120.18,174.489,119.24,93,33.0461,89,32.864
240,116.37,177.882,121.814,93,32.5251,89,33.8042
270,118.274,178.55,119.299,93,32.0041,89,33.6399
300,120.509,174.602,121.67,93,31.4831,89,33.2121
330,120.83,180.665,124.121,93,30.9621,89,32.2495
360,133.761,180.762,132.981,93,30.4411,89,33.3959
390,130.488,174.584,133.47,93,29.9201,89,32.7987
420,133.105,176.074,119.308,93,30.1561,89,33.8207
450,133.116,172.563,124.309,94.4627,30.214,90.2337,33.6866
480,122.591,182.132,126.359,95.0165,31.0512,87.6591,31.909
510,114.93,179.997,122.411,94.5128,30.6381,101.225,33.9568
540,120.812,177.914,125.922,92.3607,31.0376,99.3523,31.5803
570,115.149,136.553,99.0519,74.0753,31.9088,95.4814,31.32
600,113.954,140.101,93.5343,74.4516,30.4562,94.3453,29.9859
630,117.99,139.649,94.5146,72.9104,31.4441,89.7096,29.7667
660,114.65,138.926,98.6854,75.2417,32.2462,87.5061,28.0469
690,108.191,134.033,99.3124,75.0287,32.5939,84.3438,28.8982
720,103.675,131.945,86.3759,67.5579,32.7673,82.5506,28.6637
750,96.3161,120.489,54.5267,63.8934,32.6649,76.9679,27.1171
780,95.2102,123.318,55.551,63.7511,32.0323,81.897,26.3771
810,94.4736,118.321,56.0683,62.0395,33.5483,78.7325,25.1154
840,92.1918,120.524,78.5755,80.0613,34.3231,76.829,25.3332
870,93.5232,122.395,80.3801,79.0466,34.1723,73.2911,24.4488
900,91.8123,158.081,80.1757,79.717,33.603,68.6069,24.2615
930,91.9831,153.778,82.4027,80.8615,34.8399,68.1614,23.3037
960,91.2341,158.251,81.6783,79.0882,35.3238,66.9779,24.2065
990,96.2332,153.965,106.426,82.1892,35.3852,65.9857,24.6165
1020,99.5712,154.463,105.465,80.3838,34.6752,62.8767,24.3959
1050,96.3314,153.562,105.746,82.3185,35.0661,60.1764,23.5138
1080,88.5792,142.987,92.2614,76.7796,35.4338,57.0944,23.7489
1110,100.193,141.763,99.9382,70.189,35.5306,50.8632,26.5638
1140,96.2939,147.984,100.856,70.182,35.5537,47.8784,25.9373
1170,97.9927,147.639,97.8911,68.7952,35.4837,46.9356,26.1267
1200,97.6284,143.895,100.357,68.8596,36.8949,43.9945,26.3685
1230,117.622,172.55,123.717,70.3713,36.4466,40.2442,32.5446
1260,104.602,160.547,118.525,69.1182,36.4576,36.4857,32.109
1290,103.589,159.011,119.698,69.735,38.078,36.4008,31.8428
1320,106.229,159.652,119.429,67.7414,37.2981,34.0211,32.5731
1350,102.732,162.987,117.941,67.4285,37.4812,33.8432,31.7035
1380,104.211,165.036,120.047,69.9896,36.8589,33.3911,32.1079
1410,105.978,160.787,119.231,69.0884,36.6155,36.5886,32.024
1440,104.186,162.174,116.644,69.733,35.9529,37.797,31.746
1470,106.098,165.205,118.292,70.0089,36.6369,35.4022,32.339
1500,104.088,164.268,118.576,70.1485,36.6299,36.9073,31.5822
1530,123.91,186.13,130.341,70.604,36.3579,37.2072,33.5317
1560,122.776,182.517,130.645,69.3117,37.386,39.4109,34.4672
1590,121.513,181.139,129.363,68.5596,37.8966,36.0946,33.9821
1620,121.784,183.387,127.834,69.0652,36.493,38.7519,34.8469
1650,122.54,182.013,131.412,66.9231,36.7813,36.0322,33.6324
1680,123.922,185.311,130.488,69.1532,36.855,37.0815,34.2933
1710,124.419,185.002,127.001,70.0069,36.2168,36.5436,34.5772
1740,123.619,181.598,128.607,70.2475,37.0734,39.6231,34.2012
1770,122.409,184.71,129.589,66.6655,36.6379,36.2681,34.903
1800,122.446,185.131,129.853,69.748,37.7763,37.3147,34.1466
1830,123.5,181.51,128.239,67.2323,36.9785,39.894,33.9646
1860,123.882,180.82,127.893,69.8497,35.899,37.1335,34.7347
1890,123.963,185.214,131.145,66.6663,37.8592,35.8666,33.5628
1920,123.806,183.461,130.773,67.9314,36.3571,39.2933,33.9526
1950,122.379,179.224,129.093,66.841,36.7362,37.5167,34.0367
1980,123.036,183.238,127.664,66.7077,37.1324,39.8181,34.2531
2010,129.113,192.215,133.095,70.0153,37.4392,39.7276,35.4023
2040,128.443,191.484,134.909,69.5917,37.8038,36.0599,35.0465
2070,131.065,190.199,132.344,67.809,38.0528,38.8095,35.346
2100,129.29,192.679,133.231,66.7652,36.3917,38.3507,35.4556
2130,128.764,187.097,132.726,66.666,36.7831,38.4984,35.7309
2160,127.776,190.161,133.177,70.0738,36.4249,36.6708,35.9129
2190,128.211,190.647,131.657,66.6989,37.24,38.3555,35.5558
2220,131.064,187.315,134.035,66.8938,36.5528,38.9182,35.7555
2250,129.478,187.494,134.614,66.8655,36.6335,39.7622,35.3084
2280,131.974,189.634,132.282,67.2787,35.9907,36.3536,34.8133
2310,128.272,189.041,131.356,68.5529,36.7522,36.6185,34.625
2340,131.643,193.18,130.932,68.5971,36.6779,37.3019,35.4291
2370,131.929,187.661,133.713,68.45,36.9934,40.1601,35.4008
2400,132.113,188.925,134.114,66.7907,38.0759,36.7633,34.6378
2430,128.682,189.272,132.985,68.6751,36.3284,38.2351,34.6189
2460,130.364,191.129,132.972,69.9006,37.1192,37.6966,35.1059
2490,127.776,186.937,134.499,69.2847,37.3996,36.9301,35.4508
2520,130.222,195.315,136.432,66.8622,37.946,36.2839,35.1754
2550,130.748,192.46,136.071,68.2891,35.5512,37.7917,36.3307
2580,133.005,195.015,136.708,67.43,36.4692,38.3958,36.2076
2610,130.562,190.83,135.532,70.106,36.4628,37.9912,35.5459
2640,132.791,188.897,135.175,68.975,35.7169,38.7916,35.4534
2670,130.12,189.705,136.577,68.399,35.6927,37.3899,35.2671
2700,129.955,188.298,134.886,70.224,36.8393,39.0039,35.6576
2730,131.025,189.23,134.6,68.7785,37.8712,39.7534,35.9456
2760,133.7,189.957,134.364,70.4444,37.8434,36.8487,36.3404
2790,130.166,194.756,135.172,68.7356,36.1481,38.82,35.2538
2820,133.035,187.915,133.701,70.6038,37.8573,37.6728,35.4828
2850,133.755,193.097,137.585,70.0784,36.8801,38.0111,35.7156
2880,133.905,193.116,135.466,69.7925,36.8715,38.8704,36.2178
2910,131.75,188.061,135.098,68.9737,37.803,38.8766,35.9863
2940,133.731,193.182,136.489,70.3791,37.2735,36.4601,35.8604
2970,132.312,194.887,135.354,67.291,37.2356,38.0008,36.1865
3000,131.51,194.04,135.877,67.0836,35.5175,39.1221,36.5997
3030,129.866,195.192,136.243,70.3586,36.5736,37.296,36.5106
3060,133.241,194.175,137.541,68.2659,37.6391,38.7905,35.8578
3090,132.999,194.912,136.321,68.7793,37.632,40.1437,35.4654
3120,132.935,190.585,134.607,67.8889,36.9176,35.9563,35.9487
3150,133.176,191.723,135.281,70.181,36.7927,38.1101,35.8925
3180,130.156,189.968,137.353,67.8505,35.3709,36.8243,35.7591
3210,128.325,195.463,135.04,70.83,36.5414,37.7597,34.7473
3240,128.451,188.818,137.734,70.6493,37.6494,33.6131,34.1154
3270,126.318,192.285,135.829,70.4406,36.2472,32.1617,33.0351
3300,124.66,194.939,136.631,67.6836,36.6011,34.3876,32.9004
3330,127.407,189.486,135.009,70.2327,35.1048,30.7696,33.334
3360,122.986,189.268,136.444,71.1962,37.2428,31.0583,33.7415
3390,122.172,196.172,137.753,67.9613,37.5412,29.7494,33.4954
3420,124.444,189.378,138.582,70.3852,35.8932,26.6229,33.528
3450,125.193,190.89,137.025,67.4084,36.6419,28.2512,32.8672
3480,125.37,190.093,136.014,70.0459,37.7192,27.0832,33.5596
3510,124.271,193.174,135.265,70.0824,36.0124,25.4206,32.6573
3540,99.3297,154.767,110.769,70.0488,35.994,27.4652,33.4822
3570,101.425,152.677,112.568,68.3409,37.463,29.9071,34.0211
3600,101.774,152.11,110.379,69.7714,34.7636,31.2165,34.7307
3630,101.671,156.662,110.529,70.4967,35.0472,33.5277,35.4526
3660,102.276,153.824,110.638,69.9185,36.4235,35.2106,35.359
3690,102.288,156.32,108.244,68.3666,36.3263,34.9146,34.1895
3720,105.797,156.835,110.772,70.7363,36.29,39.4697,34.6868
3750,106.728,154.096,108.5,67.7353,36.612,38.1633,35.3176
3780,103.423,156.451,110.008,67.5074,35.9444,43.9112,34.1513
3810,106.112,151.802,108.939,71.1346,36.5528,46.034,34.9863
3840,99.1885,149.138,104.273,70.961,36.1118,44.7901,28.5114
3870,101.123,147.988,105.363,70.8026,36.1168,48.4282,28.1629
3900,100.322,145.87,103.868,67.5585,35.2991,47.4045,28.9863
3930,100.133,146.961,106.248,67.5081,37.1327,51.8103,28.7149
3960,100.691,145.209,105.088,67.8939,36.4635,54.9789,28.7033
3990,100.351,147.362,104.856,69.5548,34.9011,58.5944,28.1678
4020,100.735,146.268,103.947,69.8619,36.0179,60.0059,28.7048
4050,102.174,147.42,105.765,68.8976,35.382,60.982,28.4577
4080,100.944,149.923,105.368,70.058,36.0931,65.1183,28.919
4110,102.127,151.678,104.101,70.2941,35.1657,66.5738,28.4741
4140,101.042,147.804,102.916,71.0407,37.1835,71.9993,28.4554
4170,99.1318,147.356,106.574,68.1052,37.5827,75.3279,27.9302
4200,102.029,147.474,106.139,68.3116,36.0637,75.4778,28.2913
4230,99.4301,148.401,102.799,68.3815,36.0945,81.48,27.9881
4260,101.592,151.863,102.641,68.9771,36.8723,84.973,28.6225
4290,99.2461,150.968,106.2,70.4955,36.9096,87.8701,28.4023
4320,103.02,150.292,105.679,69.8303,37.6076,83.846,27.7345
4350,100.311,145.823,103.426,67.4919,35.0853,84.754,28.9699
4380,103.431,147.129,103.58,69.8127,34.8562,84.8796,27.8334
4410,99.153,145.279,106.33,70.8009,36.9763,85.2652,28.422
4440,89.9698,129.297,91.54,69.0782,36.2362,85.691,23.78
4470,98.0943,144.167,106.794,75.369,36.5199,85.9058,24.5742
4500,100.113,154.826,107.491,81.6366,37.2913,87.4381,23.5859
4530,99.7856,154.122,110.118,79.6478,35.6106,87.1237,24.9023
4560,98.0082,155.532,107.751,79.0779,37.7415,84.9499,23.9212
4590,99.118,152.373,110.01,79.5657,36.5722,84.6022,24.3551
4620,97.2779,151.097,107.414,78.9012,36.2302,80.7308,24.2568
4650,100.517,156.144,109.553,79.6712,35.602,81.3201,24.1082
4680,98.5081,153.479,108.344,80.0315,36.5735,83.0386,24.8175
4710,97.8196,152.334,106.526,78.8499,35.9648,83.1193,24.7471
4740,98.4894,156.029,110.366,79.463,36.3772,83.4804,24.7784
4770,101.089,152.379,106.517,78.9312,36.7926,82.4238,23.9936
4800,101.064,156.284,109.096,79.961,36.2231,81.3687,24.8663
4830,100.001,151.663,110.721,80.457,36.3375,81.69,24.667
4860,99.2718,150.582,110.766,81.018,36.0832,82.406,23.7588
4890,97.5167,153.42,106.943,78.9761,37.3758,82.1088,24.7565
4920,99.7409,149.328,106.791,80.0804,35.7208,81.6553,24.9497
4950,100.348,151.479,108.114,79.394,36.914,84.7085,23.7897
