Time,FC,PAS,PAM,PAD,temp,SpO2,FR
-1,103,147,101,83,37.2141,97,19
0,113.3,161.7,111.1,83,36.6931,97,20.9
30,114.93,159.419,110.709,83,36.1721,97,21.0343
60,115.236,164.955,112.939,83,35.6511,97,20.4247
90,116.044,165.043,109.707,83,35.1301,97,21.1507
120,112.924,159.403,110.152,83,34.6091,97,20.7725
150,115.419,160.763,108.56,83,34.0881,97,21.4198
180,115.017,162.477,109.524,83,33.5671,97,21.2905
210,115.346,160.929,112.64,83,33.0461,97,21.3791
240,114.645,163.706,113.172,83,32.5251,97,21.4203
270,114.583,159.264,109.516,83,32.0041,97,20.5734
300,112.925,165.406,111.492,83,31.4831,97,20.7736
330,113.152,163.136,113.734,83,30.9621,97,20.9387
360,124.977,163.902,124.921,83,30.4411,97,21.1136
390,123.491,159.314,122.216,83,29.9201,97,20.6061
420,122.771,165.072,110.636,83,30.1561,97,20.9007
450,124.646,159.06,112.495,83.0863,30.1253,94.6145,20.5147
480,113.727,163.873,115.737,81.8042,30.9691,95.7947,20.4526
510,113.14,161.196,112.153,84.737,30.7694,100.088,21.2705
540,114.56,160.796,107.86,81.505,31.5374,97.843,20.1844
570,113.684,133.553,91.1699,65.7297,31.1489,97.3583,20.5027
600,112.032,134.647,92.2195,66.8209,31.6637,94.9887,19.4163
630,108.683,127.354,93.4277,65.7646,31.6447,95.6597,18.3426
660,108.166,130.164,89.505,65.8081,32.161,92.069,18.2046
690,107.487,122.74,89.049,66.6674,32.3996,91.6536,18.1392
720,150.044,64.1445,88.6787,40.4161,32.3204,87.0305,17.8669
750,145.985,64.6063,88.827,40.7122,32.3741,94.728,17.5344
780,148.582,64.8324,91.3649,40.4615,33.426,90.9711,16.8923
810,144.74,69.5398,90.7269,40.1846,33.7739,93.7416,16.4698
840,143.679,70.9479,107.004,55.593,34.0619,88.8801,15.851
870,141.644,69.9067,110.997,57.0822,32.8016,87.7673,15.6139
900,142.003,65.2706,112.495,54.563,33.3797,85.0338,15.5431
930,142.644,63.5477,109.768,55.5243,34.5078,84.9044,15.5283
960,143.44,100.065,112.721,55.4634,35.2804,83.3506,15.393
990,144.525,96.3009,108.906,56.9826,35.4486,83.2894,15.6566
1020,146.579,99.4564,109.979,57.3675,34.5704,80.2945,15.1817
1050,146.395,94.6277,113.162,57.2361,36.038,77.3877,15.065
1080,146.873,99.3225,110.279,56.3815,35.3473,75.8847,15.6214
1110,144.077,94.5844,110.632,57.704,36.7257,74.2092,15.6484
1140,143.563,100.714,113.035,57.5286,35.6142,72.8487,15.1163
1170,149.286,104.578,109.487,55.9101,35.4671,71.7278,15.8329
1200,147.317,101.193,111.549,55.587,36.6426,69.463,16.0224
1230,98.3058,139.911,110.139,71.5027,36.9659,68.9726,16.1077
1260,98.3963,115.608,100.423,60.716,37.7366,68.1831,15.9559
1290,83.9177,119.056,64.0603,63.8208,37.9271,62.5577,15.8422
1320,83.6034,118.235,65.0486,61.7522,37.0621,89.806,15.7036
1350,86.4961,119.221,65.0686,62.4097,35.7378,88.7051,15.5918
1380,85.1146,122.731,64.9728,62.1425,37.793,87.8024,15.7516
1410,84.1176,116.552,63.6305,63.6343,37.6361,86.9965,15.5486
1440,84.4119,114.319,65.4474,63.4605,38.6909,85.7341,16.0123
1470,82.9084,117.569,64.3457,63.2673,37.0871,86.4529,15.7252
1500,85.0508,115.431,61.8146,62.2877,36.8585,92.0012,15.837
1530,89.1721,109.346,90.7988,62.0465,38.1041,91.7946,15.6761
1560,90.7302,114.695,91.206,62.3373,38.1742,91.1307,15.5942
1590,92.303,114.01,91.4831,62.8418,36.1748,94.0508,15.4506
1620,86.1558,94.0252,84.9205,53.6832,37.7173,92.1833,15.7279
1650,91.7282,99.5991,86.2843,52.6187,37.6729,91.6751,16.6654
1680,91.2906,99.4386,87.8042,52.181,38.1016,90.6644,17.0082
1710,91.6817,104.95,85.8127,53.1246,37.5846,91.139,17.0626
1740,90.3635,99.4918,86.4258,54.217,37.8085,94.2451,16.6899
1770,111.34,120.799,105.155,52.0305,38.309,92.5184,20.2402
1800,97.9646,116.273,85.3114,52.568,38.0394,95.2362,20.4797
1830,95.9417,116.941,83.3293,52.9632,35.9379,91.2048,20.4133
1860,95.1387,119.002,84.3394,53.6364,35.7728,94.8759,20.8763
1890,94.7714,119.073,84.0261,53.7785,37.1058,95.1871,20.259
1920,97.183,118.835,85.888,52.9233,38.2324,95.3869,20.4003
1950,97.5308,116.152,87.1097,54.0375,35.7782,96.4211,20.4392
1980,96.5514,119.199,83.754,53.4307,36.341,98.2527,20.6469
2010,96.5405,121.181,85.0052,53.9669,36.743,95.4341,20.178
2040,97.8647,120.185,85.9095,53.8101,36.8604,96.0328,20.9495
2070,97.1702,116.267,86.8926,54.0631,35.5613,96.6059,20.6302
2100,96.8575,118.575,84.4877,51.4331,37.7055,99.0633,20.916
2130,97.4092,117.186,86.6318,51.4645,37.7685,96.4038,20.4479
2160,96.3893,121.514,84.0146,53.5438,36.6936,98.8308,20.2317
2190,96.0799,119.684,83.2091,52.7699,36.879,95.9219,20.3221
2220,97.2963,118.753,84.8082,51.446,36.0238,95.7422,20.1647
2250,95.8293,121.704,84.0323,54.2454,37.1917,96.9079,20.269
2280,95.5813,119.367,87.1494,53.7155,37.8637,99.8205,20.3503
2310,95.2689,122.061,86.6111,54.093,37.1588,95.9721,20.887
2340,95.8629,119.297,83.3573,53.471,36.5048,99.0965,20.1219
2370,94.4794,122.319,87.2574,53.6029,36.2397,99.8797,20.7014
2400,97.7407,121.469,85.2096,53.3821,36.5973,100.044,20.7036
2430,95.7956,120.887,85.6885,52.983,37.5311,97.6968,20.1382
2460,95.3686,119.443,86.3823,54.199,37.1311,99.8544,20.711
2490,96.4676,121.596,85.1195,54.2018,35.8651,98.3091,20.9017
2520,95.3758,116.482,85.8329,53.5597,36.847,97.4352,20.807
2550,95.8293,116.026,84.8479,51.0811,37.8405,95.6451,20.9357
2580,96.1469,121.203,87.0216,51.3513,36.9385,99.32,20.8067
2610,97.2733,117.699,86.3573,53.9074,36.6649,99.0571,20.8738
2640,96.2147,118.409,85.9089,54.2523,36.68,98.9871,20.3747
2670,94.7281,116.85,84.6443,53.905,35.5601,99.25,20.4867
2700,95.313,120.437,85.5589,52.9368,36.3176,97.1701,20.2751
2730,97.1101,116.668,83.2404,52.0872,36.9535,96.3842,20.8745
2760,95.1037,121.486,86.7706,51.4908,37.3649,97.5739,20.116
2790,97.4406,121.194,86.8048,53.6452,36.1506,96.3028,20.4885
2820,95.7879,120.857,83.2333,54.0925,35.4585,95.5492,20.77
2850,96.4834,116.398,83.7284,54.6277,36.6506,99.5921,20.1449
2880,95.0771,120.654,84.2358,51.6363,36.1714,95.8295,20.1205
2910,96.3213,122.346,86.8708,53.8525,37.2817,95.9946,20.8927
2940,97.4571,117.248,86.9868,54.5852,36.8946,98.4773,20.1328
2970,114.891,132.884,103.3,54.3603,36.1237,99.3024,21.6791
3000,113.541,128.203,104.815,54.7217,36.4045,99.6605,21.5899
3030,112.663,132.602,107.056,55.0514,37.3281,99.677,21.7933
3060,111.488,132.795,104.581,53.858,36.9277,98.5393,21.8187
3090,113.706,132.874,104.389,54.0491,37.2011,99.7781,21.585
3120,115.266,130.245,108.018,53.9408,37.2581,99.1148,21.5472
3150,113.367,132.692,103.708,52.2549,37.0719,97.9601,22.082
3180,113.498,133.733,104.76,51.7829,37.3652,97.5309,21.7625
3210,113.594,132.665,107.641,51.9264,37.2151,96.4574,22.0398
3240,111.518,130.022,104.457,54.1161,34.8071,99.1901,22.0954
3270,113.71,133.722,106.954,51.8822,36.6395,99.1173,21.787
3300,111.74,128.736,104.787,54.0562,36.2132,95.4732,22.4739
3330,113.049,128.235,106.332,51.3818,36.322,98.3572,22.3774
3360,111.179,133.968,106.359,52.4339,37.5937,93.6184,22.8173
3390,111.017,133.555,106.129,51.6967,36.3072,94.0914,22.639
3420,111.021,133.166,103.771,53.5077,36.6036,91.5863,22.3799
3450,114.207,134.154,110.339,51.9871,36.5251,89.747,23.3787
3480,115.33,134.073,112.275,53.9252,37.2435,88.7212,23.1606
3510,113.381,134.696,110.347,54.1938,37.3404,86.7177,23.3793
3540,113.181,137.383,109.447,51.9434,36.9242,85.5028,23.2347
3570,112.393,137.879,111.32,52.5695,37.0226,85.4373,23.3415
3600,113.971,136.32,109.998,52.4173,35.8939,82.4647,23.5993
3630,113.627,138.196,111.78,52.3448,37.0239,82.1195,23.7734
3660,112.529,138.578,110.006,51.9995,35.8307,79.3483,22.8926
3690,111.502,139.786,112.931,53.4975,36.8564,75.6798,22.3949
3720,115.617,135.038,112.483,54.6143,36.3346,77.2461,22.4081
3750,116.183,135.372,112.461,51.7443,35.6738,72.8268,22.5118
3780,114.229,135.485,112.57,51.7161,36.5597,73.5917,22.899
3810,115.034,136.448,112.04,53.6178,37.6534,69.4485,22.7989
3840,119.064,138.904,112.906,52.997,37.3591,73.6302,22.7233
3870,119.555,137.828,113.349,53.9697,34.7954,70.7523,22.2235
3900,117.601,134.046,110.726,51.2711,36.8209,74.2224,22.3695
3930,117.735,137.8,109.448,51.8573,35.3569,69.636,22.1626
3960,122.806,141.251,114.27,53.8484,36.3025,72.021,22.059
3990,119.653,138.465,115.389,51.5475,35.8299,70.9261,22.5979
4020,119.962,139.539,114.833,52.5305,36.9787,73.1969,22.6656
4050,120.567,140.574,115.911,53.1359,36.2973,72.9122,22.587
4080,122.846,137.358,113.58,51.8037,37.9228,71.049,22.7446
4110,120.793,136.436,115.936,53.9715,35.7102,72.3297,22.3913
4140,122.752,137.225,115.325,52.2368,37.5614,71.9869,22.2486
4170,120.5,136.15,115.337,51.5778,35.8207,77.1749,22.8131
4200,122.356,137.396,112.216,52.8772,35.8675,76.6483,22.515
4230,121.307,137.978,113.36,53.8097,37.5281,77.5595,22.3869
4260,119.73,136.067,114.938,51.3914,37.4678,79.9497,22.8002
4290,123.061,137.059,111.87,54.6279,37.6597,84.4417,22.392
4320,119.722,136.199,115.759,52.3095,36.1734,86.0304,22.8287
4350,121.96,137.864,114.784,52.0061,36.8991,86.4899,22.3119
4380,123.369,138.667,113.502,53.2478,36.7667,87.3125,22.191
4410,123.407,139.574,112.497,53.5678,35.8528,87.0179,22.5084
4440,120.092,136.271,115.658,53.4988,37.0603,91.0565,22.0508
4470,119.96,138.057,112.913,52.5467,37.1294,93.2698,22.246
4500,121.067,136.947,115.462,53.7276,37.3144,95.82,22.8369
4530,123.43,136.699,114.526,52.7295,36.7823,92.9985,22.4385
4560,122.967,142.008,112.378,52.1057,37.7654,96.0061,22.8585
4590,119.91,139.781,113.373,52.7336,36.1772,99.6149,22.0599
4620,120.668,139.703,115.094,52.2594,36.1673,97.4762,22.0288
4650,122.978,141.988,113.696,51.7516,37.1227,99.3689,22.5687
4680,121.224,141.32,115.717,52.1505,36.4697,97.4509,22.7242
4710,122.937,140.237,112.909,52.8649,36.3745,98.7233,22.1824
4740,121.902,137.962,113.908,53.4398,36.4346,99.3376,22.8438
4770,122.495,136.702,112.311,53.0332,37.5513,96.9982,22.1376
4800,122.161,136.584,113.541,52.414,36.8378,97.0401,22.2485
4830,120.982,138.997,115.001,52.077,36.3315,98.3422,22.1578
4860,122.02,142.225,115.244,53.7758,37.1931,99.609,22.5172
4890,121.97,141.54,112.209,52.2507,36.7268,98.3236,22.3813
4920,121.174,141.654,115.129,54.1603,35.9436,96.7082,22.0654
4950,122.731,143.209,115.348,51.2547,36.6838,97.0653,22.7383
4980,99.4254,108.869,93.6777,53.2969,36.4679,97.0653,22.1425
5010,97.1901,110.888,93.0945,51.1414,37.8515,98.197,22.1015
5040,99.8271,110.211,90.8577,53.0087,35.4924,98.9532,22.6213
5070,96.2738,114.703,94.3386,52.1471,36.1392,96.9773,22.4333
5100,96.2489,114.144,91.5051,53.2224,35.8629,99.917,22.4038
5130,99.0635,110.669,93.072,52.524,37.0935,94.3939,22.1445
5160,96.8777,112.271,94.0444,52.7179,36.6791,92.768,22.6261
5190,97.1458,108.743,91.0781,51.1201,35.2863,94.3688,22.0493
5220,96.4459,113.202,93.8164,52.2795,35.7731,95.7991,22.6434
5250,99.3855,110.909,91.6352,51.4495,36.6922,93.1588,22.4078
5280,93.2309,102.989,90.3919,51.1247,35.7167,95.4867,18.1657
5310,92.8264,108.222,88.9421,51.9417,35.1499,93.2893,17.789
5340,95.7076,102.824,88.4291,54.4788,36.1676,95.3261,17.867
5370,94.9652,108.837,87.8045,51.1574,37.0416,94.2734,18.4443
5400,94.9625,105.971,90.4941,51.4463,37.1275,95.1427,18.3686
5430,94.3917,104.975,86.8271,53.6108,36.2204,95.8387,17.9649
5460,93.8242,105.275,87.9854,54.6375,35.9055,92.6953,17.987
5490,92.0278,106.812,88.4784,53.8532,36.6245,94.8206,18.4385
5520,93.873,107.099,86.7778,51.9602,36.3532,96.5411,18.3993
5550,92.2378,103.918,89.2536,53.6744,36.1032,96.4594,18.4428
5580,95.2408,105.511,90.7472,53.3526,35.2737,91.3739,17.9819
5610,94.7686,105.801,87.3848,54.8458,36.287,91.147,18.2639
5640,93.3637,109.481,90.8852,53.9855,37.0923,89.7337,18.1994
5670,95.987,104.719,88.2809,53.2896,35.7892,89.0241,17.8955
5700,94.2483,105.972,90.6999,54.9555,36.4095,88.6661,17.6973
5730,92.171,107.004,91.3817,52.8568,36.2114,87.3951,18.1079
5760,95.1235,110.361,87.9069,52.7192,37.2414,91.7238,18.3539
5790,96.0372,105.579,88.1748,53.0896,36.4109,90.4829,18.5725
5820,96.5964,107.522,91.2282,52.8501,35.3066,88.8506,18.0008
5850,95.7658,106.354,89.9164,54.7718,36.0006,88.8209,18.5221
5880,85.4631,96.1326,78.5744,53.333,35.1607,88.0939,15.3207
