Time,FC,PAS,PAM,PAD,temp,SpO2,FR
-1,104,102,69,51,37.0686,94,28
0,114.4,112.2,75.9,51,36.5497,94,30.8
30,115.485,109.479,76.9736,51,36.0307,94,30.6223
60,115.187,110.175,74.1821,51,35.5118,94,30.7603
90,113.684,110.627,77.2971,51,34.9928,94,30.9845
120,115.051,111.418,75.8903,51,34.4738,94,30.3371
150,113.445,110.346,75.4879,51,33.9549,94,30.4534
180,112.21,112.018,75.0989,51,33.4359,94,30.7436
210,113.168,113.606,76.2848,51,32.9169,94,30.985
240,116.14,110.263,77.1854,51,32.398,94,31.421
270,113.222,109.501,75.0075,51,31.879,94,30.7973
300,117.197,112.858,76.533,51,31.3601,94,30.7149
330,115.288,110.459,77.4607,51,30.8411,94,30.0706
360,125.401,111.49,84.6933,51,30.3221,94,30.886
390,126.668,112.248,84.4413,51,29.8032,94,30.2068
420,113.674,112.066,74.5063,51,30.203,94,30.672
450,111.204,111.283,74.9719,50.3187,30.218,93.0528,29.9756
480,112.295,114.456,78.2171,50.897,31.0345,92.9974,31.2097
510,114.249,109.218,76.2879,51.7082,32.1416,102.812,31.0138
540,116.791,111.209,76.0648,50.5332,31.069,96.37,30.266
570,115.031,93.0579,63.2131,41.9757,32.8196,94.0566,28.3861
600,113.899,90.5767,61.188,41.4657,32.5576,87.7634,28.8226
630,108.549,90.5185,61.2765,41.8661,32.129,86.6335,27.5302
660,109.075,87.4706,60.1009,41.7476,33.6266,82.3313,26.9791
690,109.159,89.6363,61.2321,39.6413,33.0176,78.2524,25.929
720,151.241,44.9277,60.7903,23.6318,34.9149,74.1048,25.6374
750,150.241,41.631,60.394,24.6502,33.965,88.3887,25.0083
780,145.702,45.6372,61.1524,23.4897,34.8786,83.8221,24.2593
810,143.718,43.1815,59.5611,24.1865,34.6928,77.4393,24.1001
840,145.442,42.7632,75.4867,24.3324,35.4148,74.2642,23.4463
870,147.343,40.6982,75.4397,23.6194,36.7465,71.7094,22.3062
900,143.014,42.6966,75.8066,35.4712,37.712,67.0152,22.369
930,145.951,46.2831,76.5507,34.6546,37.7284,66.0535,23.6421
960,145.732,66.8631,75.8519,35.878,37.1256,61.0329,22.8419
990,146.787,62.8612,76.6536,35.3951,37.0222,55.7836,23.8003
1020,143.603,66.3872,76.2805,36.1808,37.3468,51.3279,22.6481
1050,143.833,70.3626,75.1786,34.3226,37.4806,47.9177,23.0759
1080,148.989,63.4743,76.153,34.1875,38.0069,45.8534,23.6145
1110,146.089,65.0919,75.1002,35.4966,37.6273,39.8428,22.3217
1140,148.247,67.2026,77.2872,35.6102,36.8671,38.3179,23.4561
1170,149.556,64.1067,78.3128,36.3015,38.2874,31.8284,22.9177
1200,151.304,65.972,73.9751,33.8421,38.5776,28.3178,23.5134
1230,103.069,88.2613,76.201,45.4654,38.4316,25.9347,22.7197
1260,96.6017,83.6588,64.7884,39.6001,37.1305,23.5126,22.9554
1290,84.1402,79.8983,46.3517,39.0521,36.8425,17.8711,23.4319
1320,86.1732,75.9464,43.9365,39.6997,38.723,72.4317,22.6407
1350,86.2416,80.9501,43.9291,37.0779,37.9191,72.6858,22.6525
1380,87.7014,81.1891,45.1222,38.6107,37.5167,75.5806,23.6719
1410,85.2307,80.665,45.4655,38.7298,37.6943,73.3207,22.6623
1440,87.4606,79.8621,45.1682,39.3941,36.2964,73.9384,23.5442
1470,86.5108,80.0934,43.8813,37.5521,38.0079,71.4127,23.3902
1500,86.4559,79.805,44.6071,39.6583,36.0615,77.0571,22.9495
1530,90.2736,77.6099,63.3459,38.6258,36.9367,79.0859,22.6775
1560,90.0469,77.4095,64.0875,39.5254,36.5004,75.486,22.8196
1590,90.2035,77.1345,62.2897,37.5191,37.1499,77.3927,22.7725
1620,87.7126,70.9436,53.526,33.1074,37.8586,78.423,22.5776
1650,94.7425,71.3421,60.3943,31.8202,36.9062,77.2124,24.8962
1680,91.5732,70.9293,58.2498,32.8393,37.3681,79.6066,25.6523
1710,94.2381,71.0142,57.933,33.1028,37.675,79.8697,24.6698
1740,90.7427,72.2086,60.1313,31.5569,38.0608,76.4194,25.6294
1770,113.166,83.6921,71.1093,34.0733,37.794,76.5088,30.3104
1800,99.5468,74.1728,57.7848,33.0884,37.8328,77.8697,31.0548
1830,99.4367,75.3323,56.8486,32.6236,36.5627,77.7374,30.7763
1860,99.5141,72.9113,57.5266,33.7675,38.0541,78.9467,30.9707
1890,98.8969,76.3704,57.908,32.7879,37.7199,77.6336,30.6406
1920,96.8819,71.7643,59.1887,31.789,37.2862,78.9234,30.77
1950,96.182,71.9006,58.968,32.7759,36.789,83.4431,30.5914
1980,98.3789,73.6174,56.2684,32.3687,37.2971,83.5279,31.2947
2010,99.0604,74.2969,57.189,31.9672,37.671,81.5017,31.0712
2040,99.7131,73.7951,58.7934,32.7186,38.1361,83.3187,30.3801
2070,115.757,88.254,72.4058,31.5448,36.5156,80.5751,33.1091
2100,116.652,86.4529,70.8213,34.0835,36.1172,83.1506,32.3696
2130,115.324,85.359,71.5846,33.962,37.1176,82.0374,32.2695
2160,113.856,86.4467,72.2921,31.8888,36.1537,80.3133,33.0085
2190,113.465,88.6408,73.0613,32.3155,35.9422,79.7583,32.4061
2220,114.819,85.5742,70.9094,33.6684,35.951,83.7389,33.2683
2250,113.793,85.9345,73.5169,32.4481,36.5022,81.2324,32.7116
2280,116.827,89.5756,72.5773,33.9786,37.6197,82.2157,32.8832
2310,115.755,86.3353,73.7142,34.1048,36.1591,79.9972,33.2644
2340,114.101,85.9953,73.1021,33.2426,37.2735,81.9987,32.9061
2370,112.983,86.7635,73.9697,32.1407,37.8044,82.4905,33.2099
2400,114.573,85.9335,73.3517,33.7062,36.4436,81.2397,33.2008
2430,116.706,86.1479,73.4954,32.3644,36.0281,80.4704,33.0472
2460,114.411,84.295,71.82,33.473,36.6378,80.9311,33.1815
2490,114.939,86.163,70.7418,32.7152,38.1973,80.854,32.4646
2520,113.403,85.1347,70.5807,32.4214,37.3411,80.3114,32.838
2550,122.209,89.2348,78.3506,32.2916,35.7405,79.467,33.8015
2580,119.133,91.2708,76.1143,31.4577,37.2794,83.2142,33.1782
2610,118.343,94.1517,76.7628,33.7669,38.1706,79.652,34.3201
2640,118.228,89.6179,76.3416,33.3237,37.4956,80.3983,33.8619
2670,121.401,89.5517,78.3822,33.7925,37.527,81.1265,33.8387
2700,120.299,92.6328,77.1646,33.9996,36.6208,83.6033,33.6927
2730,120.383,91.0083,76.167,32.1744,36.2932,80.4366,33.5129
2760,121.191,92.1459,78.6738,32.2461,35.9293,83.3481,34.2746
2790,120.516,93.152,78.0742,33.5329,36.9218,80.8296,33.4548
2820,123.137,93.865,75.7202,32.4827,35.9853,82.9812,34.1417
2850,121.441,89.3573,75.4291,33.8122,36.7045,79.8127,33.3459
2880,118.996,89.3357,76.6596,32.288,36.3139,80.1773,34.1076
2910,119.756,88.8672,77.181,34.2033,37.2526,80.0705,33.4839
2940,123.205,90.7646,77.3559,32.4542,36.7608,79.7451,33.3301
2970,121.963,89.9321,78.5199,32.1297,36.2263,80.5189,33.9692
3000,120.258,92.8194,78.3242,33.4336,35.2642,81.1133,33.54
3030,119.991,88.8287,75.7119,33.0885,37.3557,82.5475,34.25
3060,125.421,92.3912,77.4886,32.6703,36.7937,81.0907,34.3518
3090,124.073,92.4916,79.0835,32.1206,37.1885,82.6135,34.6813
3120,124.526,94.1225,78.0747,33.6276,37.426,83.3582,34.988
3150,125.096,91.1586,78.4253,33.606,35.7541,81.4366,34.2492
3180,124.948,94.1089,79.1399,32.603,37.9943,82.3629,34.9813
3210,125.275,92.1425,78.7183,33.9438,35.0265,81.2491,36.0073
3240,128.394,94.9562,78.3681,33.3314,35.7011,81.3195,36.0146
3270,127.057,95.6648,80.1221,33.9353,36.6854,79.2579,36.95
3300,130.558,94.1678,79.8245,33.7238,36.0803,79.2308,38.0964
3330,130.286,93.4013,79.7253,33.6255,35.6135,80.5875,38.1792
3360,132.169,94.4095,80.9126,32.3982,36.6189,80.6357,38.4901
3390,130.503,91.4378,80.8081,32.2469,36.6569,81.6492,39.1874
3420,131.481,92.1124,80.8294,34.5026,37.0357,79.9934,38.9734
3450,130.637,93.5182,80.5954,34.2476,35.5043,74.3538,39.0055
3480,132.302,92.0733,79.5426,33.2267,36.9712,76.7701,39.4053
3510,133.055,93.7845,81.1476,32.4336,35.9846,76.5004,39.3095
3540,130.929,92.4514,80.7638,32.4237,35.8702,77.0636,38.0551
3570,127.285,91.7349,78.9002,33.5303,35.8983,80.5447,37.8176
3600,129.291,93.3888,79.2585,32.8159,34.9081,77.7359,36.1326
3630,127.078,91.4905,78.9648,34.3555,36.7811,81.4456,35.4489
3660,128.078,94.4324,79.273,32.1971,36.3272,81.2508,34.85
3690,126.566,96.021,77.6916,32.1735,37.0124,79.5625,33.9405
3720,122.947,93.5852,80.0007,33.4397,36.7578,83.5637,32.8901
3750,124.207,91.3784,81.2526,32.9675,37.2515,83.9787,32.9707
3780,121.892,91.3526,81.0758,33.5433,36.8256,81.901,32.9004
3810,122.009,91.0536,80.8172,34.1952,37.7504,83.339,32.3817
3840,121.831,95.2881,80.8833,34.1253,36.4726,87.605,32.5194
3870,123.244,95.7396,80.6793,33.0641,36.2975,85.4554,33.1459
3900,122.564,91.8911,79.7915,32.7493,36.6451,85.4528,32.0874
3930,122.935,96.0933,80.972,33.2347,35.8971,89.6556,32.214
3960,123.898,94.674,81.2834,32.7453,36.4216,90.1935,33.0821
3990,123.471,94.0208,78.9295,32.6295,37.268,88.7104,32.6136
4020,123.623,95.4878,80.6834,32.8602,36.7087,90.2924,33.1619
4050,125.3,95.2623,81.4086,33.3932,35.4424,92.5458,31.7451
4080,100.846,78.4029,64.9908,32.2633,35.662,90.2931,31.889
4110,99.8576,76.724,65.2952,33.6764,37.5329,91.6562,32.4107
4140,99.159,80.028,63.5973,34.3357,36.7728,95.8324,32.3383
4170,100.016,76.5643,64.0947,31.9691,37.1679,93.2523,32.2215
4200,99.259,77.8479,65.8632,32.1137,37.0666,97.9341,32.125
4230,97.0352,79.3091,63.7964,31.9439,35.9557,103.602,31.7745
4260,97.7132,78.9278,63.5723,32.0403,36.5179,103.515,32.7179
4290,97.9057,79.5277,67.057,34.218,36.0588,102.191,32.0123
4320,99.9251,74.9749,64.9849,33.0622,37.215,104.49,32.6056
4350,99.3712,80.1571,66.6612,32.3243,35.9735,101.841,32.1826
4380,93.8339,73.4694,62.7729,33.4363,35.3413,102.97,25.4275
4410,92.6734,74.4662,62.2999,34.2373,37.1384,101.535,25.2306
4440,96.1792,75.1443,63.775,33.6041,36.4449,102.844,25.9405
4470,95.3239,73.6686,61.3553,34.4056,37.0807,102.514,25.2046
4500,95.9004,77.0002,64.2042,32.1081,35.6816,103.493,25.1853
4530,92.1566,71.8749,61.5471,33.6522,36.8332,100.716,25.673
4560,92.5433,76.3511,62.2486,33.1765,37.1372,102.767,25.1003
4590,93.4979,75.1595,61.5044,32.6091,35.8015,103.455,25.8783
4620,94.9829,74.7111,60.859,34.1166,35.7325,101.333,24.8573
4650,95.5302,73.7221,63.3827,33.5251,37.3421,102.286,25.8561
4680,95.006,75.9317,62.2515,32.3749,37.3505,102.63,25.9425
4710,94.6502,75.2202,61.752,33.6543,36.6364,103.339,25.8547
4740,94.3415,75.0963,63.5355,33.2734,36.7102,103.195,24.86
4770,93.6467,73.1545,63.217,32.2888,34.5808,100.897,25.5753
4800,96.0087,74.2636,63.9424,33.3177,35.7031,103.018,25.8699
4830,96.6667,76.0622,62.9508,32.6263,36.1048,101.473,25.0293
4860,96.0328,76.9002,63.4168,32.2922,36.6069,101.516,25.057
4890,94.8754,76.4701,62.157,33.6,36.9903,102.02,25.696
4920,96.5375,72.5863,61.93,32.7815,36.9457,101.801,25.3735
4950,95.2404,76.411,63.6377,32.9223,36.3906,103.285,25.8675
4980,86.1728,64.9245,54.108,34.1482,36.1123,100.868,21.2019
