Time,FC,PAS,PAM,PAD,temp,SpO2,FR
-1,108,149,104,78,36.8191,96,18
0,118.8,163.9,114.4,78,36.3036,96,19.8
30,119.422,161.591,116.098,78,35.7882,96,19.3516
60,116.21,163.966,116.632,78,35.2727,96,19.7599
90,116.34,165.331,113.308,78,34.7572,96,19.3368
120,119.024,165.748,114.651,78,34.2417,96,19.5321
150,119.275,165.709,112.092,78,33.7263,96,19.7174
180,119.039,167.638,115.165,78,33.2108,96,19.7427
210,118.112,163.834,116.969,78,32.6953,96,19.8405
240,120.19,163.19,112.779,78,32.1799,96,20.1089
270,116.277,161.346,114.62,78,31.6644,96,20.0306
300,120.858,161.295,114.141,78,31.1489,96,20.1031
330,117.966,167.9,115.906,78,30.6335,96,19.4963
360,130.213,165.624,127.044,78,30.118,96,19.3184
390,133.124,165.7,125.567,78,29.6025,96,19.381
420,121.498,166.661,113.051,78,29.8491,96,20.1606
450,118.397,163.955,112.942,78.78,30.3942,96.96,20.1811
480,118.508,165.528,115.465,79.1932,30.6174,95.7615,20.0988
510,121.861,165.116,112.869,78.8669,30.3298,100.807,20.0094
540,116.877,164.303,113.978,79.0466,31.1156,101.378,19.7434
570,117.645,136.037,95.2271,62.1241,31.479,95.11,19.0904
600,118.711,135.297,91.5787,62.2398,31.2629,95.8701,18.6696
630,112.914,128.598,90.0938,61.3689,31.1303,92.0642,18.3035
660,113.324,135.307,94.5621,62.0423,32.4674,89.8683,18.0088
690,114.448,133.818,95.0515,61.4548,32.764,87.7806,16.8447
720,103.697,110.533,75.4059,59.279,31.9348,85.8139,17.2721
750,96.2837,115.414,51.92,54.5556,32.679,82.8987,16.1177
780,92.243,115.731,50.2353,52.1623,33.0845,91.937,16.4855
810,95.1542,114.769,47.494,54.7927,33.2881,88.5695,15.7821
840,93.6351,145.738,50.5695,53.4734,33.3191,88.2576,15.0543
870,93.3889,141.588,51.1371,54.7764,34.1442,87.7472,14.4982
900,87.858,146.352,71.1277,52.8392,33.5327,82.069,14.866
930,88.5401,143.965,69.9896,53.4229,34.5163,82.2381,14.9315
960,87.9003,140.879,73.1797,69.8412,35.1284,85.2361,15.2087
990,93.9649,140.059,92.1285,70.3972,35.0278,79.3239,15.3774
1020,95.1714,135.979,93.1897,69.974,34.8502,78.1856,14.5421
1050,95.0673,140.827,95.2022,68.6437,35.1362,74.6959,14.5871
1080,88.6192,117.183,80.8247,64.5349,36.5711,72.9206,14.7671
1110,99.7203,124.199,89.0975,57.1331,36.1515,71.7831,16.8561
1140,99.6683,130.651,91.6429,57.7375,36.823,67.7631,15.8869
1170,99.6712,129.489,87.2215,57.6725,36.2253,68.3115,16.5423
1200,96.3953,132.175,91.1492,60.5487,36.5016,64.5292,16.5383
1230,116.064,159.67,106.733,57.2606,37.4877,62.6828,19.7839
1260,101.017,139.921,90.8812,57.419,37.8261,58.953,19.9811
1290,103.171,142.577,92.2493,58.8035,38.3276,59.0017,20.3222
1320,100.823,142.924,92.1397,59.1242,37.354,57.4731,20.1324
1350,90.0249,121.102,81.006,59.8732,37.2754,57.4559,15.8901
1380,87.5955,121.563,80.6894,58.5052,37.9204,58.3984,15.5774
1410,115.156,154.753,103.104,57.6292,36.3941,59.0778,19.9266
1440,128.372,164.59,114.719,57.5286,37.5483,56.4639,21.7232
1470,133.616,169.498,118.62,58.9986,36.5356,59.8143,21.9993
1500,130.982,166.65,118.156,59.6792,37.8448,59.2187,21.8216
1530,106.27,134.512,98.8476,57.7032,37.662,61.2402,17.7756
1560,106.808,138.966,95.4509,59.4554,37.8726,60.6733,18.2025
1590,105.294,141.609,98.1638,58.456,36.8087,57.5736,17.308
1620,104.613,141.809,96.3641,60.2594,38.0606,60.557,17.9501
1650,91.3317,118.172,84.9736,58.1862,37.1423,60.5014,15.3502
1680,86.4342,118.986,79.5297,60.1712,36.9611,58.8674,15.0401
1710,86.6148,114.931,81.6425,59.3151,36.6382,58.1945,14.5605
1740,88.2217,116.546,79.6351,59.9097,37.0248,59.8676,15.1803
1770,87.6155,115.996,81.0134,57.1646,37.751,58.4111,14.951
1800,95.4509,124.635,87.2617,58.4482,37.8343,58.3566,16.235
1830,76.119,105.059,74.2658,58.409,36.2602,59.0967,16.0036
1860,76.0338,105.058,70.2789,59.3859,36.6027,58.8448,16.4097
1890,78.5347,99.0087,70.3345,60.6023,36.9857,60.0624,16.0146
1920,76.173,106.993,72.5304,58.7301,36.2792,60.6898,16.8786
1950,80.3125,99.5886,70.7174,57.3013,37.6615,58.0962,16.4991
1980,79.7594,104.77,72.9897,56.8915,36.9416,61.4786,16.6457
2010,78.5904,101.806,70.3915,57.7466,36.7939,59.3194,16.165
2040,79.4538,100.171,71.1781,56.7847,36.331,57.0138,16.4486
2070,75.6582,105.657,71.9152,57.0055,37.743,60.9384,16.1364
2100,78.8853,99.5683,73.7344,58.7222,37.5312,59.5746,16.4742
2130,93.2222,124.714,86.7492,59.9722,37.6372,59.6746,16.3068
2160,93.167,121.139,87.105,60.4911,36.4797,60.6446,17.2084
2190,93.9986,127.22,88.053,58.5882,37.1634,57.2373,16.7736
2220,94.9088,128.118,89.5618,57.3132,37.8562,60.0633,16.8878
2250,96.587,122.257,86.3985,60.3911,37.3257,59.6835,16.9903
2280,95.2621,121.771,90.0246,59.505,36.4206,58.2264,16.8954
2310,94.6275,120.926,88.8504,59.6316,37.5589,58.0344,16.4363
2340,94.6298,123.077,89.5356,60.2173,36.3702,59.8975,16.2581
2370,93.0683,122.818,89.1766,60.2923,36.8589,61.7448,17.0731
2400,93.0121,125.365,88.6237,59.4056,37.2995,59.5161,16.6149
2430,97.6781,127.366,85.5222,58.0626,37.541,60.7236,16.3004
2460,96.2139,120.729,86.8823,57.124,36.5425,57.6221,16.2092
2490,95.166,126.979,85.3718,59.38,36.0005,60.8729,16.8117
2520,95.072,127.43,87.6222,59.2836,36.6471,57.4761,16.5576
2550,92.6374,126.064,89.3256,56.785,36.7741,61.1272,16.5808
2580,93.9425,126.099,87.6924,56.6828,37.1568,60.8952,16.3118
2610,98.1062,128.711,85.6724,58.6832,37.2459,57.8973,16.3958
2640,96.6874,120.751,89.5222,57.7119,37.4291,58.2391,17.1359
2670,93.3989,123.847,86.5499,57.9689,35.9504,57.1616,16.5566
2700,95.1221,128.315,89.1285,59.9131,36.9278,57.9643,17.0326
2730,87.3275,113.824,84.4556,57.6729,35.861,57.2351,15.3791
2760,100.019,135.825,98.8371,63.2738,36.369,60.6093,15.3844
2790,96.2714,133.877,97.3195,67.2967,36.6088,61.635,15.2993
2820,98.3686,133.787,93.5935,69.7495,37.5586,60.6605,15.4388
2850,98.7197,141.888,96.9382,68.9927,35.852,59.6485,14.6833
2880,95.7279,138.866,97.9446,68.9748,37.4061,60.6082,14.9541
2910,96.657,137.99,93.6883,67.1651,36.7335,60.5436,15.37
2940,101.705,139.658,95.4363,67.7269,37.0286,58.8638,15.1522
2970,100.071,135.05,94.7829,66.8089,35.8984,61.1492,14.7384
3000,97.1466,137.261,93.7095,66.8473,35.668,61.0923,14.7628
3030,102.028,138.828,95.1507,66.5517,35.7682,58.7018,15.2538
3060,100.62,134.566,94.3245,68.7003,37.005,59.5321,14.9573
3090,100.027,141.408,96.9243,67.0816,35.6105,61.2325,15.3369
3120,98.2264,139.846,96.6133,67.7904,35.7529,60.0237,15.53
3150,98.2537,137.566,97.8212,66.8215,35.5963,57.4015,15.2031
3180,98.2385,137.317,98.7299,69.8225,36.421,57.4383,15.498
3210,99.0828,138.793,98.7094,69.967,36.3733,59.5953,15.0969
3240,100.554,137.061,98.5765,69.7386,35.6192,59.1042,15.201
3270,98.525,142.48,94.6408,68.437,36.2794,61.5119,15.6101
3300,100.195,142.079,95.1974,69.5771,36.0766,57.8037,15.6243
3330,101.423,135.676,97.0256,67.5897,36.7802,57.9649,14.7953
3360,97.2698,142.594,98.4628,70.0082,35.3373,57.0281,14.7851
