Time,FC,PAS,PAM,PAD,temp,SpO2,FR
-1,111,179,121,96,37.1868,93,24
0,122.1,196.9,133.1,96,36.6662,93,26.4
30,120.329,199.28,133.397,96,36.1456,93,26.1663
60,120.283,196.215,133.973,96,35.6249,93,26.1894
90,121.423,201.619,132.688,96,35.1043,93,26.6537
120,119.405,199.468,131.254,96,34.5837,93,26.8632
150,120.459,200.737,132.088,96,34.0631,93,26.4586
180,123.412,195.928,131.684,96,33.5425,93,26.1693
210,122.604,198.584,134.794,96,33.0219,93,26.1812
240,122.43,193.661,131.866,96,32.5013,93,27.05
270,123.225,199.16,134.792,96,31.9806,93,26.3262
300,123.675,195.008,132.001,96,31.46,93,26.4344
330,123.017,198.925,135.937,96,30.9394,93,26.264
360,132.952,197.38,143.826,96,30.4188,93,26.8606
390,133.495,195.104,143.506,96,29.8982,93,26.6534
420,123.067,201.754,132.584,96,30.1518,93,26.3988
450,125.105,197.576,136.509,96.9252,30.2498,93.0163,26.4448
480,119.539,194.381,131.245,97.1944,31.5095,95.2443,26.3504
510,122.53,197.133,130.205,96.9377,30.5484,98.1909,26.9649
540,121.876,196.844,131.05,96.8536,30.4896,94.3064,25.104
570,116.082,163.506,106.467,74.8055,30.6086,90.2546,25.4391
600,122.017,153.927,109.97,75.0508,32.3205,88.474,24.6763
630,113.71,155.88,103.889,77.0093,31.2562,85.3349,23.4744
660,112.032,154.668,106.52,74.9557,32.2998,78.8477,23.7701
690,117.524,157.666,111.052,76.5241,33.0081,78.3072,23.2213
720,163.729,72.523,104.433,45.2295,32.581,73.8917,22.9385
750,161.984,70.0187,109.14,47.3406,32.4121,92.6955,21.9152
780,161.283,77.9683,111.623,45.115,33.1237,89.5947,21.4309
810,159.244,80.7941,109.83,43.3648,34.0351,85.5275,20.3988
840,159.473,82.0865,104.792,45.7097,33.4757,79.4616,19.749
870,152.564,76.5838,107.244,45.0589,34.4871,77.7833,18.819
900,153.776,118.389,130.021,64.1545,34.1458,71.9884,18.5807
930,158.21,123.715,137.266,67.2549,33.9594,71.2856,19.3813
960,156.043,117.545,135.051,65.52,35.749,66.5922,20.5542
990,158.767,115.014,130.945,64.5597,35.507,60.8412,19.2301
1020,151.853,112.135,138.327,64.2548,35.2939,57.9413,20.1855
1050,156.635,123.02,134.049,66.1725,35.6167,55.0089,19.1234
1080,157.95,123.669,135.809,67.3855,35.5598,53.3575,18.8051
1110,158.213,117.432,132.359,64.016,35.8148,46.4788,19.0211
1140,157.496,117.7,133.091,65.9503,37.2317,45.8564,19.2368
1170,154.64,119.31,131.288,65.7041,36.062,43.69,19.5077
1200,154.608,118.297,136.875,65.2688,36.4116,39.8479,19.2678
1230,111.572,161.239,134.867,83.3431,37.3596,34.6383,19.8787
1260,107.78,142.398,121.762,71.7623,37.541,29.1509,19.1976
1290,95.9229,147.876,72.9491,71.7732,36.0648,29.0146,19.708
1320,95.0129,138.451,74.8638,72.2388,36.584,72.9347,20.5961
1350,96.7753,139.805,71.9154,71.8377,37.1941,68.7847,19.9485
1380,93.9615,147.508,71.7045,71.7319,36.2826,71.4239,20.3594
1410,94.128,136.2,73.176,70.3366,38.0933,70.237,19.941
1440,93.8093,135.257,74.9214,72.4016,36.4376,69.2975,19.5598
1470,92.9502,141.551,75.2167,73.539,38.7362,69.3264,19.8472
1500,96.8082,138.94,75.9173,70.4053,36.8002,76.3283,19.2308
1530,101.969,138.589,105.176,72.4944,37.8756,76.9641,19.0925
1560,99.5031,136.619,108.169,70.3717,38.0525,76.5378,19.3472
1590,100.732,139.986,107.152,72.9372,37.6396,73.8557,19.3702
1620,97.5634,115.103,99.6952,59.5351,36.2611,73.7059,19.2069
1650,105.562,126.953,99.6855,60.5897,36.6634,76.4971,21.1473
1680,102.766,127.926,102.575,60.8558,36.7377,73.3948,21.0077
1710,102.04,128.944,99.6116,63.1263,36.9383,76.0486,21.4566
1740,103.915,126.388,104.427,62.3726,37.4534,74.5276,21.3841
1770,126.916,153.002,121.695,61.0152,38.1266,73.1454,26.1569
1800,110.174,138.9,95.4406,63.2017,36.4137,74.8884,25.6584
1830,107.972,137.69,95.6387,62.4004,38.8144,76.0991,25.7335
1860,109.306,138.679,95.0711,61.1819,37.893,74.4286,25.8698
1890,111.563,137.283,94.0551,61.3282,36.2115,74.8707,25.3429
1920,110.227,138.942,93.9864,62.952,36.2398,74.3291,25.5784
1950,111.284,138.328,94.2467,62.6027,37.7407,78.0123,25.349
1980,108.369,137.497,96.9215,60.0246,36.9303,80.4663,26.2287
2010,108.052,140.116,96.456,62.2251,38.5306,80.424,25.8362
2040,109.246,139.953,96.3981,61.7595,37.0641,81.0093,25.3825
2070,126.481,162.493,122.689,63.0533,36.9301,81.3584,26.9013
2100,128.277,159.142,118.875,62.1744,36.0299,79.8468,27.52
2130,129.24,156.034,119.644,62.3852,37.3642,78.2522,27.3518
2160,129.802,160.933,118.103,60.0514,36.1785,78.2296,27.6619
2190,129.91,156.823,121.513,62.1806,37.2813,80.1844,26.9235
2220,126.013,162.38,121.806,61.8841,37.8187,78.0964,27.6804
2250,127.661,160.02,120.744,61.5401,38.3267,76.938,27.6072
2280,128.234,156.016,122.829,59.9677,35.8931,81.3,26.9494
2310,127.35,160.23,121.958,63.1218,36.8207,81.3175,27.444
2340,127.333,160.66,118.777,61.2961,36.3611,78.1991,27.5452
2370,125.593,161.693,118.889,63.3454,37.0303,80.1009,27.257
2400,126.852,160.072,120.775,61.4901,37.8244,79.6527,27.2445
2430,126.002,158.147,119.286,61.8409,37.3372,77.6959,27.2515
2460,124.92,158.178,122.479,60.0405,37.1077,80.8371,26.8967
2490,125.132,155.881,117.648,62.7613,37.103,77.8333,27.6057
2520,126.812,161.139,119.16,60.5622,37.3648,80.0099,27.416
2550,133.437,171.131,127.67,60.2778,36.2507,79.7309,27.9565
2580,135.902,167.463,129.343,62.2071,36.9732,80.1921,28.4173
2610,134.221,169.186,129.915,62.8176,37.3656,79.5164,28.5054
2640,134.995,170.152,127.532,63.3388,37.9826,79.2042,27.7335
2670,136.235,168.827,128.415,59.8353,36.851,78.7431,28.5031
2700,134.241,170.365,129.667,59.9911,35.9235,81.056,28.3614
2730,131.919,167.343,129.678,61.3357,35.7481,78.2962,28.5676
2760,137.14,167.154,131.503,62.5557,36.1918,80.6824,27.822
2790,132.521,164.679,128.329,59.9419,36.3116,81.4013,28.2101
2820,135.389,167.569,130.686,62.9625,37.4082,79.4066,28.4684
2850,133.043,164.323,128.336,61.1937,36.2511,78.4303,27.8818
2880,132.932,165.227,132.213,61.0673,37.2842,79.4656,28.3498
2910,137.655,170.157,131.397,59.6286,37.1899,79.696,27.8586
2940,134.598,166.449,127.254,60.031,37.523,81.3373,27.7835
2970,136.594,166.187,130.244,63.385,37.8918,77.6386,28.6486
3000,134.703,165.723,129.519,62.5275,36.3568,78.8767,28.6533
3030,139.526,166.901,127.843,61.2028,36.0487,79.784,28.1698
3060,141.431,172.63,134.875,59.4617,36.3464,77.5296,28.0402
3090,147.089,173.069,131.501,62.8731,36.1093,80.6442,28.7744
3120,145.332,169.339,134.456,61.098,34.9272,78.7237,28.0862
3150,145.936,171.247,134.268,61.2966,35.1489,81.3338,28.2747
3180,149.953,172.559,132.865,60.3758,35.8685,78.3214,28.3373
3210,147.252,170.356,131.951,62.9287,37.2895,79.8878,28.1054
3240,148.347,169.378,133.709,61.159,36.5041,79.244,28.7271
3270,150.173,168.069,131.703,61.6759,35.0054,80.5386,28.3261
3300,153.132,168.263,133.638,59.674,36.8288,78.4469,28.9259
3330,151.09,171.117,134.585,62.6373,35.7029,80.419,28.8547
3360,151.8,169.1,131.702,62.9276,35.6642,75.9825,28.0708
3390,151.414,171.222,136.768,63.6704,36.9085,71.9269,27.3473
3420,151.293,171.777,133.244,61.6482,36.314,69.4992,26.9529
3450,146.303,173.64,132.491,62.4162,36.3796,67.0046,26.5092
3480,145.122,170.15,133.513,61.0183,37.6844,66.298,25.981
3510,144.413,172.882,134.657,63.5785,36.732,60.9213,25.1775
3540,143.173,171.387,136.2,62.7072,34.9966,57.9616,25.1284
3570,145.022,170.053,131.504,64.28,35.5833,57.4466,25.2105
3600,142.477,167.56,135.785,62.7231,36.9062,53.1963,24.7771
3630,139.032,174.299,131.296,63.2859,35.8853,49.9847,25.5601
3660,140.013,168.113,134.616,63.8763,36.0664,47.8039,24.6609
3690,135.555,170.237,131.792,61.7077,36.9326,47.8555,24.8672
3720,138.919,173.134,136.652,62.3259,35.3805,43.9178,25.5855
3750,136.054,172.67,132.841,63.4575,36.8311,41.5578,26.1239
3780,138.141,170.309,133.607,63.2032,35.9352,39.1403,26.2957
3810,135.786,174.608,134.275,63.3666,36.4389,33.0391,27.0265
3840,136.364,168.241,136.145,62.145,36.0826,33.1939,27.7334
3870,136.498,169.784,133.014,60.4198,35.9801,36.6018,28.0965
3900,137.601,167.741,131.704,62.3747,37.5282,37.6911,28.6384
3930,139.715,169.359,134.925,62.1666,37.1723,39.0129,28.6926
3960,139.846,173.003,133.63,61.0861,35.7402,39.2688,28.2864
3990,139.124,168.056,134.662,62.283,35.0942,40.4181,28.3707
4020,136.578,174.649,132.144,60.1882,37.5842,41.2677,28.4873
4050,134.627,174.947,134.24,63.5567,35.1928,41.1856,28.1358
4080,111.288,137.035,108.864,60.4106,36.0264,41.1166,28.2688
4110,108.832,137.319,111.165,62.1018,36.6502,39.3399,28.5934
4140,110.857,137.536,110.231,62.5247,35.8141,43.7779,28.1126
4170,108.321,139.692,106.423,62.5531,37.0251,49.6585,28.2979
4200,107.156,138.124,108.882,62.7553,35.6707,49.2904,28.7961
4230,108.882,142.646,108.317,63.3862,36.592,54.9235,28.3046
4260,111.009,137.378,106.141,63.711,36.6093,56.4763,28.0025
4290,111.569,136.674,110.04,62.0259,37.1626,63.5686,28.8442
4320,111.697,138.437,109.437,62.0126,36.4237,64.6632,28.7049
4350,109.975,141.425,109.487,61.1029,35.0526,69.4561,27.8914
4380,103.167,134.083,106.823,60.9947,37.9724,71.3661,22.9049
4410,101.939,129.348,103.691,60.2799,35.81,73.291,22.5372
4440,104.303,133.641,107.172,60.2079,35.3721,80.6381,22.843
4470,101.803,132.522,102.142,61.4531,36.7033,81.6511,22.9667
4500,103.283,130.55,102.688,61.4907,35.533,84.3448,22.3277
4530,104.04,132.636,103.747,60.4433,36.205,89.5632,22.2812
4560,106.283,132.736,103.395,60.7416,36.052,94.7447,22.936
4590,104.375,136.29,103.116,60.6051,36.5731,93.9635,22.0763
4620,105.247,130.149,103.932,63.8468,36.4783,94.5389,22.1827
4650,106.613,132.54,103.155,62.8339,37.2649,97.8552,22.795
4680,102.76,129.893,106.943,60.2683,36.3261,98.0928,22.858
4710,105.506,129.899,107.115,61.8911,37.3452,95.8705,22.4558
4740,101.942,134.97,103.577,63.0528,35.7593,97.6365,22.3758
4770,106.095,129.208,107.348,62.975,37.3855,95.7577,22.1183
4800,106.337,131.324,102.569,60.7592,34.6652,98.2673,22.9852
4830,102.13,135.661,103.961,63.3809,37.376,94.6247,22.9932
4860,104.418,132.447,105.522,63.7946,36.8654,94.7051,22.8553
4890,103.913,130.159,104.655,61.1955,37.8498,95.3051,22.9956
4920,102.447,132.18,102.54,61.4378,35.2881,94.9604,22.6403
4950,106.24,133.522,103.992,63.2425,36.0769,96.9721,23.0298
4980,95.1461,116.43,95.1957,63.7301,35.8593,96.8644,19.0364
