Time,FC,PAS,PAM,PAD,temp,SpO2,FR
-1,99,180,135,109,36.5264,97,24
0,108.9,198,148.5,109,36.015,97,26.4
30,108.866,197.659,146.924,109,35.5037,97,26.9582
60,111.505,195.112,145.629,109,34.9923,97,26.841
90,110.602,198.423,147.907,109,34.4809,97,27.0191
120,107.989,193.283,151.08,109,33.9696,97,26.2764
150,109.819,200.518,150.155,109,33.4582,97,26.2483
180,108.712,199.162,151.096,109,32.9468,97,25.8008
210,109.859,200.962,146.668,109,32.4354,97,26.3161
240,109.573,197.621,152.05,109,31.9241,97,26.9148
270,106.257,200.551,151.563,109,31.4127,97,26.9543
300,107.64,196.069,149.801,109,30.9013,97,26.7945
330,108.228,197.804,147.885,109,30.39,97,26.0542
360,118.483,202.045,159.86,109,29.8786,97,26.6447
390,122.227,196.243,160.676,109,29.3672,97,26.4965
420,121.52,196.811,162.04,109,29.9124,97,27.0151
450,121.834,200.064,163.216,110.09,30.7567,97.97,26.46
480,110.122,197.856,147.452,112.164,31.7035,98.2484,26.1488
510,112.828,202.877,149.202,112.335,32.3471,101.68,26.8112
540,109.27,203.54,153.301,110.995,32.8469,95.7662,25.7889
570,108.954,159.947,118.544,90.1781,32.664,91.507,25.2424
600,108.786,163.282,116.256,87.8969,33.6465,92.453,24.2231
630,108.214,162.545,117.473,89.1405,34.0733,86.0952,24.053
660,103.359,156.732,121.734,89.4696,34.4933,82.7376,23.6307
690,102.523,161.994,116.381,85.9616,35.5218,82.0845,22.4864
720,97.0757,130.336,111.983,80.0519,36.2425,80.3135,22.2141
750,86.7735,134.192,68.1558,74.091,36.4221,77.8253,22.2085
780,85.3642,134.224,68.1872,76.4175,36.9435,88.1468,20.984
810,82.0326,132.058,68.1174,76.0916,37.9634,87.7716,20.3791
840,81.9692,137.769,70.2532,75.6479,37.7573,82.1751,20.7238
870,81.3405,130.971,63.3924,73.6012,37.3387,81.96,19.5707
900,81.2025,131.247,100.374,73.8761,38.6725,79.8823,20.1637
930,80.0173,137.159,93.7797,76.7406,38.2475,77.1683,20.1644
960,83.2477,174.267,97.2222,98.1505,37.9315,74.1494,20.2001
990,86.48,177.122,127.858,94.7367,37.3867,71.4534,19.9925
1020,85.3983,168.761,132.5,98.5854,37.7284,70.1324,19.653
1050,84.832,174.151,125.974,97.0143,37.9901,64.171,19.9735
1080,80.685,142.712,118.452,86.6565,38.174,64.3896,20.3757
1110,89.4884,162.522,125.606,81.5478,38.5472,62.0823,22.1219
1140,88.9191,154.737,123.442,80.0669,37.3883,55.6818,21.3472
1170,86.2085,161.145,124.925,82.6211,37.738,54.5559,21.5909
1200,88.2366,158.921,128.31,83.9544,38.1808,49.8509,22.5191
1230,103.349,197,155.756,84.4485,38.5211,48.3195,26.7497
1260,91.0903,147.746,137.056,80.5672,37.8689,45.3297,26.7822
1290,91.2604,150.684,140.771,83.782,37.7462,40.5987,26.8505
1320,92.0669,150.872,142.642,80.831,37.3512,43.7446,26.4495
1350,80.8156,149.008,113.215,82.8855,38.446,40.6371,20.7185
1380,79.5046,145.674,112.794,83.8325,38.6223,41.7083,19.9913
1410,100.628,190.828,147.647,82.6646,37.6737,41.5013,25.8501
1440,111.754,204.734,156.874,80.2962,38.7656,44.752,28.2368
1470,112.499,213.227,166.586,82.6551,37.9911,40.5357,28.9238
1500,113.668,208.156,160.602,82.5278,38.2569,41.6544,29.127
1530,93.2725,172.078,134.996,82.6182,37.5404,42.2303,23.3906
1560,93.98,172.568,136.437,80.1609,38.6884,45.2236,23.5561
1590,95.392,175.058,129.522,83.5965,37.835,44.7521,23.6307
1620,96.2232,175.207,136.531,79.8971,38.7491,45.4297,24.0438
1650,81.0078,144.563,113.593,79.4206,38.2957,40.9355,20.5271
1680,81.8364,143.208,109.123,82.1633,38.6891,45.4483,20.2462
1710,80.9315,148.26,110.54,82.6181,38.2307,42.2209,19.8489
1740,76.6864,140.496,108.605,79.556,38.6433,45.3217,19.5346
1770,81.1939,147.903,109.197,81.7116,36.9436,43.0643,19.9508
1800,88.421,158.988,121.6,83.0026,38.3404,42.9764,21.5264
1830,70.6569,125.991,95.534,82.1192,37.1949,42.7794,21.4202
1860,71.5675,128.832,100.681,79.1284,38.1089,44.7017,21.2815
1890,69.9502,128.975,97.9637,81.7207,37.652,43.4301,22.4583
1920,69.0272,131.604,99.3515,80.0758,37.3735,45.4116,22.3705
1950,66.7187,125.398,96.6552,83.4269,37.8251,42.7523,21.6206
1980,70.6482,129.522,99.6867,82.2749,37.2593,42.7592,21.9554
2010,71.9095,123.517,100.863,81.9555,37.9984,41.8369,21.1572
2040,66.8274,128.985,94.9668,82.0627,37.6432,44.0269,22.1376
2070,70.9565,127.529,100.321,83.6957,38.0473,45.6181,22.0113
2100,67.7771,125.362,95.066,84.3685,38.3955,44.2869,21.8926
2130,82.1625,159.884,117.855,79.4543,36.7616,45.7665,22.3454
2160,85.4251,151.096,121.621,83.3158,37.9738,44.491,21.9674
2190,82.2499,152.951,117.068,84.1715,38.0322,44.9708,22.5842
2220,83.8908,157.153,120.01,82.7914,38.395,43.5863,22.409
2250,86.3556,151.643,118.246,84.4502,36.8531,43.3061,21.6021
2280,82.0518,154.077,121.96,83.5164,37.5005,42.8944,22.3277
2310,82.2025,150.653,124.045,80.8034,37.1926,41.4173,21.8674
2340,81.4814,158.549,116.817,81.6284,37.5821,43.7405,21.7298
2370,84.0834,150.534,123.107,80.6797,36.8949,41.5615,21.9058
2400,82.9201,155.464,119.324,81.2694,38.2493,41.5194,21.8205
2430,83.5426,154.543,123.164,81.9629,37.4247,45.0668,22.6815
2460,86.0167,158.744,117.401,83.5353,37.814,42.1786,21.9142
2490,82.5821,157.597,120.14,82.7885,37.939,42.695,22.8555
2520,86.9481,154.224,118.675,80.1678,38.2126,44.4416,22.3521
2550,86.3305,157.682,123.311,80.1721,36.8226,44.6269,22.5251
2580,85.2152,155.337,121.346,81.3909,37.1519,44.8895,21.8553
2610,81.5808,159.929,120.893,80.5438,37.7771,41.3692,22.8218
2640,84.1761,153.834,124.169,81.2944,37.845,42.4534,22.3583
2670,85.415,159.577,118.37,81.8516,37.6955,41.7568,22.4975
2700,86.5393,158.54,120.242,81.8597,37.0658,41.7014,22.8016
2730,80.6948,149.742,111.06,83.2475,37.9988,45.0059,19.4757
2760,84.1495,173.603,118.222,85.7194,36.7827,46.0298,20.038
2790,90.8757,167.961,127.544,95.4026,36.8017,42.9131,19.6166
2820,90.496,170.343,134.018,96.0705,37.0148,43.0206,19.7842
2850,89.1143,170.649,128.68,93.9853,37.1127,43.401,19.6113
2880,86.4091,168.406,128.447,96.2428,36.5766,42.3241,20.5724
2910,86.7215,168.499,129.266,93.1543,37.3527,43.1696,20.6342
2940,89.359,174.009,126.958,95.1796,36.8684,45.6635,20.5016
2970,88.5678,169.568,131.967,93.2306,37.8379,45.4662,21.4248
3000,86.2738,170.14,133.297,94.0771,37.4198,46.0048,21.394
3030,89.5228,169.248,127.389,97.1085,37.1638,42.8403,21.9413
3060,92.4786,174.461,127.721,95.6259,37.2438,41.5393,22.6373
3090,92.4761,166.963,132.729,93.9077,36.7978,42.5283,23.6514
3120,89.4266,168.569,129.644,93.4391,37.1333,41.2415,24.3065
3150,90.491,167.051,135.018,96.139,36.6149,45.5737,24.9269
3180,95.2036,169.42,135.287,95.6741,36.1473,45.8153,24.9805
3210,95.0749,167.271,133.198,93.7069,36.1651,42.5558,25.9648
3240,94.8114,172.583,130.434,94.4918,37.4529,43.8253,26.5515
3270,94.3301,172.548,131.299,93.9867,37.1639,41.2794,25.7112
3300,98.0346,168.837,134.748,95.1777,36.914,42.2316,25.3322
3330,95.9131,173.842,132.764,97.7876,37.4456,38.5208,24.9325
3360,98.9315,173.732,129.326,93.059,35.7585,37.674,24.9428
