Time,FC,PAS,PAM,PAD,temp,SpO2,FR
-1,95,135,91,74,36.9229,99,15
0,104.5,148.5,100.1,74,36.4059,99,16.5
30,104.316,151.241,99.909,74,35.889,99,16.3803
60,102.776,151.19,101.134,74,35.3721,99,16.7138
90,104.611,149.817,101.988,74,34.8552,99,16.4913
120,105.938,146.246,100.526,74,34.3383,99,16.3777
150,104.005,149.448,99.8534,74,33.8213,99,16.4746
180,102.786,152.187,99.296,74,33.3044,99,16.5681
210,107.043,147.111,99.8284,74,32.7875,99,16.5058
240,104.262,150.533,98.5258,74,32.2706,99,16.8687
270,106.178,145.18,98.3201,74,31.7536,99,16.4425
300,105.848,145.418,97.8926,74,31.2367,99,16.5749
330,105.43,151.632,100.542,74,30.7198,99,16.6908
360,115.564,148.822,107.878,74,30.2029,99,16.3331
390,115.317,149.926,108.015,74,29.686,99,16.3748
420,116.009,151.068,109.654,74,30.4174,99,16.1533
450,113.786,144.884,108.471,74,31.1488,99,16.8411
480,106.628,151.46,101.783,74,31.8802,100,16.8432
510,103.052,146.487,100.184,74,32.6116,95.6575,16.2144
540,101.024,116.349,81.8945,59.2,33.0169,94.2277,15.9543
570,103.875,119.482,81.252,59.2,33.7483,89.6979,15.2175
600,103.509,120.134,77.5838,59.5882,35.193,85.6052,15.0281
630,101.887,118.333,79.3013,57.8442,35.6546,84.0851,14.7011
660,91.6105,98.6375,76.0414,54.62,35.5156,81.6939,13.9542
690,83.9702,102.517,43.9831,50.8932,36.4831,76.8587,14.3848
720,83.0816,104.469,46.2554,50.1591,36.7359,93.1537,13.6926
750,82.1931,98.3719,45.4302,51.1903,36.6749,91.1396,13.5258
780,81.3045,100.225,45.0841,51.8634,36.1501,86.3423,13.2485
810,80.416,132.082,65.8222,65.3234,37.1685,84.1208,12.8524
840,79.5274,132.306,65.4605,65.609,36.3514,79.5059,12.6985
870,79.5274,127.058,65.3722,65.5547,37.1147,79.0707,12.4425
900,81.7938,128.123,66.6022,65.226,36.7927,75.3706,12.5301
930,84.1988,126.175,86.7813,64.5395,37.6459,76.1982,12.6189
960,85.0087,128.322,86.0313,64.6376,36.2045,71.5349,12.3617
990,84.7356,128,87.4384,65.2136,37.884,65.3919,12.137
1020,79.894,109.228,82.7832,60.7757,37.6338,63.2361,12.1899
1050,84.2673,118.718,85.767,55.7189,36.1466,57.1567,13.7918
1080,87.4115,114.881,84.5544,55.2913,37.371,55.9174,13.706
1110,86.8489,115.534,86.112,54.8631,37.493,52.1493,13.7445
1140,86.7325,116.927,85.1315,56.0131,36.3166,50.2374,13.5231
1170,89.1886,118.354,84.7142,54.8154,36.443,45.2854,14.0735
1200,86.1506,118.756,84.9564,54.6181,36.9204,40.8318,14.0209
1230,76.5532,107.727,75.2008,56.5913,37.4429,39.7951,12.3568
1260,76.5231,107.333,76.548,56.352,36.5435,41.2875,12.6114
1290,80.3228,105.305,75.4471,54.995,36.2169,39.6506,12.7284
1320,77.1381,108.912,74.8216,54.4532,36.1831,39.6815,12.6492
1350,98.9055,141.081,98.3142,56.0396,36.2154,39.5507,16.4713
1380,98.0519,141.323,99.4298,54.6938,36.9488,39.8523,16.5617
1410,101.509,138.915,97.8827,55.9586,37.1629,40.0924,16.5377
1440,101.218,138.227,98.3725,56.6309,36.3904,40.1227,15.9329
1470,99.1262,137.207,98.1342,55.3171,36.1921,39.8066,16.0039
1500,98.6958,138.746,99.3745,54.6593,36.8472,40.4507,16.121
1530,102.297,138.684,97.1037,55.8223,37.7845,40.4025,16.1143
1560,100.495,139.073,96.942,54.7494,37.6748,40.5471,16.01
1590,98.2065,139.36,96.5716,54.959,37.4053,40.461,16.3613
1620,101.782,141.17,98.7953,56.5704,36.7909,40.5495,15.9708
1650,101.888,139.816,97.3558,56.0161,36.2698,40.5278,16.1293
1680,98.1783,138.621,98.1551,55.6457,37.8197,40.6849,16.3923
1710,101.914,140.062,98.9907,56.3871,36.6091,40.7995,16.0011
1740,98.0747,139.848,98.7808,56.2522,37.1961,40.467,16.3855
1770,102.792,137.983,98.7486,56.2699,37.8585,40.1045,16.2458
1800,98.3703,140.289,98.8476,54.5573,36.4206,40.3258,16.3423
1830,98.6609,137.562,97.3766,56.6199,37.7938,40.1693,16.4336
1860,99.0823,137.308,99.1612,54.869,37.6216,40.5571,15.9426
1890,100.158,137.643,98.5998,55.3839,37.0593,40.4109,16.0812
1920,100.418,139.581,98.5944,55.7047,36.7738,40.434,16.3576
1950,110.049,153.328,106.703,56.0169,36.315,40.5552,17.8206
1980,107.632,153.115,107.076,54.9944,36.143,40.2582,17.7373
2010,111.528,153.665,107.416,55.0884,36.4689,40.2035,17.8958
2040,110.914,152.448,108.981,54.9072,36.7339,40.5876,17.9321
2070,110.861,149.896,107.264,55.0433,36.3394,40.6484,18.0488
2100,108.648,150.998,107.771,55.1245,36.6664,40.0366,17.8038
2130,109.05,150.512,106.042,54.8733,36.6899,40.5228,17.7628
2160,109.956,153.126,106.661,55.0232,37.204,40.2323,17.7547
2190,111.977,153.693,106.809,56.0313,36.4734,40.6745,18.0526
2220,109.059,151.72,108.993,55.8558,36.1535,40.5087,18.028
2250,109.077,152.029,107.573,56.0713,36.0881,40.5615,18.0187
2280,108.969,150.276,107.308,56.4799,36.4049,40.6489,17.5254
2310,111.123,149.045,108.031,56.1657,36.1605,40.0349,17.706
2340,108.595,153.023,107.187,55.8286,36.8984,40.365,17.5726
2370,109.679,148.999,106.355,56.3935,37.378,40.6388,17.7758
2400,110.753,150.978,107.376,54.4347,37.4611,40.8251,18.0109
2430,111.79,152.636,106.017,56.07,37.6181,40.6682,17.7161
2460,82.5754,112.417,79.9432,54.6584,37.3638,40.3124,13.1281
2490,79.0412,112.261,76.8429,55.8565,37.6724,40.1723,12.9484
2520,81.0856,113.071,76.9663,55.0009,36.8521,40.4542,12.8544
2550,79.1734,110.888,77.7098,54.5525,36.6591,40.3024,13.1634
2580,79.08,109.018,77.7846,54.3885,36.0997,40.1728,12.7532
2610,81.7582,111.097,79.9542,56.4034,36.807,40.7721,12.951
2640,79.6046,108.859,80.0489,56.3474,36.2817,40.8258,12.7137
2670,80.9033,110.892,78.3045,56.0331,36.2267,40.5793,13.1538
2700,80.26,108.479,78.8859,55.6557,36.4976,40.7409,13.0129
2730,79.5117,108.674,79.3473,56.6444,37.3336,40.5604,13.1561
2760,78.7259,111.211,77.7791,55.1385,37.4437,40.1975,12.7495
2790,87.004,116.316,82.7059,55.2522,37.5025,40.5896,13.4755
2820,87.0138,117.197,84.7488,54.9276,36.9393,40.4075,13.9315
2850,86.2554,117.074,83.0441,56.6091,36.9652,40.1013,13.9879
2880,83.7025,119.144,84.0955,54.8985,36.8138,40.8025,13.7893
2910,83.5953,116.174,84.2717,56.7454,36.8786,40.0106,13.661
2940,83.9158,118.772,83.321,54.4612,36.312,40.2796,13.6205
2970,85.774,119.298,82.1456,55.0246,36.4602,40.3987,13.5662
3000,86.2258,118.165,82.1569,56.4016,36.8048,40.6605,13.4794
3030,86.7269,118.979,84.017,56.6034,37.8583,40.3336,14.0128
3060,84.8385,117.221,82.7864,55.8002,36.3206,40.6248,13.8477
3090,84.1694,115.596,85.0678,56.4094,37.7628,40.0687,14.079
3120,83.6133,115.762,83.6733,55.2171,37.5716,40.1341,14.3985
3150,86.0891,117.937,82.7054,56.152,36.7185,40.0301,14.6851
3180,84.2703,120.171,84.5201,54.8154,36.8123,40.1868,15.0901
3210,82.9457,116.94,82.6393,55.9562,37.2122,40.2838,15.5364
3240,85.172,116.429,84.2271,55.816,36.7684,40.2379,16.1296
3270,83.8092,117.389,83.3262,56.3863,37.9216,40.6061,16.1714
3300,84.5875,118.99,81.8045,55.8532,37.4859,40.6783,16.6899
3330,82.9959,115.357,82.9054,54.7202,36.8076,39.1814,16.6954
3360,81.5688,119.8,83.3978,55.4908,36.4077,37.5605,16.1312
3390,75.8761,107.345,74.8121,56.125,37.8004,36.5249,15.1975
3420,83.9683,127.444,79.8617,59.566,36.5926,34.8006,14.9175
3450,84.8156,126.642,88.5504,65.459,37.8244,33.5085,14.4857
3480,80.3055,124.731,87.2803,66.0358,36.896,32.6534,14.4662
3510,83.4854,126.502,87.1814,63.4585,36.6545,30.9645,13.8322
3540,78.6035,122.651,87.1295,65.1697,37.8908,30.2856,14.1387
3570,80.9383,123.802,88.1667,66.1541,36.3874,28.8207,13.9618
3600,82.6923,125.774,84.9386,66.117,37.4372,27.3316,13.3129
3630,82.0137,127.265,85.6317,63.7161,37.5959,26.452,13.0724
3660,82.7937,123.912,88.0118,65.9709,36.6913,25.0912,12.5626
3690,84.1803,127.18,86.3671,65.5611,36.346,23.2895,12.7635
3720,82.5467,127.703,87.6323,64.0267,37.1944,22.3747,12.5707
3750,83.5441,123.621,87.9142,63.488,36.3136,24.0517,12.4694
3780,83.6224,127.544,84.8698,65.8198,37.532,24.3184,12.9026
3810,86.748,125.743,87.1575,64.1031,37.1574,27.2851,12.8621
3840,86.2783,125.916,88.4041,63.7597,37.8588,31.2901,12.9994
3870,86.4905,125.329,87.2459,64.4707,37.7112,32.8816,12.5773
3900,90.1853,122.392,85.7475,63.5375,37.8364,31.7311,13.0237
3930,89.5309,125.27,87.1928,64.669,36.3569,33.6658,12.8898
