Time,FC,PAS,PAM,PAD,temp,SpO2,FR
-1,57,106,74,58,36.1094,99,12
0,62.7,116.6,81.4,58,35.6039,99,13.2
30,61.9538,118.851,80.6009,58,35.0983,99,13.0261
60,62.9142,119.356,79.545,58,34.5928,99,13.3969
90,62.2657,115.944,82.4005,58,34.0873,99,13.3211
120,62.5817,115.42,80.0389,58,33.5818,99,13.0302
150,64.183,114.896,83.0676,58,33.0762,99,13.0472
180,63.6517,116.883,79.9983,58,32.5707,99,12.9877
210,62.2103,116.85,79.9841,58,32.0652,99,12.8896
240,61.7167,117.203,81.0591,58,31.5596,99,13.4269
270,63.0625,113.935,79.9445,58,31.0541,99,13.0987
300,61.2076,118.966,81.6167,58,30.5486,99,13.4243
330,61.7665,116.127,80.9501,58,30.043,99,13.1102
360,68.9838,118.75,91.1468,58,29.5375,99,12.9688
390,69.5476,116.263,90.5213,58,29.032,99,13.0897
420,64.1862,119.451,80.8902,58,29.4746,99,13.0729
450,62.5841,118.309,80.2371,58,29.9173,99,13.4162
480,63.8165,119.096,80.3716,58,30.36,100,13.0587
510,63.0221,117.239,82.6988,58,30.8026,98.0629,12.9424
540,62.8844,91.5225,64.2143,46.4,30.9373,95.488,12.4497
570,61.7776,92.1365,65.6933,46.4,31.38,91.9413,12.2489
600,60.4973,95.5089,63.9246,46.7379,32.4638,94.2071,12.0088
630,60.9113,94.4376,62.9278,45.7318,32.2559,90.3116,11.4559
660,53.1939,86.2824,53.5331,40.2718,33.0983,86.9403,11.3284
690,48.5579,76.6086,37.0269,39.3836,33.6016,83.5272,11.489
720,48.0261,79.232,36.3491,39.6373,33.1187,95.3118,11.1135
750,47.4943,79.9305,35.3571,39.4587,33.8581,93.2432,10.8361
780,46.9625,76.8762,36.111,38.4133,34.1557,89.8855,10.1614
810,46.4307,99.5278,35.1777,51.1402,34.6746,87.1303,10.2081
840,45.8988,102.665,34.8068,51.0094,35.2333,87.389,10.2492
870,45.8988,100.261,34.3135,51.9053,36.1147,85.701,10.1506
900,45.536,100.737,36.6699,51.7344,36.5573,85.0528,9.61631
930,48.8957,99.4159,66.3398,51.6399,37,83.2714,9.46051
960,49.5961,101.185,67.315,50.34,37,80.7891,9.46035
990,48.5694,100.204,67.1918,52.0797,36.9505,78.5093,9.31464
1020,45.1181,94.3261,56.9982,43.2529,36.5949,78.4584,9.59122
1050,48.2159,94.8228,64.673,42.6904,36.4945,76.1807,10.4505
1080,50.5849,95.9733,65.0032,43.7974,37.1318,73.0401,10.5171
1110,49.6535,94.7215,62.692,42.4721,36.4198,72.0384,10.2376
1140,49.6537,95.3502,63.0697,42.9305,37.4643,70.4965,10.5908
1170,48.7642,95.5231,65.0089,42.7256,37.0902,64.8437,10.5948
1200,50.7159,92.3394,66.4853,43.8305,36.1371,65.3995,10.6651
1230,45.5443,83.6705,58.1962,42.8682,36.1141,62.4214,9.42416
1260,44.7345,83.1619,60.4482,43.0652,37.6735,64.313,9.62125
1290,44.2711,84.5299,59.1043,44.1349,37.1467,61.8669,9.53361
1320,46.0165,85.6752,59.299,42.609,37.2002,62.0602,9.84125
1350,58.2011,109.723,76.7778,44.0423,36.4288,60.8284,12.718
1380,58.4478,107.481,75.2362,43.8615,36.5066,60.9917,12.3036
1410,57.4278,110.754,76.734,42.8575,36.7994,61.1937,12.3204
1440,59.9306,108.936,76.3521,43.793,36.4894,61.0928,12.6649
1470,59.5324,109.735,77.1977,42.7449,36.402,62.2712,12.268
1500,58.1993,109.423,75.0952,43.9493,37.0714,61.4707,12.5293
1530,59.3592,108.125,76.9393,44.0441,36.1355,62.1336,12.2972
1560,58.3609,109.366,75.7785,43.1226,37.7157,63.1992,12.3008
1590,57.4666,110.775,74.9853,44.1875,36.8871,63.3112,12.305
1620,58.9106,108.73,75.5386,44.2625,37.6469,62.0007,12.6317
1650,58.2633,108.947,76.0386,42.6698,37.1488,61.7774,12.2493
1680,58.9032,109.469,75.3953,42.4272,36.115,62.5456,12.4473
1710,59.7514,108.452,76.4818,42.396,36.2957,62.8062,12.7112
1740,58.7456,108.971,75.2582,42.6926,37.4383,62.2108,12.3109
1770,58.8328,109.645,77.5302,44.2533,37.8493,62.3022,12.3027
1800,58.6976,109.312,75.4249,42.6551,36.09,62.2316,12.3279
1830,57.2279,110.491,76.6283,44.1741,36.1644,61.8949,12.7078
1860,57.6238,110.362,77.4287,43.7614,36.3444,61.5191,12.6782
1890,59.6769,108.721,75.1114,43.2702,37.7452,61.4788,12.456
1920,59.6234,108.807,76.5389,43.1425,37.6314,63.2472,12.5106
1950,65.0245,116.923,83.8652,44.0593,37.6507,62.3278,13.7049
1980,65.17,118.806,83.926,42.4861,36.6131,63.0926,13.6931
2010,63.8387,119.464,83.7027,42.9746,36.1597,63.2067,13.6925
2040,65.3094,119.589,82.5015,43.9337,36.257,63.4076,13.4095
2070,65.2838,118.911,83.9399,43.8882,37.267,62.697,13.6319
2100,64.0155,120.162,83.1522,43.1283,36.8653,62.0514,13.5315
2130,64.6473,120.363,82.5473,42.6548,37.2612,63.6862,13.5353
2160,64.5581,119.313,82.5642,43.5898,36.8346,62.6345,13.5237
2190,64.0471,117.876,83.6457,43.2266,37.7058,62.502,13.4194
2220,64.1011,120.456,84.2821,42.4048,37.6257,62.3677,13.5108
2250,63.3531,119.138,84.2333,44.2659,37.1111,61.7871,13.3698
2280,63.169,116.914,83.4943,44.0809,37.4483,63.5162,13.5613
2310,63.0302,118.059,84.4637,43.6411,37.3131,62.9672,13.3563
2340,64.1727,116.907,82.7964,42.5112,36.1256,62.0517,13.3532
2370,65.0709,119.139,83.2724,42.6129,36.5467,62.4311,13.3591
2400,64.9259,118.799,82.5445,42.3901,37.2112,63.4986,13.7502
2430,63.6147,119.519,83.0154,43.3485,36.2244,62.4075,13.3874
2460,47.2513,85.1767,60.3102,42.943,36.2625,62.9497,9.82512
2490,45.467,88.5513,60.8498,44.2831,37.0002,61.4812,9.69799
2520,47.2657,86.711,60.1964,43.4626,37.8416,62.6249,9.92686
2550,46.7374,86.4422,60.8688,44.1573,36.2034,63.6403,9.85371
2580,45.5287,86.3141,61.1882,44.1003,36.7131,63.5765,9.73561
2610,46.379,87.1225,61.108,43.4682,36.7949,61.6141,9.91635
2640,47.651,85.3305,61.3969,43.6068,36.967,63.6608,9.74225
2670,46.3582,86.7162,61.6921,42.3742,37.4818,62.1497,10.1002
2700,47.4804,85.8784,60.5578,44.2554,37.0366,63.7964,10.0707
2730,47.5806,88.5534,59.7623,42.959,36.7959,63.0187,10.0735
2760,47.3339,87.9285,60.7518,43.6529,37.5281,61.7837,9.79085
2790,48.977,90.9284,64.8079,43.728,36.9528,62.2298,10.61
2820,48.8831,93.1343,65.1442,42.4843,37.5835,61.5213,10.2775
2850,50.1732,92.0341,63.4266,44.1406,36.4466,63.5512,10.7486
2880,50.7326,91.7666,65.1424,43.1181,36.1643,62.3348,10.6712
2910,51.8341,91.2997,66.0035,42.4083,36.8535,61.5409,10.5284
2940,50.7306,92.7156,65.7364,43.9897,37.4456,62.609,10.4993
2970,53.1522,91.8832,64.7817,44.0054,37.2473,62.6994,10.6366
3000,53.7618,92.2905,65.4439,43.026,37.3118,62.4409,10.6207
3030,53.9655,93.8037,64.9408,43.1945,37.7941,62.7588,10.4825
3060,53.4808,92.9993,63.4265,43.2846,36.2296,63.5471,10.414
3090,55.3291,92.1309,65.5697,43.5812,37.292,62.2323,10.4937
3120,54.3814,94.0673,64.0701,42.6035,36.526,61.4886,10.4893
3150,56.6375,92.3737,63.9606,43.5773,36.4428,63.3149,10.7651
3180,54.7978,91.2029,64.2779,43.3596,36.9613,63.6042,11.0394
3210,56.8361,94.6333,64.4783,42.8918,37.5702,61.9841,10.8228
3240,54.9408,92.365,64.4972,44.1404,37.3887,59.4921,10.9112
3270,55.5902,92.6678,63.8783,42.9548,36.8267,59.0264,11.1555
3300,52.902,93.8706,64.1937,42.5407,37.7803,57.7961,11.2524
3330,53.4664,92.7752,63.7638,43.0532,37.0103,56.308,11.3062
3360,52.7671,91.8632,65.3245,43.8203,37.3907,54.0562,11.3696
3390,48.42,83.7935,60.0298,42.861,37.6822,52.5093,10.5888
3420,53.2884,89.9227,69.7825,48.7937,36.6495,52.1505,10.5506
3450,52.4717,97.2236,70.8736,48.648,37.4221,51.1255,10.4492
3480,51.3112,95.916,69.9814,50.2066,36.693,50.9299,10.6708
3510,50.8558,98.7436,69.6455,50.2945,36.2739,49.5613,10.5504
3540,51.0167,99.2634,69.7883,50.6759,36.2292,46.5814,9.96429
3570,51.0763,98.4963,69.1462,50.3766,37.837,45.6706,10.4626
3600,51.7177,99.6308,70.7748,50.3144,37.7618,44.9988,10.4579
3630,50.7517,98.4308,70.6829,49.3534,36.6225,43.3588,10.2924
3660,51.0976,97.6417,70.0149,50.3131,36.5056,41.6377,10.5466
3690,50.9034,98.0684,70.0768,50.1791,36.3576,39.8708,10.4645
3720,50.4392,97.8726,68.9436,50.3556,36.7654,38.9985,10.4861
3750,50.8388,99.7095,68.1717,49.7913,37.0421,39.3663,10.6157
3780,52.0202,97.7836,70.7772,49.1037,37.709,37.3231,10.6673
