Time,FC,PAS,PAM,PAD,temp,SpO2,FR
-1,100,190,130,109,37.2042,96,24
0,110,209,143,109,36.6833,96,26.4
30,112.094,211.438,142.97,109,36.1625,96,25.7724
60,107.758,205.724,140.499,109,35.6416,96,26.9235
90,111.947,208.714,146.135,109,35.1208,96,26.2964
120,110.036,212.431,144.669,109,34.5999,96,26.5259
150,109.689,212.7,140.192,109,34.079,96,26.9149
180,112.197,205.218,143.889,109,33.5582,96,25.7952
210,109.559,205.09,141.05,109,33.0373,96,26.0502
240,109.816,214.05,144.477,109,32.5165,96,26.7076
270,111.796,212.97,143.446,109,31.9956,96,26.9419
300,108.116,209.259,144.899,109,31.4748,96,25.7703
330,108.101,207.169,140.569,109,30.9539,96,25.9954
360,122.564,205.248,155.758,109,30.433,96,26.3308
390,119.606,205.619,156.569,109,29.9122,96,26.8028
420,122.024,208.05,158.387,109,31.0935,96,26.7529
450,120.357,207.188,157.162,110.09,32.5857,96.96,27.2751
480,110.616,213.343,148.032,110.331,33.0484,95.2304,26.4337
510,112.658,209.363,142.029,112.299,35.1885,100.221,26.8144
540,108.09,210.757,146.634,110.268,36.0617,98.6651,25.918
570,107.574,163.97,114.983,89.3986,37.4086,97.5598,25.8294
600,105.992,166.311,117.269,88.4424,37.4713,95.9265,25.0945
630,105.171,164.21,113.351,87.7802,37.9374,91.5401,23.7098
660,107.95,172.676,113.865,86.9686,37.1317,90.1741,23.7349
690,102.599,163.335,116.833,87.5525,37.9216,87.5047,23.2264
720,94.1627,154.897,108.644,75.5289,37.1616,84.8188,23.0265
750,88.1079,139.833,63.9259,73.7713,37.8708,81.4971,21.6858
780,85.1202,144.897,68.317,74.9184,37.4343,90.7727,21.6894
810,81.2241,143.33,65.5742,72.3988,37.173,86.8569,20.849
840,80.5995,142.012,97.1374,76.0494,37.31,87.0054,20.5771
870,83.6101,138.537,91.9436,74.2085,38.3084,83.2989,19.1634
900,84.7537,179.872,95.0949,74.2248,38.1894,79.9106,19.88
930,79.0302,182.149,91.9872,71.6311,38.0666,79.3061,19.3254
960,79.2138,181.387,90.7877,98.4591,37.6414,81.2637,20.19
990,90.0255,183.463,126.903,94.5824,37.8296,76.1774,20.1546
1020,86.3595,178.406,128.345,95.58,38.9605,74.4029,20.3798
1050,85.627,176.351,128.515,94.1368,37.8626,70.5948,19.4266
1080,81.424,172.013,114.587,83.8313,37.4464,69.6346,20.1865
1110,86.9849,168.989,118.971,80.9396,37.5254,65.6539,21.8919
1140,87.8753,170.68,117.855,83.9537,38.779,63.3795,21.5282
1170,89.6676,172.618,117.035,79.4069,38.7585,60.5133,21.4063
1200,85.9421,168.867,118.653,84.3196,37.8168,61.2608,22.2001
1230,105.661,201.778,144.412,83.2694,38.5545,54.7995,26.0754
1260,95.1372,174.005,124.551,81.0017,38.5776,56.799,26.2586
1290,93.3152,173.494,123.483,80.9752,38.8063,53.2484,26.4844
1320,94.0842,180.644,124.098,83.8278,37.5357,54.668,27.042
1350,81.2169,156.928,109.328,84.2595,37.3706,50.6432,20.7144
1380,83.2,149.902,110.684,82.9679,37.7051,51.7747,19.8408
1410,102.264,193.17,138.46,82.5394,37.834,53.5536,26.3095
1440,111.232,211.709,150.247,84.4252,37.4409,54.4023,28.7117
1470,115.578,223.755,157.165,84.0817,38.1323,50.9765,29.6942
1500,117.482,217.809,156.395,82.0607,37.6717,51.3971,28.8812
1530,96.217,179.766,125.572,83.0196,38.4327,52.6097,23.3029
1560,93.1821,175.478,125.682,81.5075,37.8719,53.1517,23.3946
1590,96.3057,178.207,125.127,79.4822,37.2988,54.2173,24.1616
1620,96.8507,183.292,129.796,81.6701,37.1245,51.8074,24.2025
1650,81.076,153.463,106.926,79.6762,38.6809,52.7269,20.5925
1680,81.2186,154.816,103.905,83.9952,38.6667,52.4147,19.5721
1710,79.4545,155.029,108.527,79.7161,37.3157,54.8802,19.3731
1740,79.3462,152.054,103.907,80.1063,37.6645,54.9093,20.0058
1770,80.0789,146.751,107.895,84.5004,37.7452,54.5564,19.2466
1800,87.4413,161.841,120.766,80.0558,36.8308,55.3142,21.0059
1830,73.1607,130.296,92.5263,81.3453,36.9905,55.639,21.6204
1860,69.3438,136.343,94.9863,83.3326,37.5087,54.3294,22.204
1890,72.3828,133.568,94.2046,81.2082,37.9101,51.435,21.4127
1920,67.9897,137.016,93.0077,82.2899,36.8393,51.9118,21.9356
1950,67.6782,129.206,95.9213,79.3835,37.4327,51.2011,21.5388
1980,70.3379,128.369,97.2101,83.8433,38.3275,53.4733,21.7728
2010,69.0455,130.456,94.0679,79.91,38.1836,51.095,21.6344
2040,70.0541,129.514,96.5461,82.3802,36.7559,51.8716,21.1578
2070,68.0331,132.23,96.8209,80.2967,37.6826,53.8041,21.2814
2100,73.2475,134.878,95.203,81.8368,37.979,53.6047,21.4057
2130,87.3383,158.878,118.939,84.3615,37.2683,52.9861,21.4918
2160,84.6427,162.869,116.073,82.8546,37.7825,52.7506,21.7282
2190,87.9012,164.042,114.651,83.96,36.5983,52.0556,21.4882
2220,87.1944,166.724,113.962,82.493,37.5142,55.4953,21.5061
2250,85.2334,163.261,114.804,84.4205,37.6726,52.4534,22.5989
2280,83.545,165.813,119.226,80.5043,36.9784,53.3964,22.6162
2310,89.1711,167.346,112.746,82.9471,37.4549,53.4453,22.1387
2340,86.8891,165.946,116.48,80.2773,37.6806,55.2909,22.4717
2370,84.6174,166.915,118.558,81.99,37.2414,52.2223,22.0168
2400,83.7576,164.158,114.352,79.7138,37.2053,52.3535,21.8453
2430,87.4751,166.486,113.439,82.5666,37.8853,52.7105,21.7967
2460,85.1772,167.366,118.307,83.969,37.7936,53.0865,21.4856
2490,85.6238,161.695,118.437,82.3387,36.9656,54.4243,21.5059
2520,87.5528,157.944,115.863,83.2937,37.666,55.1535,22.5299
2550,83.6153,159.808,112.928,83.0973,36.558,52.8209,21.8335
2580,88.3395,166.012,116.5,79.7711,37.8052,53.0985,22.7097
2610,86.0388,167.429,111.863,83.6084,37.0561,55.205,21.9031
2640,86.9356,164.408,115.19,80.639,37.71,55.6615,21.4087
2670,85.2963,166.977,118.326,81.151,36.6445,50.9446,21.4861
2700,84.2066,162.349,114.662,84.3976,36.8931,50.889,21.4924
2730,82.9603,152.254,104.176,81.2997,37.2272,51.1525,19.5678
2760,90.299,169.804,117.22,93.9989,37.5622,50.9254,20.1067
2790,87.5675,172.23,126.093,95.5882,38.0649,52.8929,20.6483
2820,91.9673,176.921,121.622,93.0515,37.9808,52.8007,19.5
2850,86.4899,176.764,122.538,92.6094,37.9717,51.5915,20.0053
2880,87.8317,174.879,126.451,92.4532,36.6315,51.7197,19.8864
2910,91.0169,174.828,128.632,92.7384,36.6439,53.1084,20.3723
2940,87.9053,182.266,126.426,92.9304,36.8381,53.9004,19.8226
2970,89.5944,173.461,124.051,94.0812,37.0113,53.0156,20.0224
3000,91.4636,179.408,127.919,96.0196,37.6602,52.8936,20.4233
3030,90.4833,179.422,129.435,97.0593,37.5875,55.1342,20.7119
3060,91.605,176.802,125.885,93.5133,36.5605,51.6459,19.8521
3090,96.1787,181.444,125.37,97.3392,37.645,54.7322,19.6887
3120,95.2815,175.729,125.433,96.5591,37.686,52.2765,19.8998
3150,98.6431,180.628,129.056,97.0379,36.7047,55.3916,20.1994
3180,96.1956,181.75,124.7,94.0563,36.4408,55.3506,19.909
3210,98.9844,174.101,126.016,93.3422,37.7577,50.9111,20.6362
3240,103.25,182.829,130.633,93.3537,35.7065,52.972,20.3254
