Time,FC,PAS,PAM,PAD,temp,SpO2,FR
-1,116,165,105,94,36.8182,89,26
0,127.6,181.5,115.5,94,36.3028,89,28.6
30,125.929,179.562,114.413,94,35.7873,89,28.5733
60,127.8,183.838,118.064,94,35.2719,89,28.5374
90,124.529,178.498,116.788,94,34.7564,89,28.552
120,130.54,183.087,112.945,94,34.241,89,28.7449
150,128.64,182.203,112.676,94,33.7255,89,28.0188
180,129.302,181.922,114.802,94,33.21,89,28.3027
210,127.982,177.526,112.905,94,32.6946,89,28.5603
240,130.535,182.986,116.311,94,32.1791,89,29.212
270,125.376,185.235,116.099,94,31.6637,89,29.1591
300,129.567,182.423,115.324,94,31.1482,89,28.9973
330,130.221,185.176,114.491,94,30.6328,89,29.1064
360,141.146,181.903,129.347,94,30.1173,89,28.6891
390,138.102,177.064,125.373,94,29.6019,89,28.1394
420,141.729,184.627,124.584,94,29.8864,89,27.9266
450,138.518,184.775,127.699,94,30.171,89,28.9834
480,127.073,182.335,116.506,94,30.4555,100,29.1461
510,127.554,182.38,115.298,94,30.74,96.6934,27.4418
540,123.908,142.317,91.0748,75.2,30.7172,92.2035,27.7964
570,127.337,146.109,94.186,75.2,31.0017,90.0978,27.1443
600,125.628,141.104,93.692,74.1768,31.5991,85.8049,26.7017
630,119.907,146.568,94.5479,76.5977,31.312,82.693,25.1789
660,116.361,137.1,79.9064,67.7734,32.061,77.1908,24.6198
690,102.097,125.898,54.9606,62.5897,32.6098,75.5187,23.6728
720,101.038,118.51,51.8883,63.2681,32.0104,82.9497,24.1933
750,99.9792,120.533,55.7056,64.722,33.3071,81.2674,23.2821
780,98.9203,121.444,55.6319,64.6731,32.6899,75.6559,22.5571
810,97.8613,118.955,76.4847,64.0538,33.5909,73.2729,22.0535
840,96.8024,126.046,76.1141,65.3702,34.2171,67.1238,21.9618
870,96.8024,159.105,75.16,82.5103,34.1546,68.0438,20.9516
900,96.192,155.024,75.6301,83.5688,34.4391,66.4392,21.3453
930,100.932,154.807,99.0942,82.3474,34.7237,60.0529,21.4963
960,104.653,151.468,99.6319,82.5353,35.0082,59.9191,21.7059
990,100.347,154.344,99.655,84.101,35.2927,55.3945,21.1314
1020,101.131,146.801,86.8214,74.9085,35.5773,52.2529,20.7879
1050,104.978,152.531,93.5695,70.81,35.8618,47.8793,23.5298
1080,103.821,144.662,94.6597,70.0863,36.1464,47.3708,23.1595
1110,104.257,146.225,95.1724,70.77,36.4309,40.6992,22.9469
1140,106.54,143.459,96.2563,68.8398,36.7154,37.5026,22.9836
1170,106.972,142.303,98.389,70.1829,37,34.2902,23.5637
1200,107.644,145.778,99.0619,71.2918,37,32.237,23.5161
1230,96.9662,132.352,88.5986,68.8989,36.899,29.5179,21.5673
1260,97.336,129.773,86.4202,70.1644,37.4051,25.2371,21.2069
1290,92.7762,129.229,87.5299,69.2432,37.3854,25.1043,21.0186
1320,95.6378,130.651,88.5047,70.9814,36.197,25.1851,21.5341
1350,120.358,167.362,111.884,69.3584,36.4559,25.005,27.2218
1380,122.459,168.09,114.36,68.5175,36.7918,25.1937,27.4407
1410,125.72,164.835,114.391,69.3149,36.1962,25.2092,28.0178
1440,122.261,170.49,111.03,71.1298,37.1338,25.6098,27.8702
1470,123.822,166.544,112.365,70.4411,37.5197,25.5546,27.0838
1500,125.815,169.074,111.438,69.5231,36.6409,25.8563,27.5907
1530,124.137,166.515,114.071,70.4242,36.7606,25.7146,28.1685
1560,122.666,170.15,114.251,70.8667,37.6734,25.9061,27.8312
1590,122.679,168.621,112.492,68.5136,37.8936,25.9055,27.9017
1620,124.552,166.752,113.905,70.7147,36.2436,26.0444,27.2329
1650,122.442,169.906,113.317,68.5583,36.4203,25.808,27.9111
1680,123.359,164.775,113.864,71.4918,37.8223,25.9838,27.9544
1710,124.807,167.187,112.797,69.0743,36.2381,26.2296,27.4367
1740,120.591,168.365,111.175,70.9893,37.8793,26.1975,27.7317
1770,120.564,168.793,113.829,69.7729,37.0968,25.8998,27.6895
1800,124.398,168.951,112.126,69.2287,37.4661,25.7228,27.3971
1830,124.166,168.286,111.222,69.921,36.1386,26.0352,27.9155
1860,120.873,167.067,111.225,68.8948,36.1263,25.787,27.1126
1890,120.201,170.447,113.392,68.497,37.2574,25.9113,27.6687
1920,121.278,168.692,111.247,71.2931,36.7831,25.9361,27.3295
1950,131.21,182.368,122.062,70.9763,36.1282,26.0609,29.7754
1980,130.789,180.575,120.396,68.8622,37.08,25.8061,29.8124
2010,133.694,181.702,121.627,70.1331,36.5723,25.7125,30.1094
2040,135.62,182.012,120.712,68.5942,36.143,25.8579,29.4318
2070,132.827,183.735,121.034,70.0683,36.1973,26.1704,29.8255
2100,130.971,181.944,122.926,68.7721,36.9792,26.205,29.7706
2130,130.623,185.933,122.86,70.2272,36.6523,25.7693,29.5927
2160,133.75,180.575,123.293,69.8554,36.9993,26.3096,30.048
2190,133.496,181.299,122.486,71.3695,37.7262,26.2353,29.9593
2220,135.91,183.709,123.593,68.4385,37.9099,26.0804,29.6265
2250,133.188,182.492,122.186,69.9394,36.8867,25.8549,29.5268
2280,134.722,182.017,121.179,69.344,37.0007,25.7669,30.3031
2310,130.44,180.378,121.637,70.0105,36.7292,25.7135,29.9396
2340,131.848,185.302,124.007,68.9376,37.061,26.246,29.6828
2370,133.441,182.907,121.867,68.2948,37.8343,25.7028,29.9747
2400,132.669,181.343,122.565,68.7285,37.2289,26.2697,29.9197
2430,131.15,179.974,121.171,68.6751,36.3357,26.1264,30.1283
2460,97.8599,134.72,88.2281,70.6755,37.2065,25.7891,22.5249
2490,95.8704,130.479,88.441,70.4499,37.0818,26.1082,22.2294
2520,97.8754,134.428,88.4285,71.1518,37.7904,26.2132,21.5104
2550,98.1943,135.011,89.6303,70.4686,37.5571,26.1838,22.3652
2580,100.419,133.263,89.478,69.6853,36.4463,26.0744,21.6739
2610,99.6773,134.959,88.1149,71.3794,37.5367,25.8982,22.1735
2640,96.9554,136.406,88.8557,70.9713,37.293,26.0098,22.2735
2670,98.3924,132.381,90.62,68.722,36.2708,25.8499,22.3811
2700,100.218,130.464,90.1014,71.028,37.0287,25.7471,21.7939
2730,99.1277,134.534,89.4731,69.9849,36.8947,26.0563,22.0153
2760,96.377,135.881,88.079,70.1183,37.7245,25.9563,21.9219
2790,104.349,145.176,93.6011,68.7188,36.5635,26.2301,23.987
2820,102.784,141.732,93.5617,68.5703,36.5853,25.7861,24.8437
2850,101.912,143.52,96.2795,69.5969,36.7636,25.9903,25.6357
2880,106.338,145.135,94.927,69.5185,36.3533,25.9162,25.7306
2910,105.304,140.962,96.7931,68.6551,37.5465,26.2134,25.9724
2940,106.534,140.062,93.5283,68.9554,36.9422,25.8273,26.6429
2970,105.451,141.607,93.1746,71.0915,36.0858,26.1894,27.191
3000,103.354,141.121,93.7069,69.1686,36.4211,26.0638,28.278
3030,103.123,145.316,93.7559,68.4483,36.4279,25.7429,28.2211
3060,106.832,145.077,94.7691,71.26,36.0895,26.0122,28.7487
3090,103.918,143.895,94.868,68.9845,36.1972,25.9732,29.2752
3120,101.603,140.948,94.5893,69.7223,37.024,26.012,30.692
3150,105.196,140.07,94.6665,68.3867,36.1629,26.0314,29.8614
3180,102.555,143.234,94.1842,68.995,37.0317,26.1127,29.9305
3210,104.195,140.567,94.2266,71.5183,37.7347,26.1343,30.0306
3240,106.7,140.391,94.3603,68.3782,36.8071,26.1121,30.3727
3270,106.389,140.559,93.9425,70.246,36.5964,26.0599,30.5877
3300,103.076,140.227,96.0719,70.1057,37.4375,26.3122,30.7768
3330,101.795,143.603,96.8609,70.7988,37.648,24.9379,30.1482
3360,103.76,145.111,97.1267,70.584,36.1972,24.1116,29.4898
3390,92.3569,132.84,86.1273,69.4704,36.3644,26.7172,27.4389
3420,96.407,143.293,100.044,73.4833,37.2232,30.578,26.2423
3450,100.227,146.384,101.907,80.4328,36.2941,29.9871,25.4339
3480,97.6191,157.511,101.886,80.079,37.3471,34.8521,25.0504
3510,100.396,156.037,99.6071,79.9984,37.9032,34.699,25.2861
3540,102.726,153.541,98.4514,79.6067,37.428,36.9836,24.4546
3570,101.925,155.863,99.5609,82.3419,36.1016,42.4586,24.1752
3600,100.38,156.596,101.99,80.5587,37.5888,45.697,22.7423
3630,99.2347,154.798,101.925,80.0224,36.4107,45.3067,22.4621
3660,99.8843,153.483,98.867,79.6577,37.1824,47.8068,21.5033
3690,101.679,153.233,101.634,79.4508,37.7666,49.8889,22.6506
3720,105.478,156.717,101.281,80.226,37.1097,54.7608,22.8627
3750,104.015,154.4,102.178,80.7824,37.7955,58.2041,22.8693
3780,103.853,151.817,98.8509,80.1812,36.6961,58.2074,22.5532
3810,108.68,155.04,101.037,80.1211,37.5345,61.5273,22.4659
3840,108.688,155.621,99.4898,81.4357,36.8347,61.8277,23.1497
3870,109.903,155.893,100.772,80.4186,36.2579,66.8191,22.9989
3900,105.591,154.013,100.249,79.6778,36.8454,69.738,22.5598
3930,108.903,157.8,101.742,81.623,36.9762,71.5928,23.1766
