Time,FC,PAS,PAM,PAD,temp,SpO2,FR
-1,92,185,116,87,36.8701,96,22
0,101.2,203.5,127.6,87,36.3539,96,24.2
30,101.285,201.47,125.508,87,35.8377,96,23.697
60,102.048,206.314,130.154,87,35.3216,96,24.1534
90,100.875,199.767,129.839,87,34.8054,96,24.6311
120,102.766,203.962,126.479,87,34.2892,96,24.3343
150,100.68,204.266,129.939,87,33.773,96,23.8712
180,103.449,200.181,127.777,87,33.2568,96,23.8401
210,99.6866,201.762,130.65,87,32.7407,96,23.7078
240,101.517,207.13,125.848,87,32.2245,96,23.8194
270,100.046,201.512,129.066,87,31.7083,96,24.2753
300,99.7188,198.566,125.293,87,31.1921,96,24.5551
330,100.199,200.357,130.575,87,30.6759,96,24.3547
360,108.854,203.578,143.567,87,30.1597,96,24.0536
390,109.215,200.168,138.978,87,29.6436,96,24.4781
420,101.264,207.134,124.636,87,29.9063,96,24.3832
450,102.741,205.125,128.656,87,30.169,96,24.6963
480,102.397,198.785,125.062,87,30.4318,100,24.6411
510,99.8861,201.797,130.126,87,30.6945,96.7302,24.199
540,99.622,158.167,102.831,69.6,30.6503,97.5159,22.7768
570,97.5477,166.701,99.2922,69.6,30.913,94.0595,21.9887
600,98.2658,167.19,100.014,71.2901,31.6939,93.3719,22.4669
630,97.3311,168.209,100.193,70.9539,31.2988,89.2245,21.84
660,86.9199,152.494,88.7731,59.209,32.0108,86.6018,20.9732
690,79.4742,141.269,57.4003,60.3214,32.6802,85.4838,21.0957
720,78.6209,133.862,61.4197,60.0755,31.602,91.6909,20.2895
750,77.7676,142.841,58.4094,60.1222,33.2245,89.8413,19.7947
780,76.9143,134.902,59.4807,59.7106,32.1583,85.6871,19.1105
810,76.061,142.073,85.4438,76.3569,32.4295,83.1695,19.0832
840,75.2077,135.567,86.9107,77.6124,32.5952,84.1802,18.0253
870,75.2077,140.111,84.6215,75.573,33.4552,78.4057,17.7123
900,76.3554,134.964,84.7564,76.8935,33.9587,82.1191,17.6701
930,79.4066,170.32,112.314,76.0445,34.3727,81.5201,17.3217
960,79.3447,166.757,111.629,75.6303,34.6354,79.5246,17.721
990,78.4134,172.907,112.986,77.6672,34.8982,74.3805,17.9093
1020,74.2706,158.447,93.4502,63.4913,35.1609,73.4564,17.409
1050,82.3787,164.174,105.514,63.7556,35.4236,69.4759,18.9488
1080,81.8285,163.237,105.184,64.3353,35.6863,70.0599,19.1416
1110,81.7461,161.114,104.705,63.7966,35.9491,65.762,19.091
1140,82.8878,163.699,103.888,65.505,36.2118,63.7306,19.2868
1170,83.5493,161.808,105.978,65.9866,36.4745,60.3096,19.1244
1200,81.956,161.014,108.498,66.1671,36.7373,58.2326,19.2096
1230,72.8563,144.111,98.1291,65.5504,37,56.5044,17.8487
1260,72.8626,144.715,95.0844,65.2148,37,53.8351,17.707
1290,72.1009,145.814,95.9799,64.1382,36.2623,54.4784,17.9405
1320,76.0179,149.315,95.2894,63.6932,37.4637,54.3631,17.3405
1350,94.509,191.338,126.212,63.4627,37.8717,53.7291,22.4703
1380,94.3591,192.941,122.623,64.8332,37.105,54.2793,22.857
1410,96.7216,194.059,122.676,63.6886,36.1535,54.6042,22.553
1440,95.6641,190.884,123.206,63.9936,36.7485,54.3804,22.5794
1470,94.5713,192.153,124.847,63.8531,36.6627,54.9656,22.4642
1500,95.3739,191.552,124.844,64.2802,36.9219,55.357,23.0223
1530,94.1099,187.163,124.891,64.9992,37.9217,55.4709,22.8902
1560,94.2302,188.21,122.908,64.3858,37.371,54.8135,22.7944
1590,94.3403,191.932,122.592,63.7427,36.8163,55.5364,22.5511
1620,97.3438,188.781,125.211,63.224,37.6917,54.7893,22.5227
1650,95.5711,187.143,123.371,64.2462,36.1321,56.0744,23.0633
1680,94.1769,191.434,125.228,63.4125,37.5135,56.0764,22.614
1710,96.2457,188.784,122.75,64.8385,37.7908,54.7523,22.8571
1740,95.555,193.452,122.749,63.3426,36.337,56.0532,22.2315
1770,94.1141,187.971,124.024,64.249,36.3411,55.7726,22.8304
1800,94.8386,191.146,124.956,63.8107,36.427,55.0471,22.4354
1830,98.4932,188.484,125.367,64.5467,36.8986,56.131,23.1067
1860,95.7599,187.455,125.275,65.3155,37.8401,56.085,22.881
1890,94.4837,191.694,125.654,63.5373,37.5188,54.7951,22.6103
1920,98.2925,193.523,122.896,63.4946,36.9675,55.9999,22.4609
1950,106.043,205.691,135.713,65.1277,36.6977,54.9738,24.3102
1980,106.546,205.886,133.612,63.6677,36.4818,55.9961,25.0301
2010,103.754,209.185,135.859,64.0153,36.5863,55.1887,24.5859
2040,103.215,209.234,136.858,66.1547,37.0721,56.4265,24.3024
2070,103.051,210.351,134.889,65.2893,37.7804,56.3301,24.5408
2100,104.143,206.559,135.069,63.3232,36.8495,55.3756,24.4115
2130,105.886,206.788,133.505,65.6463,37.7624,55.7146,24.3062
2160,103.821,205.206,135.256,63.9418,37.3655,54.9693,24.4413
2190,104.043,206.869,134.581,63.98,36.2391,55.7675,25.1189
2220,103.001,209.24,134.497,64.0131,37.7175,55.8153,24.5187
2250,104.365,206.177,135.429,66.0458,36.9839,55.501,24.9367
2280,104.811,206.261,136.852,64.9869,36.5962,54.9663,25.0132
2310,107.456,209.071,133.564,63.8529,37.7539,55.1087,24.6729
2340,107.534,205.114,135.098,63.2225,37.3435,55.8294,24.4874
2370,105.595,207.71,135.775,65.8557,37.2226,54.5171,25.0018
2400,103.467,209.349,135.765,64.7552,37.6685,55.2192,24.3312
2430,103.612,209.915,137.313,63.571,36.6957,54.3544,24.5459
2460,75.1168,151.057,101.314,63.9237,36.8866,54.8329,17.9299
2490,74.5699,155.108,100.079,65.3066,36.7605,54.5553,18.2425
2520,78.5532,149.737,99.5897,63.5111,37.641,56.4192,18.2777
2550,77.2585,151.271,100.95,65.7681,36.3382,55.7526,18.6108
2580,76.1892,153.232,99.1918,65.3698,36.2141,54.595,18.5967
2610,76.3554,150.938,98.7351,65.1207,36.6687,55.8658,18.0142
2640,77.1736,154.293,101.758,65.2535,36.1471,55.013,18.4324
2670,78.0676,150.575,99.5698,64.9912,37.4282,54.6019,18.1173
2700,78.0134,154.068,99.6521,64.256,36.9934,55.8807,17.7654
2730,76.6216,154.478,97.9869,63.4538,36.5056,54.8263,18.3734
2760,76.5388,155.209,98.1033,63.9351,37.5632,56.3861,18.5641
2790,82.8203,160.513,106.762,65.3939,37.2189,54.5632,19.2594
2820,80.5551,160.1,107.018,63.876,36.1698,54.7316,19.4942
2850,81.4578,164.99,106.486,63.5559,37.5411,55.7512,19.1457
2880,79.0597,164.872,107.666,64.9418,37.6998,56.3956,19.7255
2910,82.0892,165.184,106.92,64.7885,36.5526,55.2892,19.1964
2940,82.9729,162.422,106.204,63.8844,37.5771,55.0606,19.3788
2970,82.9116,162.219,103.852,64.4351,36.9436,55.7389,19.9178
3000,81.368,160.235,105.211,65.3944,36.6083,54.8679,20.5783
3030,82.9254,159.332,106.429,65.2713,37.5909,55.5659,20.8305
3060,80.54,164.392,107.532,65.0156,37.4087,55.2965,21.0415
3090,83.3032,160.306,105.994,64.402,36.3267,54.4723,21.804
3120,81.4498,162.208,104.141,63.4197,37.5567,55.249,22.7162
3150,82.096,159,106.697,64.5612,37.8406,56.0787,22.411
3180,83.5841,163.002,106.595,63.4347,37.9186,55.4137,23.8879
3210,83.551,160.051,105.565,65.5524,36.418,54.5752,23.1714
3240,83.6338,164.325,105.359,63.223,36.78,53.8064,22.9528
3270,83.2114,163.5,106.029,63.9662,37.5714,51.126,23.6412
3300,84.753,158.803,107.097,64.4288,37.3915,50.3765,23.411
3330,84.6643,165.312,105.672,64.134,36.4659,50.0391,22.495
3360,83.4256,162.511,105.449,66.1483,36.8473,48.5967,23.0124
3390,78.4066,148.557,95.0347,63.9585,36.8501,47.0352,21.1231
3420,86.8554,159.18,111.761,73.6488,37.9104,46.4248,21.2759
3450,86.6378,174.727,109.862,75.8718,36.7,44.1732,19.9638
3480,87.6771,174.834,108.72,75.385,36.1473,43.7237,19.2331
3510,84.7248,171.724,112.07,72.9646,36.1077,42.1061,18.6926
3540,84.9265,170.387,111.078,75.5018,36.5652,40.7682,19.3458
3570,84.8891,173.655,112.38,75.1229,36.2798,39.2753,18.7897
3600,85.5688,176.524,111.897,73.2662,37.0289,37.3302,19.0909
3630,85.9498,176.747,112.321,74.8354,36.302,37.7636,18.8568
3660,84.4632,173.839,110.844,74.2941,37.0796,35.4465,18.4998
3690,86.8583,177.018,108.454,73.1691,36.8565,33.7375,18.9921
3720,85.8722,174.437,108.948,76.1815,36.9289,32.5133,18.404
3750,87.4655,171.969,112.013,74.7038,36.3637,32.8211,18.4292
3780,84.9598,175.748,110.907,74.3247,36.583,30.454,19.082
3810,86.8929,175.353,107.68,75.0128,37.2839,28.8608,18.9619
3840,84.2392,172.424,109.649,74.9581,37.7431,28.7171,18.8693
