Time,FC,PAS,PAM,PAD,temp,SpO2,FR
-1,122,85,62,46,38.8271,94,29
0,134.2,93.5,68.2,46,38.2835,94,31.9
30,135.054,92.2787,67.3845,46,37.7399,94,32.0056
60,136.728,94.8727,68.7621,46,37.1964,94,32.1051
90,133.087,95.3661,69.0172,46,36.6528,94,32.0785
120,137.116,94.3693,67.5057,46,36.1092,94,31.3158
150,136.545,92.8278,67.8713,46,35.5656,94,32.5771
180,134.995,92.8884,67.0551,46,35.022,94,31.913
210,133.834,94.9162,67.5275,46,34.4785,94,31.8447
240,135.803,94.7001,67.7413,46,33.9349,94,32.1572
270,131.466,95.5068,67.6823,46,33.3913,94,32.1627
300,134.339,91.6818,66.5697,46,32.8477,94,32.3176
330,136.54,93.9759,66.945,46,32.3041,94,31.1953
360,147.996,95.4895,76.1225,46,31.7606,94,31.5566
390,146.44,94.7894,73.3341,46,31.217,94,31.1616
420,132.965,92.7889,76.4813,46,31.6989,94,31.4645
450,132.09,91.807,73.0067,44.7215,31.3214,96.0431,31.1714
480,132.764,92.7426,66.5466,45.5603,32.5632,94.8527,31.3224
510,132.664,94.5102,68.9912,45.372,33.1111,100.192,32.2854
540,132.019,94.6607,68.8217,45.3241,33.3383,98.7982,31.6689
570,130.484,75.9679,54.1016,37.0564,34.2066,95.807,30.8171
600,132.093,74.2363,54.4031,38.1945,34.3453,90.9469,30.3746
630,131.413,78.0839,56.0514,36.1829,35.6016,87.5745,28.3625
660,130.828,75.6668,55.8153,36.4433,35.3152,84.7144,27.9819
690,130.921,72.7876,52.5588,35.0528,35.2138,82.1561,28.5091
720,121.405,64.9688,50.0467,34.5351,36.084,79.0203,25.8348
750,106.299,63.7721,27.9045,32.3567,36.5646,74.2781,26.5724
780,102.217,62.2124,27.5307,30.4125,36.3526,89.8653,24.8051
810,101.802,64.6704,30.3614,30.6653,37.4446,90.3553,24.2529
840,101.666,82.3453,28.1458,40.0612,37.2902,84.4651,24.3227
870,97.4156,78.6682,31.3344,40.062,37.6731,85.605,23.8248
900,99.4638,86.649,30.2568,41.7571,38.5192,83.2808,23.5807
930,99.2531,83.6179,30.9954,40.1303,36.3265,75.6971,23.0326
960,98.0542,84.006,44.1306,40.5,38.3422,78.1816,23.2048
990,105.977,78.9744,56.2259,40.0076,37.1549,75.5983,22.533
1020,104.477,80.5896,58.4869,40.0407,37.9409,72.0897,22.5351
1050,105.978,81.7211,55.972,41.7255,37.4536,69.491,22.9178
1080,100.397,70.6322,53.9677,37.7503,37.2515,69.6877,23.0728
1110,111.282,71.6268,54.5943,32.726,38.2276,63.5,24.9034
1140,104.616,76.5864,56.1334,34.8505,37.9355,63.874,24.9258
1170,106.095,77.0925,54.1066,32.8239,36.8049,60.7842,25.0317
1200,105.175,73.5434,53.6394,33.5702,37.4741,55.3523,24.8766
1230,130.089,89.4421,65.2017,35.0803,36.3819,56.4375,30.1979
1260,111.264,79.1391,61.156,34.9089,37.4779,53.6213,30.6935
1290,112.658,76.1915,61.5737,35.4335,37.6959,47.5666,30.6011
1320,110.502,77.4646,57.5515,33.1759,36.3119,48.0145,30.2194
1350,113.029,79.291,61.6026,34.9843,37.1992,50.5692,30.2801
1380,112.433,80.2292,61.7573,35.5864,37.9908,50.1134,30.1244
1410,110.614,80.1442,61.4752,34.3995,36.6224,50.3004,30.4498
1440,112.4,77.6795,60.4993,34.9436,36.6397,53.3618,30.3001
1470,113.062,80.9656,57.545,34.806,38.6379,53.6459,30.3609
1500,113.118,81.46,58.7436,32.9541,37.265,49.9117,30.1046
1530,132.933,90.5548,68.8127,33.485,37.5627,53.012,32.791
1560,130.496,93.0742,68.8892,35.2185,37.3975,49.748,32.4053
1590,131.155,90.8889,66.2517,33.2605,37.2986,52.1981,32.7711
1620,133.248,95.6068,70.5211,35.3216,35.6373,53.5174,32.8221
1650,130.598,92.7093,67.1199,34.4207,35.942,51.5428,32.6081
1680,131.655,90.2076,68.0969,32.9326,37.3245,51.5897,32.8868
1710,132.36,92.696,67.2286,35.1996,37.579,52.6814,32.4568
1740,132.595,93.7683,67.2741,35.1472,36.8722,53.0236,32.2313
1770,131.81,95.5703,69.0666,35.5187,37.1033,52.1525,32.525
1800,130.146,95.7339,68.9276,34.8914,36.2065,53.2277,32.3416
1830,131.592,95.8142,66.3773,35.617,37.9264,51.3146,32.5998
1860,130.847,93.4321,67.9478,32.8522,36.6189,50.5288,32.3798
1890,129.672,94.925,67.0506,35.6656,38.118,51.8589,32.2409
1920,132.159,90.2441,69.7624,32.9958,36.3085,51.5044,32.6427
1950,131.497,92.4252,68.8543,33.4639,37.0043,53.981,32.5038
1980,131.558,91.5918,68.6842,33.1331,37.1301,51.971,32.4884
2010,139.093,98.0125,71.9153,34.0024,37.2844,52.2858,33.175
2040,140.475,96.0056,71.0594,32.5493,37.6947,52.9344,33.4034
2070,140.816,95.5696,73.1424,32.802,36.4049,52.3435,33.6445
2100,140.209,94.5772,74.2292,33.2039,37.2557,52.8276,33.4207
2130,137.103,94.1579,73.9786,33.86,37.3265,51.9426,33.693
2160,139.801,98.0215,73.7499,34.4497,36.2755,54.3915,33.3052
2190,139.848,97.8668,71.6258,35.5758,36.9063,52.8769,33.1667
2220,140.792,97.4447,71.2873,35.1746,38.338,50.7363,33.1481
2250,140.618,94.3592,72.0537,35.1591,37.397,52.6,33.2838
2280,139.097,96.4231,73.7114,35.0688,37.9273,49.7809,33.5829
2310,138.522,96.0473,72.6901,34.4428,35.6977,52.7415,33.2881
2340,140.055,99.3605,70.2755,34.9372,36.7386,53.3391,33.6482
2370,138.145,95.0047,72.5432,35.0206,35.212,54.4017,33.5782
2400,139.049,98.6726,71.9769,33.8524,36.5959,49.9169,33.8061
2430,139.953,97.7041,72.5813,35.7238,36.6728,50.6251,33.5892
2460,137.127,95.2452,71.869,35.205,35.8803,52.3571,33.6814
2490,138.149,94.4313,72.5681,33.7061,36.1161,54.5099,33.6768
2520,140.666,97.5301,72.5168,35.1608,36.7114,53.3863,34.038
2550,142.856,96.9359,74.3146,34.6871,37.0751,51.1871,33.9925
2580,143.462,99.3196,73.3262,33.931,37.9653,50.7153,33.7183
2610,143.476,99.6905,74.0027,33.1664,36.1897,54.3997,34.0024
2640,143.139,95.9769,73.329,34.8844,35.6951,51.2934,33.77
2670,141.247,100.698,75.6544,35.4504,36.4017,51.8104,34.0969
2700,143.039,99.9822,72.2719,34.8011,36.6951,53.7963,34.1132
2730,139.888,97.2758,75.7853,33.6079,37.9989,54.0107,34.1649
2760,139.7,96.6113,73.9898,33.8187,37.0078,52.711,34.1851
2790,142.526,98.1896,74.8814,33.9216,36.3418,50.2869,34.0306
2820,143.282,96.6924,73.0235,34.6176,36.1026,51.4223,34.7317
2850,141.526,96.9779,71.7667,33.6765,36.7141,50.3977,35.0491
2880,141.268,99.4806,74.4051,34.2123,36.1062,51.3251,35.7333
2910,144.662,95.8474,74.7881,33.8994,36.6215,49.7946,36.3033
2940,143.099,97.6165,75.2458,34.6245,35.8868,51.1534,37.5163
2970,145.637,97.7292,73.1415,34.493,36.0164,53.435,37.7519
3000,145.684,98.1343,75.6983,34.6749,36.3133,53.8778,38.4292
3030,147.549,99.234,75.1505,34.2742,36.8998,52.6742,39.1864
3060,148.099,98.333,72.0766,34.6103,36.4657,52.1669,40.2715
3090,151.567,100.94,74.3724,35.7427,35.9197,50.8993,40.5734
3120,152.935,96.6944,72.1127,33.8474,37.0397,52.8606,41.4387
3150,153.146,98.3828,72.6486,35.5048,36.404,50.9165,41.8977
3180,153.223,97.6213,76.0363,35.1692,36.5072,55.8742,41.9055
3210,154.692,97.3123,73.1791,34.494,36.4349,59.7474,41.8717
3240,156.353,101.645,74.8493,36.0397,36.4468,61.1072,41.8736
3270,156.662,100.473,72.6554,35.6395,35.9403,61.6324,42.1308
3300,155.247,96.0188,73.838,33.7211,35.2768,64.7977,41.2722
3330,152.64,100.753,72.8255,35.6572,34.983,63.6585,40.5886
3360,154.1,100.23,75.9214,35.5396,36.9967,64.589,39.5595
3390,149.711,96.9691,74.1958,35.1439,36.4722,66.8799,38.396
3420,150.098,100.152,74.0099,32.9942,37.6111,69.5398,37.4862
3450,149.391,100.748,76.1938,32.9661,36.0219,71.6909,37.202
3480,147.876,100.23,75.1442,35.0557,36.1077,69.7192,36.0389
3510,151.264,102.419,73.6038,34.305,35.7397,72.3231,36.5305
3540,116.487,83.6111,62.9005,35.6805,37.3722,74.9696,35.555
3570,116.464,82.4559,62.0173,33.7802,37.1223,72.2956,34.5664
3600,114.909,82.3694,59.4665,34.6372,36.2213,77.2651,33.6683
3630,112.704,83.7467,62.5421,34.3076,36.0311,75.7282,32.8783
3660,113.793,79.7982,60.2905,34.0898,36.7831,75.5771,32.8196
3690,112.326,83.1686,61.796,35.6453,37.0054,77.9425,33.1701
3720,114.483,81.2449,60.7388,33.2217,35.2519,79.9259,32.649
3750,113.64,80.4843,61.4229,35.4539,36.1709,79.821,32.7597
3780,113.534,82.0072,61.833,34.0178,37.8098,83.1908,32.5421
3810,115.034,80.8871,62.5472,33.8389,35.6141,81.5626,33.1902
3840,109.591,78.7515,56.1304,35.8003,35.882,81.8815,25.1044
3870,106.648,78.7745,57.1808,32.9541,36.9986,84.3523,24.8167
3900,107.577,74.979,57.8565,33.9304,36.7374,85.326,25.2381
3930,109.355,75.8808,55.8526,33.3751,35.9365,85.2065,25.0169
3960,106.223,75.577,57.0915,33.3035,36.7758,86.1329,25.4226
3990,106.745,80.3633,55.8326,35.7649,36.3582,81.244,25.4218
4020,108.312,77.1933,57.1442,34.513,37.0913,80.6506,25.122
4050,109.991,75.7811,58.9306,34.4999,36.9576,82.2664,25.1035
4080,106.491,75.5238,58.7162,35.9475,36.1844,82.3646,25.2568
4110,107.525,80.0828,58.5687,36.0312,36.2706,82.4823,25.3581
4140,106.698,75.8731,57.5244,35.7342,37.356,79.9687,25.3762
4170,109.692,75.1487,57.6218,34.1783,35.046,82.3938,24.7869
4200,108.351,77.9503,55.8279,33.3444,37.9102,82.2303,24.9293
4230,109.743,77.5357,56.8458,33.6763,35.1348,78.5795,24.947
4260,108.06,77.6012,56.5578,34.2463,35.8915,79.5426,24.778
4290,109.238,78.9681,57.8263,35.3761,35.3583,81.9607,25.1846
4320,106.24,79.5599,59.2867,35.972,37.2118,78.9826,25.2301
4350,107.139,77.1711,60.0236,34.2047,35.8924,81.3482,24.8393
4380,108.804,79.794,58.308,35.5902,37.081,82.2134,24.9361
4410,108.936,76.4797,56.0056,35.4448,37.51,79.9766,25.2787
4440,97.1254,67.1256,52.0785,34.7492,37.9112,79.2697,20.7423
4470,99.5341,78.1668,55.3685,35.855,35.6597,79.1638,20.6401
4500,102.321,81.8287,60.5295,40.4785,37.2344,77.9253,20.9462
4530,105.705,77.0376,57.8379,41.0337,37.4917,81.1152,21.1443
4560,108.853,79.0822,58.1595,40.903,36.2247,77.9698,21.1839
4590,108.641,80.3407,60.7979,38.854,36.4501,75.3062,20.7027
4620,105.346,77.2848,60.4287,40.7263,37.5825,75.3381,21.3153
4650,108.841,79.763,60.6307,41.0344,35.81,77.1637,20.7081
4680,108.979,82.545,61.0357,39.1291,37.3104,74.6375,20.9333
4710,107.579,76.804,59.7038,39.7553,36.5291,77.0643,20.7994
4740,105.362,79.3918,56.9367,41.0634,35.5493,78.3909,20.7756
4770,108.453,81.3693,57.2007,38.1532,36.3914,74.7474,20.8169
4800,108.005,77.2758,59.335,39.0167,35.9093,77.5763,21.1135
4830,108.126,79.0365,57.6238,41.2406,36.5206,75.0771,20.8718
4860,106.29,78.1739,57.8515,39.9677,35.739,77.8816,20.8915
4890,108.833,82.1269,58.4934,38.8778,36.594,76.5657,20.8647
4920,107.769,77.2306,59.4876,40.5575,36.5529,76.249,21.0032
4950,108.136,80.6293,58.9258,38.2822,36.5874,76.0712,21.1427
4980,108.994,80.7192,58.0959,39.8034,36.1053,78.4431,21.1321
5010,109.118,78.4581,60.9998,40.1553,36.8518,78.7748,20.962
5040,107.504,80.2673,57.7427,39.3586,37.4052,76.0577,21.0973
5070,106.52,79.2142,59.9755,40.7279,34.9287,74.1961,20.6814
5100,108.173,82.1393,59.78,40.1365,36.6071,73.2535,20.8172
