Time,FC,PAS,PAM,PAD,temp,SpO2,FR
-1,111,150,107,86,36.8271,93,31
0,122.1,165,117.7,86,36.3115,93,34.1
30,119.973,168.851,115.468,86,35.7959,93,33.4317
60,124.603,168.043,119.771,86,35.2804,93,34.3526
90,121.621,167.897,118.282,86,34.7648,93,33.4341
120,123.497,167.761,116.4,86,34.2492,93,33.2965
150,119.068,163.586,118.421,86,33.7336,93,34.7358
180,120.337,166.39,119.705,86,33.218,93,33.3232
210,121.721,163.332,120.126,86,32.7025,93,34.8143
240,124.774,168.691,119.296,86,32.1869,93,34.8771
270,122.993,165.593,119.415,86,31.6713,93,34.4457
300,124.861,160.896,114.948,86,31.1557,93,34.184
330,121.792,163.211,116.045,86,30.6401,93,34.2782
360,133.27,161.303,131.666,86,30.1246,93,33.9792
390,132.251,163.19,128.583,86,29.609,93,33.6235
420,124.509,164.71,131.019,86,30.2249,93,34.5956
450,121.434,163.709,131.024,86,30.8408,93,34.7209
480,124.973,163.917,115.63,86,31.4567,100,34.371
510,122.647,167.424,120.599,86,32.0727,97.3297,32.9716
540,117.904,130.757,93.1889,68.8,32.3678,92.6468,32.1345
570,117.462,129.392,94.8506,68.8,32.9838,88.9906,32.4391
600,115.536,130.036,93.2842,67.4227,33.9838,84.5455,31.8096
630,118.196,128.314,95.9508,68.4443,34.8051,82.4733,30.1459
660,106.925,113.345,81.167,63.7357,34.1007,76.6234,28.8339
690,97.9911,112.449,55.4161,58.9712,35.0327,72.8574,29.0556
720,96.9496,112.814,56.0508,59.5434,36.3251,87.0533,28.4749
750,95.9082,113.329,53.4335,59.9065,37.0597,82.0564,27.237
780,94.8667,115.853,55.1306,57.833,36.41,78.7293,26.2716
810,93.8253,111.082,53.7686,75.7334,37.6887,77.083,26.9324
840,92.0764,109.498,56.0584,76.9703,37.0151,71.923,26.0377
870,91.7175,109.061,53.8649,75.6325,37.442,69.7285,25.6216
900,91.6026,116.341,55.0114,74.548,37.7941,67.5019,25.6598
930,96.3239,146.46,100.088,76.2125,37.0382,62.6269,24.5014
960,100.05,149.09,101.156,76.7478,37.1883,59.013,24.491
990,97.5635,144.05,100.174,76.9713,37.6662,58.7398,24.5222
1020,88.1663,123.703,86.1866,68.6294,37.2844,53.915,24.5212
1050,96.8152,137.129,98.6956,64.6623,37.4344,50.1223,27.2406
1080,96.4804,137.07,96.1854,63.2589,36.6678,45.9201,26.8508
1110,100.219,136.56,94.9362,63.9065,36.6314,44.4419,27.2419
1140,95.9486,137.345,96.2546,64.0294,37.3253,38.7672,27.4471
1170,98.4537,140.136,98.9057,64.611,37.4548,36.7823,27.8007
1200,99.8045,142.42,99.9028,64.8774,36.1739,35.5255,28.6644
1230,89.4826,125.278,91.3708,63.5918,36.7087,29.5961,26.0646
1260,91.308,128.236,89.7684,62.8158,37.5609,26.5815,25.288
1290,88.79,128.096,89.7007,64.8734,37.8256,26.621,25.1126
1320,90.7191,128.45,90.5632,65.3556,36.3788,26.6769,25.4786
1350,118.756,164.691,115.898,65.1131,37.7196,26.7828,33.0979
1380,114.734,167.15,116.826,65.2978,37.2057,26.7674,33.2855
1410,116.028,163.237,114.987,64.665,37.6772,26.9668,32.6218
1440,118.266,166.101,116.437,63.9174,36.9225,26.9223,32.5026
1470,117.187,166.629,117.208,64.2535,36.7975,26.9792,32.5446
1500,115.27,161.896,114.188,64.0849,37.872,27.1671,32.5518
1530,116.974,162.814,114.796,65.6359,36.8561,27.1554,32.9641
1560,115.319,164.06,114.011,63.0343,36.4042,27.2617,32.7638
1590,117.264,162.599,117.083,63.4818,36.0876,27.3124,33.1157
1620,115.922,162.122,114.244,64.6993,36.1663,27.266,32.2831
1650,113.815,162.375,115.736,64.4908,36.5639,27.4616,32.8859
1680,117.547,163.538,114.836,65.5655,37.3811,27.3567,32.2003
1710,118.658,162.173,116.14,64.2428,36.422,27.3758,33.1108
1740,114.78,162.279,116.011,64.4459,36.2964,27.4443,32.4452
1770,114.637,166.802,115.403,63.2821,37.9167,27.4993,33.1325
1800,115.159,165.352,115.362,65.4827,37.8192,27.4407,33.2997
1830,117.347,167.28,117.813,64.2857,36.1637,27.4212,32.1683
1860,115.012,167.269,117.123,63.9751,36.1963,27.3703,32.12
1890,114.729,162.206,114.894,63.755,37.8591,27.447,32.8021
1920,119.096,165.038,115.1,63.381,36.4816,27.4572,32.3188
1950,125.964,178.632,123.928,65.0964,36.7825,27.2951,35.2877
1980,127.458,180.169,125.192,64.6616,37.3006,27.3309,34.9529
2010,129.132,179.843,123.996,65.3812,37.3185,27.371,35.1772
2040,128.629,176.912,126.826,64.4771,37.2849,27.3067,35.9068
2070,129.952,181.191,127.595,62.842,36.5372,27.2931,35.9429
2100,128.594,177.415,124.365,62.9126,37.624,27.4239,35.7794
2130,127.86,180.997,126.879,63.3991,36.8821,27.5059,35.0174
2160,125.659,178.18,125.2,64.9034,36.7784,27.3244,35.2869
2190,125.242,178.337,124.25,65.3717,36.4371,27.3131,36.0665
2220,127.544,177.802,126.796,62.9567,36.8208,27.5237,35.0139
2250,126.401,179.701,127.069,64.8895,36.8338,27.4439,36.1001
2280,129.798,179.748,124.012,65.5081,37.7405,27.4025,35.7498
2310,126.627,180.397,123.759,63.6517,36.1676,27.3277,35.1266
2340,126.42,178.545,124.248,64.7354,37.2041,27.5164,35.8323
2370,125.125,181.69,127.234,63.4747,37.0692,27.466,36.1341
2400,130.367,178.89,127.498,65.0401,36.1352,27.2923,35.8112
2430,130.284,179.707,125.396,63.3566,36.6325,27.399,35.5253
2460,92.4039,132.347,93.1271,64.4616,36.2365,27.5059,25.8295
2490,94.3511,133.263,90.2595,64.7988,37.6142,27.5133,26.7184
2520,92.5162,132.338,93.9768,63.6581,36.3505,27.5078,25.6055
2550,91.4482,128.485,93.5639,63.0627,37.1668,27.3514,25.8858
2580,95.4414,132.858,93.5462,63.437,37.0363,27.4269,26.55
2610,93.8409,131.338,90.5489,63.6163,36.8312,27.3152,25.4784
2640,91.793,129.096,94.0481,64.511,37.6033,27.5109,26.6715
2670,95.9112,133.186,90.2288,63.1857,37.6837,27.5008,25.8091
2700,93.0245,129.606,92.4809,63.758,36.1062,27.3867,26.2341
2730,93.4448,128.774,91.8121,63.1475,37.1547,27.4118,26.0405
2760,96.0087,132.356,91.9316,63.4145,37.6093,27.3837,26.5621
2790,100.299,139.019,99.062,64.5704,36.5272,27.4792,28.2459
2820,97.2534,140.853,96.1318,64.4052,37.7811,27.437,28.4287
2850,101.882,137.492,98.0297,64.1138,36.3587,27.5134,28.0237
2880,100.746,139.675,96.1607,64.852,36.4682,27.4046,28.4751
2910,96.8478,142.175,99.1985,64.7647,36.6928,27.4203,27.6514
2940,99.8535,139.121,96.3894,64.7443,36.279,27.3165,27.5681
2970,96.795,141.424,96.6999,65.5565,37.7663,27.4538,28.5597
3000,99.1158,137.337,98.6119,62.9169,37.5616,27.3138,28.648
3030,99.6039,138.997,98.5288,64.1746,36.8426,27.4249,29.6212
3060,97.2496,142.048,99.5117,64.0255,37.02,27.344,30.7196
3090,96.9387,139.088,98.8939,64.0983,36.8562,26.4143,30.9539
3120,97.2007,139.507,97.445,65.1738,37.0632,25.2865,31.4073
3150,96.0805,138.061,96.015,65.266,37.1361,24.4472,30.6294
3180,98.9185,138.426,98.6386,63.0323,36.4485,23.42,30.9875
3210,96.5569,141.51,96.3499,65.3915,36.4905,22.494,30.8024
3240,95.3765,139.1,96.1019,62.8517,37.6614,21.3902,31.6637
3270,93.1421,139.49,99.0924,64.858,37.3032,20.4889,31.2959
3300,91.4644,139.553,99.8569,63.3935,37.4486,19.4481,30.9333
3330,93.1663,142.107,96.7002,65.2752,37.2887,18.2951,31.3587
3360,94.8469,138.341,99.2592,65.5082,37.7356,17.3438,29.1845
3390,87.3427,124.725,89.1806,65.1101,36.935,16.5161,26.1762
3420,98.0621,142.113,103.796,69.9362,37.5503,15.493,26.1719
3450,99.8527,141.019,104.099,75.0717,36.7141,14.4384,25.7223
3480,98.455,142.288,104.119,74.4037,37.5455,13.5191,25.1682
3510,101.86,145.677,102.462,76.199,37.4012,12.3766,25.3457
3540,101.942,145.656,101.724,74.1825,37.8703,11.4558,25.769
3570,104.028,143.407,103.237,75.4968,36.8601,10.3125,26.2389
3600,105.069,144.662,103.758,76.9738,37.6229,9.34638,25.3625
3630,105.502,141.238,102.365,74.9954,37.6124,8.41943,25.2972
3660,106.17,145.59,102.773,74.0186,37.075,7.40146,25.394
3690,106.005,146.988,104.671,74.6633,36.8177,6.35318,26.0931
3720,107.402,142.286,104.685,75.6865,37.6222,5.38671,25.8203
3750,106.729,143.832,104.743,74.7475,37.0551,8.08873,26.2941
3780,106.8,143.126,103.339,76.4395,37.7579,7.20062,25.2998
3810,108.155,145.502,103.632,74.4387,36.5613,11.3063,26.271
3840,106.147,146.47,102.087,74.9267,37.4326,13.3088,25.284
3870,105.191,142.208,103.271,76.726,37.7122,19.5547,25.942
3900,104.584,143.581,104.335,76.6287,37.5493,19.3903,25.9658
