Time,FC,PAS,PAM,PAD,temp,SpO2,FR
-1,108,131,95,80,37.0773,98,18
0,118.8,144.1,104.5,80,36.5583,98,19.8
30,118.822,142.428,103.675,80,36.0392,98,19.348
60,117.94,144.807,102.897,80,35.5201,98,19.8459
90,118.55,145.836,106.207,80,35.001,98,20.2093
120,117.422,140.582,106.484,80,34.4819,98,20.2288
150,120.087,145.352,103.315,80,33.9629,98,19.5363
180,117.734,142.128,104.503,80,33.4438,98,19.677
210,120.013,145.124,106.971,80,32.9247,98,19.7911
240,118.466,142.007,103.105,80,32.4056,98,19.5136
270,116.934,147.386,103.045,80,31.8865,98,19.8283
300,121.763,141.088,102.95,80,31.3674,98,20.2199
330,118.834,141.358,102.679,80,30.8484,98,19.739
360,129.983,143.994,112.581,80,30.3293,98,20.1279
390,132.739,146.446,112.374,80,29.8102,98,20.0275
420,117.551,142.536,115.744,80,30.137,98,19.3566
450,115.498,139.844,117.331,78.9353,29.7737,95.8182,19.2897
480,121.712,143.052,107.916,80.6316,31.1012,99.05,20.0114
510,121.009,141.076,104.928,80.3052,30.6595,97.3895,20.0228
540,118.072,140.474,101.43,79.3284,31.1857,97.1347,18.6785
570,119.472,116.337,85.2075,64.6347,31.1434,94.8565,18.8339
600,114.246,112.226,82.7658,62.5818,31.6202,93.9598,18.261
630,115.573,116.405,79.7509,62.6539,32.1554,89.5728,18.4996
660,114.434,121.441,85.2898,63.5079,32.9943,90.712,17.1641
690,112.162,113.553,84.581,63.2291,32.1265,88.8375,16.5692
720,156.498,55.0224,82.9963,37.1017,33.659,88.7304,16.3263
750,156.184,55.9407,82.4771,37.4221,33.6788,93.8985,15.7737
780,149.067,55.844,83.362,37.8302,33.2845,91.1267,15.8219
810,151.666,53.9663,85.1016,39.0546,34.1629,90.7899,16.2248
840,148.312,60.983,83.1427,39.7509,34.3476,86.2483,15.1654
870,151.371,61.759,84.2345,36.9748,35.8645,88.3774,14.2991
900,148.889,90.6654,106.52,55.0296,34.8425,85.5854,14.3275
930,150.96,83.5576,102.003,56.1301,35.4456,82.9314,15.6223
960,150.101,83.9076,103.707,55.536,36.2425,79.7073,14.7355
990,149.405,83.9378,103.901,53.6854,36.3371,79.6345,14.8089
1020,154.939,84.4597,103.529,53.4243,37.4157,77.9176,14.9604
1050,154.679,87.7002,103.176,54.2971,36.8506,76.9744,14.9189
1080,148.045,88.9051,105.108,54.069,37.7943,73.0314,14.5375
1110,152.868,81.3059,105.493,55.5141,38.0246,72.8759,14.2261
1140,150.448,91.5263,105.56,55.0649,38.457,70.8374,14.7054
1170,153.206,90.3667,107.78,53.7259,36.8564,67.1403,15.0949
1200,154.334,87.5953,102.854,55.9168,37.9205,67.8708,14.4797
1230,106.785,118.069,105.195,72.3414,37.7656,65.6176,14.3444
1260,96.5201,119.096,89.1661,66.4715,38.0844,60.766,15.0038
1290,89.7988,101.824,61.4589,61.9355,38.3341,60.7074,15.3894
1320,89.9595,102.46,61.4478,61.2311,36.1032,89.9498,15.2424
1350,87.7756,106.63,62.0841,59.5207,36.2728,86.5755,14.5469
1380,87.7508,107.959,61.751,60.1825,36.8541,87.1744,15.5695
1410,88.034,102.714,62.0457,61.9338,38.7375,86.4772,15.0707
1440,90.4489,104.575,61.4843,60.0892,37.6255,88.6266,14.4444
1470,90.6948,101.904,61.2324,59.0071,37.9669,87.8158,15.1832
1500,88.4453,104.842,61.573,60.0797,36.5632,91.7842,14.1968
1530,96.2406,106.836,87.5999,61.9223,36.7707,92.5338,13.8799
1560,96.2907,105.632,85.0153,60.7834,36.8141,95.7238,13.9834
1590,96.8796,106.019,86.193,60.7271,38.1133,92.7777,14.4418
1620,86.4298,97.1463,70.6102,56.6904,37.5136,95.3381,14.2406
1650,94.5002,98.6264,80.9557,51.8602,37.178,95.3263,15.84
1680,96.1757,94.938,80.2094,52.8944,37.2429,92.6764,15.5825
1710,94.46,99.313,78.8426,52.3541,37.5924,94.3923,15.1548
1740,94.1829,97.7548,81.923,49.8503,38.2152,94.4182,15.1876
1770,115.616,114.446,100.347,51.3084,36.5484,92.7743,18.9629
1800,102.35,109.495,88.8408,50.9857,38.9942,95.8026,18.5155
1830,102.631,111.416,90.335,51.5946,37.2324,94.4203,18.7917
1860,100.475,107.676,88.195,50.1884,37.4312,92.4657,18.6852
1890,100.616,111.084,89.7128,50.8286,36.4273,96.3915,18.5269
1920,102.359,109.496,88.4677,52.1895,37.2487,96.0432,18.7013
1950,101.022,111.123,90.1957,52.2674,37.2938,97.6115,19.0234
1980,102.892,110.22,89.8285,52.5915,37.064,97.5285,18.492
2010,103.12,105.984,88.0718,51.1273,36.5406,99.2968,19.185
2040,99.9962,106.533,88.9598,52.0361,37.5366,96.7735,19.2443
2070,118.318,117.144,103.392,49.8679,36.3831,100.063,20.3839
2100,119.357,120.873,101.433,51.9388,37.5827,100.338,20.5394
2130,118.861,118.788,100.151,52.492,37.871,100.071,20.7649
2160,119.49,119.677,102.556,51.186,36.529,98.4111,20.4548
2190,119.032,118.101,102.448,50.6765,36.1886,99.8764,20.8566
2220,119.981,117.268,102.878,51.8445,37.2158,97.6442,20.2103
2250,119.301,118.849,100.425,51.5375,38.55,98.3939,20.6607
2280,117.583,123.156,100.84,50.9286,37.5248,100.641,20.2857
2310,119.443,119.663,102.739,49.8639,37.177,101.192,20.5992
2340,117.916,120.971,101.458,49.8805,36.4508,97.7344,20.7614
2370,119.814,119.346,101.838,52.5645,37.1301,99.389,20.473
2400,119.551,122.055,104.03,51.3974,37.3641,100.439,20.1862
2430,117.277,119.809,101.099,52.9559,37.0266,99.6507,20.1482
2460,119.789,117.013,100.933,49.8688,37.109,100.686,20.4289
2490,119.743,118.875,101.62,50.2703,37.1523,99.7406,20.8489
2520,119.478,120.701,102.078,50.6311,36.3299,98.7423,20.5234
2550,127.118,127.249,107.89,51.6679,37.3559,100.109,21.2808
2580,125.301,128.778,109.268,52.6897,37.3138,98.3298,20.8151
2610,124.624,127.44,107.504,50.6363,36.6756,97.4811,21.0032
2640,127.262,126.983,108.952,50.4766,35.4286,100.325,21.1873
2670,124.482,125.194,106.84,50.0286,36.2599,100.97,21.3584
2700,124.696,127.939,109.132,51.7876,36.3822,101.127,21.1609
2730,124.427,125.692,105.257,52.4535,36.3375,98.309,20.942
2760,127.753,124.071,108.429,52.8833,36.5978,99.9529,21.044
2790,127.78,123.256,108.309,51.871,36.1887,99.3402,20.8091
2820,126.083,125.65,109.608,50.298,37.7376,100.732,21.2176
2850,125.938,128.299,108.096,50.3388,34.8904,99.6145,20.5666
2880,125.27,125.027,105.445,52.5035,37.6776,98.6049,21.264
2910,127.585,123.559,107.509,50.2677,36.1901,98.7905,20.741
2940,126.525,125.602,107.258,51.0448,35.918,97.3296,21.2892
2970,125.168,127.858,105.65,51.1216,37.4427,98.7778,20.6285
3000,124.672,126.236,105.476,49.9622,35.933,100.779,20.7164
3030,126.537,125.637,107.254,51.1421,37.0625,99.7489,20.6656
3060,128.518,126.012,110.154,52.3935,36.6732,99.7596,21.2467
3090,129.481,130.106,108.383,51.3347,36.4949,99.4343,21.1624
3120,128.085,129.52,110.813,51.5044,35.6532,100.064,21.2773
3150,131.23,126.638,108.547,51.5499,35.996,99.7577,20.9949
3180,131.259,127.278,108.886,51.2344,37.8893,97.1629,21.1864
3210,130.196,127.594,108.345,50.2813,37.3909,100.003,20.7845
3240,129.075,128.273,110.971,51.2311,36.9457,97.0215,21.5693
3270,130.024,127.402,110.374,51.754,34.9659,100.933,20.7798
3300,128.71,126.558,110.379,51.4132,35.6838,94.6279,21.3102
3330,129.676,126.097,111.767,52.9228,36.8198,97.6094,20.7455
3360,128.61,129.644,110.264,53.1439,35.5878,95.3526,21.1838
3390,127.188,128.202,108.685,53.3163,35.6409,89.3785,20.7007
3420,123.564,129.044,110.266,50.9686,35.6735,91.7217,20.7897
3450,123.766,130.049,108.327,51.2343,34.9518,87.2835,20.8299
3480,124.144,130.775,108.824,52.5903,35.2804,85.1024,20.8824
3510,123.249,128.015,109.314,50.5906,35.7551,82.55,21.1685
3540,124.588,129.166,111.919,50.5203,35.8182,81.2629,21.1042
3570,122.991,127.06,111.955,52.5968,35.2156,82.9667,21.3905
3600,125.07,125.952,110.788,51.7705,36.1099,82.0561,21.0303
3630,122.027,131.726,110.651,52.4762,36.0554,79.8855,20.6078
3660,122.984,126.339,108.515,51.1615,36.3999,82.4449,20.753
3690,125.043,129.718,112.161,52.7434,37.3691,81.604,21.2709
3720,127.347,127.042,109.098,53.3211,36.178,80.5971,20.7564
3750,128.581,131.821,112.008,50.8583,35.7574,79.4865,21.2546
3780,127.122,127.454,108.159,50.5681,36.8559,79.8063,21.4331
3810,128.947,126.722,111.277,51.2681,36.7291,78.7947,21.2109
3840,129.307,127.431,110.978,52.279,34.8425,82.3714,20.5896
3870,127.423,129.875,108.899,52.4852,36.5205,80.5051,21.4312
3900,129.714,128.391,108.208,50.9852,35.3307,79.171,21.123
3930,128.964,131.031,112.142,51.6435,36.4764,78.9482,21.1631
3960,128.161,130.359,109.274,51.7502,35.9723,80.5791,21.2699
3990,130.02,129.603,110.097,52.0474,37.8079,80.7016,21.0933
4020,128.391,128.831,111.596,52.058,37.5421,79.0335,20.7276
4050,130.951,127.215,112.43,53.4459,37.4784,81.3304,20.7463
4080,103.451,107.015,90.0638,51.1224,36.2108,80.1424,21.1436
4110,104.376,104.362,87.9769,52.522,36.1056,83.0701,21.0915
4140,102.286,101.713,87.7317,53.2721,36.555,83.9949,21.2031
4170,102.816,105.623,90.2411,51.1945,35.4892,87.4115,21.2342
4200,102.362,101.689,91.6202,50.6327,36.2947,90.4196,21.2203
4230,103.384,106.689,89.0282,52.7101,36.3526,90.1662,21.0485
4260,104.281,103.807,89.2238,52.3199,36.3799,91.8945,21.3046
4290,102.403,107.305,87.5827,51.9458,35.597,93.2139,20.8352
4320,103.7,102.468,88.9369,52.2138,34.6567,95.2642,21.0114
4350,105.083,105.533,88.2479,51.3729,35.7555,99.6227,21.3666
4380,100.848,97.9861,84.9727,51.758,37.1139,96.7463,17.3117
4410,100.234,98.2375,84.2604,53.1469,36.7008,96.3218,16.7403
4440,100.173,99.5715,86.2717,52.8481,35.4045,96.8182,16.8763
4470,100.201,99.2541,85.769,53.3702,36.9221,99.5239,17.2045
4500,100.285,98.2082,83.4606,51.7181,35.0745,96.8191,17.1539
4530,100.031,99.9708,85.1607,51.5569,35.6883,98.3364,17.1763
4560,98.1772,98.4821,84.8525,52.4719,36.2637,100.456,17.4326
4590,98.1138,100.515,86.8683,53.6577,35.8339,99.1815,17.2366
4620,101.258,101.904,83.565,53.4909,35.5015,98.656,17.2784
4650,101.214,97.3509,83.547,53.5859,37.1087,98.9208,17.3373
4680,101.479,97.264,85.1282,51.5052,36.7576,97.1484,17.34
4710,98.1704,97.7797,86.8095,51.107,37.1299,100.329,17.2777
4740,99.4196,97.2906,86.2635,52.5384,36.0166,97.8829,16.9324
4770,99.5688,100.351,84.6706,51.2632,35.0934,96.2677,16.8164
4800,98.3939,100.466,85.6556,53.5181,36.3155,99.7001,16.7484
4830,98.1537,100.986,84.7556,53.6022,35.6712,99.4919,17.223
4860,99.5695,99.9598,84.6503,53.6201,37.6591,97.6581,16.9042
4890,99.4266,101.622,85.7544,52.8597,37.4349,95.8807,16.5921
4920,99.1666,100.699,87.3649,52.0257,37.0159,99.0904,17.168
4950,99.7326,97.348,85.8713,53.1302,36.1733,98.4814,17.4354
4980,90.4102,91.2826,78.1711,53.3381,36.6281,97.0789,14.2622
