Time,FC,PAS,PAM,PAD,temp,SpO2,FR
-1,80,176,122,100,36.9525,96,18
0,88,193.6,134.2,100,36.4351,96,19.8
30,89.5516,194.29,130.91,100,35.9178,96,19.5189
60,88.9449,196.263,135.139,100,35.4005,96,19.463
90,86.8596,191.204,134.954,100,34.8831,96,20.0072
120,88.9546,195.753,136.911,100,34.3658,96,20.2733
150,88.3518,197.49,132.223,100,33.8484,96,20.1296
180,86.0698,197.078,133.564,100,33.3311,96,20.024
210,87.0543,189.355,134.216,100,32.8138,96,20.0493
240,86.1725,194.22,130.881,100,32.2964,96,20.0718
270,87.588,189.083,134.186,100,31.7791,96,20.2554
300,87.0777,191.712,136.635,100,31.2618,96,20.1659
330,87.2461,190.676,135.743,100,30.7444,96,19.3809
360,96.5491,194.094,145.34,100,30.2271,96,19.7609
390,97.6675,194.177,144.591,100,29.7098,96,19.6415
420,96.6988,195.169,146.917,100,29.9528,96,19.4012
450,98.714,191.314,147.111,100,30.1958,96,19.8374
480,88.8215,189.604,135.775,100,30.4388,100,20.1159
510,85.0711,193.536,132.725,100,30.6818,97.0417,19.143
540,84.4496,159.307,108.247,80,30.618,90.8009,18.9778
570,87.2927,151.706,107.702,80,30.861,90.6808,18.0679
600,84.9531,151.176,109.287,79.2964,31.7587,85.3902,18.3565
630,84.8218,155.827,104.551,79.6325,31.496,81.8592,17.7825
660,79.6228,147.359,89.8262,73.0292,32.1765,79.3763,17.061
690,70.868,132.606,61.352,68.9854,31.2563,75.0948,17.1828
720,67.7245,132.179,57.0673,67.4309,32.6703,91.9174,16.8272
750,66.9844,133.969,59.9866,67.7903,32.0922,88.7333,16.3252
780,66.2442,127.923,59.8165,66.4565,32.2399,84.3733,15.3671
810,65.504,130.033,57.2608,88.0551,33.4145,82.9377,15.3407
840,65.3143,134.214,58.9553,88.1813,32.8646,79.3963,14.828
870,65.6258,173.387,59.6095,88.2849,33.4137,71.3354,14.4798
900,67.3461,171.672,61.4798,89.3382,33.9547,72.8259,15.4459
930,68.2365,173.433,110.319,87.2395,34.0839,70.2967,14.9449
960,69.1959,171.269,108.489,89.6258,34.3269,64.7542,15.3654
990,70.9452,171.851,109.285,86.7816,34.5699,62.6485,15.4304
1020,69.3399,157.392,93.0611,81.2545,34.8129,61.1317,15.081
1050,72.7467,162.199,104.201,74.2222,35.0559,56.6202,16.8786
1080,71.5978,161.269,107.937,74.913,35.299,54.1547,16.6248
1110,71.6377,158.388,108.411,75.8091,35.542,47.0515,16.419
1140,70.9059,163.074,107.605,75.7957,35.785,42.8077,16.5107
1170,71.5432,164.003,109.994,76.1989,36.028,40.4435,17.0184
1200,70.32,163.056,109.597,74.0469,36.271,35.2732,16.8256
1230,66.1949,145.832,100.658,76.1834,36.514,32.1183,15.6471
1260,63.4023,146.521,97.4443,74.1797,36.757,30.2834,15.3007
1290,63.9486,147.75,98.5749,74.0284,37,31.1561,15.3937
1320,64.2495,142.881,98.976,73.8867,37,31.0265,15.6604
1350,83.9097,184.019,128.397,74.0614,36.9825,30.347,19.8469
1380,82.8303,185.272,126.704,74.4301,37.2269,30.25,19.9942
1410,82.5613,185.288,128.949,76.4982,37.8117,30.3196,20.222
1440,82.5187,185.345,127.856,76.6875,37.8998,30.5605,19.9421
1470,81.4965,188.31,127.268,76.3821,36.4778,30.4258,19.6116
1500,83.735,188.726,127.485,73.986,36.944,30.6982,19.9166
1530,81.2814,183.094,125.679,75.0583,37.2215,30.7937,19.863
1560,83.1443,183.852,126.692,76.5996,37.4494,30.8528,20.2539
1590,83.827,187.475,127.337,76.3121,37.4432,30.9214,20.12
1620,84.7304,183.325,129.072,75.5948,36.4001,30.8119,20.1797
1650,83.4839,184.035,126.757,75.8395,36.8716,30.8986,19.7143
1680,81.1132,185.158,128.175,75.4095,37.397,30.8226,19.9652
1710,82.7406,188.66,127.472,73.9879,37.5409,30.8832,19.5792
1740,83.0382,188.658,128.884,75.0048,36.3809,31.1689,19.6469
1770,82.2673,183.041,125.19,76.6742,36.8569,31.123,20.0792
1800,84.3143,187.771,129.432,76.4002,36.6453,31.2091,19.9202
1830,81.0034,186.61,125.532,74.9748,37.2994,31.1972,20.0401
1860,82.7276,186.272,128.419,76.6866,37.2042,31.1878,19.8935
1890,84.0045,184.153,127.961,73.7375,36.8897,31.2075,19.6045
1920,84.3535,182.226,128.794,75.7663,37.6725,31.2525,20.0008
1950,89.6405,200.744,137.666,74.008,36.2788,31.0756,21.7808
1980,92.0314,203.346,138.617,74.1148,36.9111,31.0337,21.4286
2010,89.2026,202.257,140.153,76.1784,37.8612,31.1093,21.9915
2040,90.5761,204.282,137.31,74.2592,37.8885,31.2796,22.0163
2070,92.3263,202.241,139.758,73.4087,36.2489,31.237,21.4271
2100,89.7616,204.19,141.022,76.6392,37.52,31.0811,21.4179
2130,89.885,199.993,138.922,74.3485,37.8897,31.0415,21.3666
2160,92.7365,200.758,137.461,74.5483,36.8228,31.0507,21.7412
2190,90.4904,197.957,139.782,74.1284,37.3166,31.0742,21.4543
2220,92.0037,204.161,139.124,76.6158,37.7475,31.1167,21.9828
2250,91.6922,201.755,137.709,76.4565,37.7494,31.1813,21.4295
2280,92.4949,202.285,138.628,76.173,36.265,31.1433,21.4105
2310,90.9718,201.673,140.696,76.3591,37.1581,31.14,21.3578
2340,89.9791,202.103,138.721,73.4223,37.1646,31.2665,22.0191
2370,90.9243,199.081,141.203,73.9589,37.4946,31.0301,21.3415
2400,91.6413,202.043,138.482,75.2456,36.624,31.215,21.5681
2430,90.5424,198.551,139.689,76.4031,37.324,31.1335,21.8715
2460,65.308,150.327,103.598,75.0991,36.9417,31.0972,15.8634
2490,64.4961,145.631,101.874,75.2121,36.6319,31.1505,16.0101
2520,64.5398,148.354,103.223,75.8562,36.3736,31.0541,15.6833
2550,66.0898,150.232,102.64,76.2382,37.769,31.0979,16.031
2580,66.628,149.434,101.991,76.2304,37.0439,31.1547,15.7348
2610,68.2242,149.867,103.57,73.517,37.6993,31.1445,15.9103
2640,64.982,150.782,101.009,74.1863,36.8693,31.0594,16.207
2670,66.6198,146.928,100.834,73.5079,36.3172,31.3175,16.14
2700,64.4528,146.731,102.466,75.5064,37.8855,31.0752,15.8267
2730,66.2745,149.4,103.357,75.0228,36.9056,31.2486,15.8676
2760,65.5734,146.257,100.18,75.0615,36.2835,31.1571,16.0275
2790,70.4856,158.511,108.901,73.7919,37.8517,31.0198,16.6058
2820,68.6919,154.468,105.954,73.8158,36.6669,31.2388,17.0626
2850,68.9481,160.582,106.789,76.06,37.2742,29.9221,16.3561
2880,67.5706,160.227,109.337,74.7846,36.2969,29.0628,16.4984
2910,67.5316,157.347,108.643,75.9575,36.2911,27.7625,16.1353
2940,66.3458,157.353,105.959,73.9193,37.0096,26.552,15.3391
2970,68.1995,159.692,109.608,73.6325,36.3058,25.644,15.0326
3000,69.1574,157.627,107.744,74.1081,37.2026,24.3698,14.4744
3030,65.8712,157.605,105.855,76.6144,37.4433,23.2864,14.5798
3060,67.8886,158.498,105.977,74.7532,37.4088,22.1687,14.1192
3090,69.5199,154.648,108.521,74.0154,37.7134,21.0444,14.1824
3120,67.3288,154.31,107.493,75.4896,37.8068,20.035,13.8768
3150,67.0338,157.874,107.849,74.1253,37.1559,18.621,14.101
3180,68.7099,159.243,109.215,74.0408,36.5737,17.6325,14.1644
3210,69.9676,155.44,109.353,73.9639,36.2091,16.6456,15.0954
3240,69.097,159.495,107.393,75.207,37.5636,15.4955,14.8668
3270,71.6703,159.346,106.935,76.4022,36.6715,17.8716,15.8695
3300,70.0539,160.232,109.261,74.773,36.9218,20.6251,15.7229
3330,72.1016,159.871,108.69,76.5674,37.0677,24.5757,16.6648
3360,72.3194,160.523,108.737,75.2403,36.4817,25.1875,17.2257
3390,66.6328,143.079,99.9709,76.5685,36.1699,27.9993,15.9864
3420,70.5077,157.622,113.634,81.0244,37.5508,32.0721,16.5536
3450,70.649,166.257,116.799,90.0536,36.6769,32.336,16.7876
3480,75.0142,165.165,116.446,88.8091,36.5821,34.4902,16.3146
3510,73.8198,169.237,113.823,87.6384,36.4278,39.5713,16.3632
3540,73.0019,166.25,115.516,87.3898,36.749,40.2227,16.4068
3570,72.7491,165.906,117.009,88.2129,37.7349,42.7264,16.4418
3600,72.9455,169.98,114.3,86.9846,36.644,46.8935,16.6542
3630,74.1045,164.689,117.069,86.9444,36.3351,50.6559,16.4413
3660,73.2919,168.733,115.892,88.7725,36.6033,49.846,16.719
3690,74.3259,166.864,113.558,89.6601,37.8886,57.5197,16.3726
3720,75.0714,165.576,115.963,87.0496,36.7482,60.8005,16.3449
3750,74.3958,167.574,117.286,87.5989,37.7602,63.8231,16.4343
3780,72.3904,166.947,116.402,88.0776,36.7797,65.2202,16.8399
3810,74.3797,164.518,116.66,87.8322,37.5372,71.571,16.3057
3840,74.7244,167.221,114.988,89.0711,37.8957,75.9624,16.7116
3870,73.3526,167.896,117.697,86.7446,36.7262,78.9217,16.3992
3900,73.0766,166.091,116.1,87.8329,36.1103,79.868,16.6747
3930,73.5149,166.238,116.343,86.9106,37.3787,84.0122,16.4694
