Time,FC,PAS,PAM,PAD,temp,SpO2,FR
-1,55,120,78,55,36.7079,100,12
0,60.5,132,85.8,55,36.194,100,13.2
30,61.0511,131.359,85.3793,55,35.6801,100,13.1958
60,59.329,134.407,85.6701,55,35.1662,100,13.0602
90,60.2931,133.734,83.7887,55,34.6523,100,13.1994
120,59.026,131.478,86.5434,55,34.1384,100,13.485
150,60.9107,132.121,84.1209,55,33.6244,100,12.904
180,61.2257,134.945,85.6003,55,33.1105,100,13.1448
210,60.9098,130.562,84.8652,55,32.5966,100,12.9849
240,60.1773,129.646,87.6696,55,32.0827,100,12.9606
270,61.7751,129.074,86.0455,55,31.5688,100,13.0714
300,60.5866,134.789,87.1834,55,31.0549,100,12.9284
330,61.065,134.91,83.8087,55,30.541,100,13.0053
360,66.7778,133.447,94.1217,55,30.0271,100,13.0006
390,65.1328,130.143,93.4955,55,29.5132,100,13.1236
420,59.2475,132.42,85.5426,55,29.8535,100,13.3496
450,62.3581,134.529,86.4205,55.9827,29.2872,101.465,13.2855
480,60.555,133.932,86.3441,54.7864,31.0561,100.298,13.1032
510,59.9366,132.563,89.0102,54.2749,29.955,100.56,13.0879
540,60.6862,126.978,85.3078,56.2846,31.5945,95.9869,13.3165
570,60.5335,108.291,65.366,43.7573,30.8435,95.4085,12.878
600,58.0563,106.185,68.3635,43.226,32.0603,92.9957,12.3692
630,57.3336,109.931,70.6823,43.5186,31.3943,89.2731,12.0143
660,58.3045,106.538,67.4665,43.6079,33.2531,86.9436,11.9837
690,56.9534,106.696,66.3471,42.5072,33.0889,84.2984,11.0401
720,53.6651,90.6101,65.6468,36.9076,33.1491,84.254,11.0569
750,48.9756,90.7246,38.3479,36.3286,33.3625,80.4906,10.8485
780,47.6006,91.3461,38.0433,36.2201,34.4793,97.8923,10.6046
810,47.376,91.0214,38.3854,37.0373,33.5926,92.9525,9.87874
840,45.3404,90.3736,55.3648,47.7181,34.9421,90.2117,10.1148
870,45.6924,93.566,55.6442,47.7119,34.303,90.4981,9.66585
900,45.1569,92.0849,53.9917,47.8924,35.1495,87.8342,9.8725
930,46.5589,86.8262,52.7807,49.2596,36.3108,86.7507,10.098
960,44.7334,114.965,53.5845,46.9963,35.498,87.2486,9.82205
990,50.2397,114.475,73.8099,48.217,35.8816,83.4501,9.93339
1020,49.1529,113.835,71.4235,47.5391,36.4806,82.2763,9.8662
1050,48.3244,111.201,72.3939,49.5314,36.6169,81.5006,10.048
1080,44.6665,98.4081,68.5859,41.2643,38.0975,80.5884,9.59154
1110,49.4442,106.964,68.8789,40.3613,38.1037,78.6576,10.8731
1140,50.1951,105.308,70.0035,40.691,37.9145,75.7155,10.9831
1170,48.6075,107.333,69.2766,40.9626,37.8117,70.6737,10.9733
1200,49.9227,107.387,71.4106,40.5425,38.151,70.3057,10.7281
1230,60.2044,128.212,86.732,39.7437,37.3618,70.131,12.9409
1260,51.9527,99.9033,70.9114,39.5109,37.7117,63.7055,12.923
1290,51.9577,99.6128,71.157,40.2554,37.9163,62.8488,12.9799
1320,53.3005,98.4748,71.005,41.4692,36.716,62.6677,13.3583
1350,53.0122,98.8887,68.9315,39.5298,36.9086,62.5939,12.9211
1380,51.8228,103.278,69.0834,39.8369,36.1439,63.0372,13.1302
1410,52.1559,104.069,71.7705,41.8941,37.1824,65.5723,13.1933
1440,51.4607,103.071,70.0914,41.2909,38.4076,68.3237,13.2137
1470,53.0566,103.104,71.3925,40.8412,38.7321,68.188,12.9307
1500,53.2673,103.098,69.6207,39.4564,36.4885,67.8255,13.0791
1530,61.8864,125.681,84.1262,40.521,37.3187,65.4654,14.1637
1560,61.1724,126.152,84.3953,40.1998,35.842,65.1498,14.2608
1590,62.8256,127.621,84.5149,41.5386,36.8543,69.8082,14.0827
1620,62.7979,124.581,85.054,41.9871,37.0989,67.1814,14.0059
1650,61.8762,127.469,85.9651,39.8051,37.4021,69.7099,14.0824
1680,61.4211,124.983,86.1061,40.9945,37.6299,67.9174,13.9747
1710,62.0095,128.73,83.273,40.3997,35.469,70.0449,14.2936
1740,61.0889,126.255,86.3963,39.6988,37.0858,68.003,13.9323
1770,60.4717,125.258,84.3756,40.218,36.2374,69.7117,14.134
1800,61.9206,127.412,83.7438,39.4178,37.715,67.1803,13.9131
1830,62.2556,126.074,85.0689,41.5411,37.19,69.2397,14.2204
1860,60.4547,127.298,86.4723,41.4027,36.1232,70.3649,13.8458
1890,62.5463,125.628,84.287,39.6172,36.9602,69.1359,13.955
1920,62.9766,123.303,84.0034,40.9853,37.8324,69.4137,14.0455
1950,60.7794,125.557,83.8283,41.3757,36.9447,68.207,14.2923
1980,62.3501,126.232,85.557,41.544,36.459,69.7573,14.2156
2010,64.3016,134.059,92.6936,41.7002,37.3308,66.1427,14.5155
2040,65.7591,135.213,89.5346,40.5967,37.0742,70.0313,14.4192
2070,64.7895,133.701,89.3378,40.0562,36.7058,66.5264,14.262
2100,64.3216,137.921,92.2422,39.7722,37.5578,70.2333,14.6549
2130,66.4938,137.572,91.6361,40.6953,37.5608,70.3643,14.37
2160,64.6687,133.104,91.7411,40.545,36.188,69.1291,14.4193
2190,66.1252,137.097,91.3593,39.564,37.3015,65.7729,14.537
2220,65.9671,137.516,91.8745,40.532,37.2973,66.4719,14.5054
2250,65.4656,137.427,92.9372,39.7143,38.0326,67.126,14.7185
2280,64.1558,132.637,90.4936,39.6391,36.3266,67.4826,14.4714
2310,66.3829,138.174,91.0673,40.2869,37.5149,69.8375,14.5284
2340,65.1662,135.924,92.8846,39.4059,35.8103,67.9195,14.6748
2370,64.0651,135.29,92.867,41.315,36.3791,68.531,14.526
2400,64.832,138.104,91.5999,41.9982,35.1908,67.3024,14.7485
2430,64.0756,137.542,90.3619,41.7022,36.1576,67.3342,14.7108
2460,66.1185,134.546,92.7106,39.6102,36.6996,69.9847,14.5469
2490,66.4088,137.542,90.2478,40.4216,36.9562,69.9723,14.5159
2520,67.9905,140.2,92.851,42.0789,37.6038,70.2204,14.7045
2550,67.564,138.673,92.9652,39.9319,37.4455,65.9399,14.5267
2580,66.2409,137.226,92.5034,41.5492,36.2752,67.2418,14.5628
2610,66.0771,140.799,93.9362,40.4305,37.159,69.8876,14.6139
2640,66.1783,139.189,92.7929,41.6805,36.0599,67.8547,14.863
2670,67.4923,142.727,91.6911,39.9601,36.9989,67.9385,14.4472
2700,66.5281,142.148,94.6334,41.5228,35.6928,66.1514,14.5719
2730,68.3669,142.205,94.0195,40.8721,37.0138,65.4794,14.7781
2760,66.0143,139.768,93.5081,40.1777,36.5526,66.7077,14.6859
2790,66.3394,139.558,94.2414,39.4665,36.5408,66.2464,14.3999
2820,66.7187,137.644,94.2268,40.6028,37.0718,69.5594,14.5622
2850,68.566,140.523,94.5704,40.6678,36.6969,66.7492,14.5464
2880,67.2866,142.396,93.4617,40.2638,36.1808,70.0828,14.4714
2910,67.0827,141.715,91.8687,39.568,35.3489,65.9576,14.5538
2940,67.5187,142.815,94.1224,41.8794,37.2916,66.7937,14.7812
2970,66.8428,138.717,92.0964,40.8581,35.6765,69.768,14.6488
3000,67.4403,140.622,94.3828,40.8263,36.6543,68.9609,14.747
3030,67.7419,143.198,94.162,41.3027,36.7367,65.6604,14.7914
3060,68.5129,142.865,93.8945,41.5601,35.3584,68.4028,14.7625
3090,66.7741,143.165,92.0949,40.3639,35.5059,69.8937,14.862
3120,67.9728,142.518,92.7653,39.6428,35.7559,69.4652,14.5056
3150,66.4172,141.707,94.4935,40.658,37.1309,66.6662,14.6515
3180,68.2587,143.814,92.0441,40.2845,35.9716,65.4372,14.5797
3210,68.0769,139.782,93.6199,40.0039,36.1743,65.6613,14.5309
3240,66.9264,140.922,92.0786,42.0203,35.6059,65.5035,14.8548
3270,67.893,143.172,92.0145,40.2435,36.6581,68.4614,14.7934
3300,66.7242,142.869,94.7605,40.9718,37.2036,67.3528,14.3891
3330,65.441,139.783,93.5045,41.4623,36.9225,66.041,13.9522
3360,64.6214,143.286,95.2518,41.7363,37.8832,63.1723,13.8938
3390,66.2008,141.485,94.572,41.6196,35.089,60.7306,13.5308
3420,63.878,138.589,95.0035,42.1632,37.1472,59.1797,13.0688
3450,65.0306,142.237,94.326,41.5649,35.6707,60.2169,12.8989
3480,63.0378,141.847,91.8048,40.4331,36.4117,59.0789,12.9287
3510,60.4561,142.841,92.7607,39.9981,36.7079,56.1617,12.0707
3540,49.3191,113.237,77.3979,40.8546,36.3328,56.7401,12.3538
3570,50.4421,112.128,75.1316,40.2729,35.5505,57.624,12.3847
3600,49.9679,114.362,74.033,40.7686,36.0083,59.8467,11.9583
3630,48.9673,116.605,74.2485,40.5672,36.0874,58.2729,12.2539
3660,51.0299,113.006,74.1431,42.1539,36.3077,60.0222,12.3205
3690,50.8754,116.599,75.6879,40.5539,34.4288,58.4445,12.7805
3720,50.9169,112.417,74.0452,41.3543,36.1618,61.6889,12.8923
3750,52.1736,115.608,76.4817,40.1552,35.2234,63.5282,13.1058
3780,51.4369,116.728,74.4634,42.1004,36.7907,60.8448,13.3208
3810,52.8173,115.104,75.7218,41.7591,36.8302,62.9289,13.5735
3840,51.121,109.106,73.7607,42.257,35.9351,63.0559,11.126
3870,49.8417,106.3,72.133,41.3324,34.9846,66.6041,11.2368
3900,49.8487,106.573,71.8633,41.7485,36.8182,67.6149,11.2718
3930,49.7484,108.741,71.6523,42.0629,35.8431,63.8278,11.4649
3960,49.9363,110.845,73.8645,41.5343,35.0942,68.6718,11.2098
3990,49.8177,107.477,74.4555,40.5372,36.8234,68.6883,11.3177
4020,51.882,106.279,71.995,41.935,35.8258,67.3115,11.3179
4050,51.3619,109.266,72.4428,42.0959,35.7461,70.2568,11.225
4080,50.2337,109.346,70.9681,41.3553,37.4323,73.5256,11.4341
4110,49.8432,111.455,71.1851,41.5439,37.4374,72.134,11.3617
4140,51.7396,109.479,72.6033,40.8343,37.4781,78.0129,11.3046
4170,50.3089,108.666,72.3859,41.419,36.4703,75.3329,11.1299
4200,51.3966,106.663,73.8646,41.0533,35.9123,78.9358,11.105
4230,51.3144,108.606,73.938,41.2138,35.091,80.681,11.0849
4260,51.1975,110.187,72.7751,41.3103,36.3241,82.4617,11.4296
4290,52.0063,109.418,72.4007,42.3219,36.665,84.73,11.259
4320,50.8703,111.684,74.444,41.4257,36.3079,87.8816,11.2424
4350,51.2808,109.65,74.5415,42.5464,36.0946,84.768,11.1939
4380,51.8643,110.044,74.3002,41.0047,34.9318,85.4518,11.1004
4410,51.1193,110.231,71.1134,40.9445,35.2353,88.6665,11.3708
4440,44.5842,99.1504,63.9184,39.833,34.8842,86.4787,9.8552
4470,50.7224,112.803,70.9678,47.3827,35.6695,88.1279,9.72633
4500,50.6416,114.331,72.7523,48.7068,36.4788,84.6104,9.65185
4530,48.8685,111.352,75.9781,46.8005,36.7448,88.8382,9.7885
4560,50.556,111.708,75.4676,48.4425,35.5043,87.4542,9.48053
4590,50.6019,113.16,74.73,47.1862,36.0545,84.5336,9.54346
4620,49.0108,115.799,73.2064,48.6593,35.4564,81.4773,9.60085
4650,50.0347,111.341,74.8428,48.8127,37.2119,83.1228,9.75438
4680,50.9245,112.471,74.4768,46.7041,35.8367,81.1993,9.57773
4710,50.6118,114.889,75.2093,46.814,35.9129,82.0283,9.56552
4740,50.4397,113.607,73.3111,48.7603,36.9791,81.151,9.59462
4770,50.7526,114.999,73.7557,48.2046,36.9038,81.6758,9.51604
4800,49.7894,115.062,74.0446,46.2053,35.6602,81.2643,9.77738
4830,50.096,115.663,76.2389,48.071,36.2252,84.5343,9.53487
4860,51.4557,110.928,73.2153,48.5731,36.4377,80.7483,9.62645
4890,49.5479,112.951,73.1415,48.0359,36.2277,83.9758,9.84704
4920,49.8102,111.364,75.9189,47.3145,36.2987,80.2875,9.60929
4950,48.9702,110.479,73.2987,48.1782,34.7054,84.4229,9.46264
