Time,FC,PAS,PAM,PAD,temp,SpO2,FR
-1,100,136,101,79,37.0022,95,18
0,110,149.6,111.1,79,36.4842,95,19.8
30,108.08,146.679,109.236,79,35.9662,95,19.8422
60,110.058,152.768,110.148,79,35.4481,95,20.0125
90,110.666,148.336,110.806,79,34.9301,95,19.5665
120,112.126,152.94,110.513,79,34.4121,95,20.1986
150,107.437,149.617,110.104,79,33.894,95,19.7273
180,110.478,147.96,111.295,79,33.376,95,19.5315
210,108.867,149.575,109.174,79,32.858,95,19.7042
240,109.105,150.749,112.396,79,32.3399,95,19.9328
270,107.517,146.804,111.553,79,31.8219,95,20.2736
300,109.15,150.616,110.997,79,31.3039,95,19.9102
330,107.76,147.956,113.272,79,30.7858,95,20.1733
360,122.726,148.288,121.731,79,30.2678,95,19.7082
390,120.287,147.98,119.994,79,29.7498,95,19.6018
420,122.308,146.721,110.684,79,29.9914,95,19.3336
450,121.122,154.062,113.116,79.79,30.533,95.95,20.3113
480,111.589,149.999,111.837,80.4216,30.9813,95.1127,19.7816
510,112.142,148.85,110.217,81.7476,31.1334,99.157,20.4258
540,112.948,151.515,110.658,77.9811,31.5676,97.1751,19.4318
570,109.266,122.78,91.9873,66.017,31.6344,93.9757,19.3368
600,108.074,120.006,91.6892,63.8734,30.8372,92.5134,18.8115
630,106.499,123.851,89.8309,62.494,31.8157,90.7375,17.6742
660,106.307,118.455,90.0367,65.6388,32.1191,89.2299,17.5941
690,107.607,118.109,91.7915,63.8201,32.2169,85.7946,17.6968
720,94.5558,112.897,84.5659,53.371,32.1748,82.4268,16.9766
750,85.3852,99.3654,50.3066,52.795,33.3724,79.0154,16.5796
780,82.4877,100.119,53.1756,53.4391,32.689,91.2647,15.766
810,86.5489,99.8104,49.8092,52.2846,32.6934,88.2135,15.5453
840,81.4903,101.159,50.5436,53.2418,33.0151,84.6939,15.4719
870,83.4391,99.0596,52.4615,52.6377,34.1365,83.7568,14.6207
900,81.8971,99.5545,52.0842,52.0117,34.5992,78.8305,15.288
930,80.5993,100.091,49.4077,53.295,34.8565,79.5918,14.9454
960,83.4633,128.789,69.894,68.7651,34.5322,80.0848,15.3762
990,88.1568,130.532,97.79,69.3557,35.0155,78.6108,15.4865
1020,85.9427,125.395,97.4628,68.3863,35.7752,75.0268,14.725
1050,90.5533,124.949,95.8204,68.5413,35.5486,73.3241,14.6964
1080,82.9546,119.8,88.3005,57.3356,36.16,68.9496,14.8519
1110,87.319,121.109,94.4413,57.8195,36.0577,65.7671,16.6282
1140,90.2563,120.038,92.6584,57.2925,36.542,61.2643,16.262
1170,87.1944,123.258,91.7807,58.2928,37.3507,61.1975,16.5447
1200,87.5971,121.444,93.2354,58.6164,36.5733,59.5152,16.3977
1230,109.561,144.95,112.918,58.3812,36.5055,54.4042,20.0472
1260,93.7694,124.274,109.587,58.5571,37.0897,52.2813,19.9613
1290,96.2235,122.183,106.998,58.1645,37.5454,51.5143,20.11
1320,93.3125,121.643,109.468,60.5258,37.0477,50.1598,19.7927
1350,80.7774,108.026,86.109,58.845,37.7898,47.9843,15.7184
1380,84.1641,108.152,83.7729,59.3111,36.6643,48.0313,15.8755
1410,106.261,139.927,106.743,59.451,36.2949,51.0123,20.1846
1440,114.862,152.546,116.428,57.4173,36.1207,48.836,21.9885
1470,115.815,159.335,124.523,59.8214,36.3627,50.2419,21.9126
1500,115.162,157.947,122.852,57.606,36.0308,51.655,22.4589
1530,93.6589,130.572,99.2999,61.0524,36.6966,50.7383,18.0586
1560,94.7595,126.166,98.392,57.6284,37.4035,50.4507,17.6973
1590,96.6489,129.555,102.361,61.2232,36.8216,52.7573,18.191
1620,95.6249,127.694,100.623,60.1404,35.9936,49.8953,18.3583
1650,78.3929,106.436,84.6212,58.6206,37.7277,52.1348,15.1994
1680,78.6292,106.153,85.1666,60.5972,37.071,48.474,15.5037
1710,78.9075,107.25,81.0705,58.0158,36.3281,48.3652,14.7773
1740,80.7593,110.544,85.3167,58.5505,36.6693,50.5174,14.6432
1770,79.2449,109.348,85.5062,59.1239,37.5917,49.3984,15.386
1800,90.0703,114.81,89.9404,58.2267,36.596,52.4187,16.233
1830,66.6505,98.153,77.015,58.8965,36.5812,48.4603,16.7395
1860,70.3956,91.8715,75.7565,58.53,37.6651,51.0247,16.7807
1890,69.1002,91.7613,75.2242,60.6966,37.3223,50.7305,16.4769
1920,71.1458,96.9733,72.159,59.8551,37.1678,49.2784,17.0257
1950,67.4169,92.0008,76.8135,57.9365,37.484,52.8308,16.7201
1980,68.5339,98.7683,72.3854,61.0769,37.5888,52.7379,16.4246
2010,72.6131,95.1908,76.5075,58.8934,36.6514,51.0311,16.4204
2040,68.4498,92.1004,74.7446,57.5256,37.1646,51.675,16.8541
2070,69.7582,98.2469,74.7914,59.9437,37.4411,50.9223,16.9764
2100,71.8479,95.1761,73.7415,58.0335,36.5012,51.0084,16.3031
2130,85.705,115.293,89.4084,58.9387,37.4351,49.7858,17.1481
2160,85.8042,118.164,87.5939,60.2952,37.3635,51.5032,17.1453
2190,87.3893,114.416,90.0609,58.1827,36.0996,48.8728,17.2201
2220,84.2035,116.585,91.1889,57.4747,35.8579,48.9399,16.5793
2250,86.5337,116.822,89.2442,61.2318,35.8978,52.0859,16.746
2280,83.7313,112.398,88.4073,59.4858,37.3396,49.8102,16.6506
2310,88.4171,118.93,87.8456,59.5547,36.172,51.4456,17.1249
2340,86.5738,117.394,90.9888,60.2879,36.3134,50.3236,17.131
2370,86.3499,115.764,87.3558,57.6669,35.9491,50.3241,16.4347
2400,85.3776,113.23,89.9016,59.2103,36.0413,51.7909,16.3851
2430,84.4458,111.98,89.0721,57.6534,37.3438,50.5969,16.9954
2460,85.0068,112.662,89.7024,60.8068,37.1137,49.0478,16.9721
2490,84.8214,115.931,89.6045,60.5424,35.6603,50.6334,17.2403
2520,85.0278,118.381,87.1536,60.0477,35.6224,50.7149,16.5226
2550,85.3199,113.377,88.3393,59.6345,35.8909,51.0206,17.0149
2580,84.5116,112.005,89.0726,59.4748,35.7185,52.191,16.7731
2610,83.2231,118.815,87.5554,58.5228,36.3888,50.8048,16.4754
2640,86.8281,119.123,87.3869,60.9846,37.0773,48.5565,16.9568
2670,89.0559,115.777,91.6123,58.6307,36.8388,48.413,17.254
2700,89.2115,116.027,90.5535,58.2091,36.5588,52.9215,17.1118
2730,82.2527,109.971,82.6622,60.3829,36.7564,49.7324,14.887
2760,88.2689,119.157,89.554,70.1742,36.9152,49.5941,15.5429
2790,91.2348,124.33,97.3711,69.459,37.0057,49.2336,15.7662
2820,90.8771,123.551,100.351,69.2403,36.8738,50.8823,15.6095
2850,89.6386,125.666,98.6395,67.3766,35.8992,52.3144,15.6853
2880,93.3448,122.952,100.786,67.6546,37.15,49.3749,14.8122
2910,92.0236,125.594,99.542,68.623,36.8891,49.1082,14.854
2940,91.5913,124.829,95.4812,68.0188,36.4528,52.9682,15.6068
2970,89.831,126.147,98.894,69.9695,37.2588,49.6407,15.6079
3000,89.2678,123.425,99.3345,68.0123,35.8504,51.9077,15.1566
3030,88.7417,129.913,97.3305,70.795,36.2324,49.1673,15.0598
3060,89.1461,125.4,97.0155,70.7713,36.6195,50.2464,14.8657
3090,89.1139,125.766,100.214,69.6077,36.8981,51.1804,15.018
3120,92.867,129.391,95.6671,67.6866,37.0329,52.3588,15.0472
3150,88.7471,127.173,98.844,68.6673,36.162,53.2809,14.9978
3180,93.4109,124.219,98.0218,67.9593,36.0536,52.2202,15.7971
3210,88.4413,124.103,95.9236,68.7102,36.0251,53.0804,15.7001
3240,89.5401,126.729,96.2546,67.8625,35.7002,49.2453,15.0466
3270,89.1696,129.875,98.136,68.9436,35.8922,53.3707,15.5754
3300,93.3313,130.131,100.603,70.6626,35.2187,49.9102,16.2555
3330,91.2648,131.808,101.884,69.8333,34.7631,53.0494,16.5834
