Time,FC,PAS,PAM,PAD,temp,SpO2,FR
-1,106,146,107,82,36.8587,95,20
0,116.6,160.6,117.7,82,36.3427,95,22
30,116.574,159.157,116.744,82,35.8267,95,22.2014
60,116.477,160.242,119.953,82,35.3107,95,21.9599
90,115.527,158.62,117.145,82,34.7947,95,22.2664
120,117.358,163.303,118.486,82,34.2786,95,21.9268
150,114.848,162.663,119.136,82,33.7626,95,22.1447
180,118.857,164.464,120.354,82,33.2466,95,21.8363
210,118.977,163.437,119.498,82,32.7306,95,22.1457
240,115.179,157.977,119.965,82,32.2146,95,22.1192
270,116.041,159.654,117.382,82,31.6985,95,22.4065
300,116.431,157.187,118.45,82,31.1825,95,21.5766
330,118.621,163.817,115.33,82,30.6665,95,21.9688
360,126.426,156.874,128.208,82,30.1505,95,21.6516
390,128.98,157.259,128.384,82,29.6344,95,21.5687
420,114.176,157.781,117.636,82,29.8975,95,21.8511
450,116.689,156.851,119.66,80.7301,30.5714,94.2977,21.7287
480,117.383,162.06,115.565,81.4415,29.8965,93.6331,21.9802
510,116.285,163.923,115.064,81.2982,30.6939,101.528,21.9334
540,119.359,156.337,121.074,82.9833,30.2179,97.9686,21.5648
570,118.4,127.218,92.3014,65.546,31.18,96.5486,20.9887
600,110.029,129.707,89.3584,66.004,32.1591,96.5535,20.6168
630,114.352,134.282,94.227,65.9231,31.0386,92.4621,19.5658
660,110.489,127.511,94.373,66.0683,32.0881,87.8142,18.9781
690,108.586,126.151,93.8314,64.6232,31.3374,88.5263,19.0813
720,149.454,66.7577,95.8814,38.866,33.0467,85.7422,18.6684
750,150.096,69.2257,89.9748,40.0303,33.5921,89.8273,18.5269
780,150.778,64.8776,89.9977,39.5166,32.5931,87.0903,17.6465
810,147.893,66.2077,91.7985,37.3571,33.4837,84.4024,16.381
840,144.91,90.4851,95.3174,55.9401,33.5389,79.9238,16.7356
870,147.994,98.6683,94.7868,54.2608,34.149,76.3807,16.3323
900,145.63,98.7272,90.7061,54.0033,34.251,76.0771,16.038
930,151.663,93.0208,93.0058,56.1732,34.2183,71.1369,16.3573
960,151.534,97.6285,117.424,57.1796,34.7621,70.5726,16.3677
990,149.242,100.346,114.98,54.3006,34.5671,70.3537,16.4022
1020,144.054,97.6215,119.22,56.5943,35.882,65.928,16.4577
1050,149.73,97.8868,115.185,55.846,35.107,62.859,16.1475
1080,148.757,97.4167,119.409,56.4565,35.9834,61.7331,16.7332
1110,145.121,96.1708,121.567,55.3317,36.1512,57.4367,16.3207
1140,146.505,101.416,119.98,55.214,35.5982,54.3708,16.8503
1170,147.093,100.535,117.884,56.0418,36.9,54.6248,16.8722
1200,149.259,98.9257,117.148,56.7099,37.7926,53.2601,15.6778
1230,105.594,136.91,117.243,72.3312,37.9165,49.5529,16.3954
1260,92.8156,117.596,97.9963,62.9144,37.6452,46.5127,16.0316
1290,82.724,121.141,66.1126,62.4675,36.6765,45.4324,16.746
1320,85.0027,117.378,69.0689,61.0882,36.7029,87.2054,16.9629
1350,85.6746,116.364,69.2268,61.8154,37.1013,84.2374,17.1
1380,83.0258,120.536,69.3252,63.8015,37.2665,88.5546,15.853
1410,84.1676,119.194,65.5937,62.1502,37.4033,84.7594,16.9309
1440,86.3638,112.603,68.2576,61.3588,38.1866,88.1221,16.7148
1470,85.8731,117.025,68.149,62.5308,36.1981,84.8622,15.9693
1500,84.3247,119.617,66.0097,63.2695,36.1707,92.8475,16.6457
1530,91.1691,113.908,92.0339,63.3218,38.0633,90.0042,16.4733
1560,89.2099,117.708,94.1649,60.6546,38.3422,92.0124,15.7894
1590,89.4539,117.13,92.7191,62.585,38.505,90.115,16.2147
1620,84.518,94.893,81.6652,51.3251,36.0584,92.8154,16.2814
1650,91.6085,101.272,89.732,53.1829,37.8661,91.5229,17.8388
1680,92.0728,102.416,90.7119,52.0735,36.6465,91.0168,17.6595
1710,90.0491,106.38,87.5524,51.5883,37.1175,92.8277,17.6203
1740,91.1045,106.149,89.5691,52.8838,36.198,90.2306,17.7942
1770,110.14,130.27,107.781,53.9428,38.2301,91.534,21.45
1800,98.3528,112.81,92.5856,51.6181,37.0981,92.234,21.1157
1830,97.9275,116.019,90.0679,52.444,37.5141,93.1296,21.6549
1860,97.0679,113.35,90.0745,53.6006,37.5495,90.8853,21.2059
1890,95.0876,115.147,93.7228,54.2663,37.0467,90.624,21.4765
1920,97.2042,110.945,92.1246,52.7452,36.1241,91.4697,21.1507
1950,98.3258,115.39,91.4089,51.5092,37.061,97.4172,21.3869
1980,96.8167,117.375,89.5358,52.3461,36.8101,96.0133,21.6179
2010,94.2303,113.77,91.7176,52.7154,38.4856,98.0407,21.6161
2040,97.6443,114.363,89.6721,54.5243,37.7762,93.8561,21.7372
2070,112.058,131.256,110.779,54.0609,37.9341,94.5633,23.0258
2100,113.642,129.552,110.286,54.4251,36.9729,96.3605,23.2686
2130,113.983,128.418,107.396,52.9516,37.0557,94.3578,23.2997
2160,113.553,129.454,109.991,52.1763,38.1073,93.9935,22.694
2190,112.047,134.398,110.726,54.5168,36.4188,95.5285,22.8362
2220,112.284,129.002,107.268,54.319,37.2774,96.6319,22.7504
2250,114.349,133.277,109.557,53.3346,38.1864,95.4765,23.0338
2280,115.273,128.498,110.103,53.7274,38.208,97.3776,22.719
2310,114.23,132.3,106.736,52.153,37.1973,96.0519,23.4911
2340,113.485,132.256,110.786,54.4412,36.6754,93.871,22.7449
2370,112.221,132.447,110.039,51.3935,36.0874,96.1408,23.0062
2400,111.824,129.617,107.284,54.5365,36.9106,93.8226,23.3329
2430,113.402,128.278,107.003,51.7822,37.0362,94.4586,22.69
2460,111.933,128.19,111.213,52.8348,36.0947,96.4583,23.3493
2490,113.909,129.98,110.819,51.2509,36.5545,95.7918,23.153
2520,113.822,131.906,109.187,53.405,37.0374,95.7592,22.6975
2550,120.197,138.468,115.503,51.2549,35.942,94.0117,23.2987
2580,119.362,135.185,118.124,54.3632,35.7909,97.1473,23.6517
2610,120.351,139.12,117.978,51.1448,37.2358,96.4777,23.6027
2640,120.821,135.999,115.999,51.8709,37.6605,94.8874,23.3187
2670,118.578,138.647,116.43,52.1385,37.3917,96.4748,23.2998
2700,119.509,138.062,115.896,52.7498,38.0612,94.5045,23.3719
2730,119.857,142.115,116.887,52.9038,36.9854,94.4359,23.7938
2760,117.937,139.132,115.63,53.7562,35.9413,93.985,23.4178
2790,121.044,139.097,118.781,53.3881,37.0738,98.1705,23.3114
2820,120.392,137.229,119.005,52.3347,36.8412,97.1536,23.5824
2850,121.223,136.984,115.984,54.3943,35.6122,97.5303,23.204
2880,120.727,142.361,119.751,54.3481,37.1857,95.2338,23.5718
2910,119.288,136.528,118.667,52.0297,36.7236,96.178,24.8636
2940,120.892,138.21,117.089,54.2802,35.4178,95.8498,24.5515
2970,118.4,140.237,115.454,52.3087,37.9094,95.7269,25.4726
3000,120.608,138.645,117.783,54.7496,36.8855,98.3188,26.0598
3030,121.315,140.797,119.946,52.2851,36.0936,94.7058,25.9662
3060,123.874,143.754,123.981,55.123,36.4728,93.9949,28.38
3090,124.6,140.356,120.225,54.5392,37.1902,95.6212,28.6108
3120,124.389,146.077,122.219,52.4846,36.814,98.2752,29.0556
3150,121.274,146.149,123.587,53.3052,35.3095,96.1812,29.1226
3180,123.341,142.749,120.457,52.6506,36.3562,94.2764,30.028
3210,122.193,141.44,122.174,52.4317,37.6381,97.5966,30.418
3240,124.626,142.224,123.894,53.7606,37.6079,96.9456,29.8664
3270,124.462,139.958,121.909,52.3122,36.3959,99.986,30.42
3300,123.11,143.35,124.127,52.4236,35.9077,105.08,29.8957
3330,122.744,142.964,120.904,51.9705,35.264,106.5,30.0468
3360,123.437,144.186,123.527,52.6882,35.3037,106.663,30.065
3390,121.897,145.106,121.691,52.0219,37.2328,111.196,30.0041
3420,121.989,144.642,121.5,51.8175,36.3809,107.739,29.3048
3450,123.055,142.193,120.339,52.2809,36.8134,108.999,29.3703
3480,120.956,141.243,120.278,51.7201,35.5796,108.124,28.265
3510,118.537,144.52,121.303,55.0887,35.4296,107.325,28.0889
3540,120.154,143.409,123.4,53.7292,37.5628,109.497,27.3744
3570,116.609,145.161,123.38,53.9712,35.9395,108.572,26.411
3600,117.279,144.06,120.599,53.8462,35.3107,110.121,25.8554
3630,116.17,141.205,120.615,53.8252,35.5828,107.477,25.1535
3660,119.217,140.766,122.967,54.1825,35.0254,107.134,24.6496
3690,115.952,140.502,123.829,54.4457,35.5818,110.049,24.4171
3720,119.658,140.912,120.975,51.8028,35.7674,106.548,23.8922
3750,116.833,143.045,121.367,53.9965,37.1996,108.759,23.2184
3780,120.003,143.013,121.433,54.76,37.1451,105.365,23.4228
3810,120.721,146.529,122.927,51.9537,36.2326,108.257,22.9304
3840,121.779,139.913,121.38,53.2175,35.8383,105.421,23.0654
3870,119.701,143.55,120.329,54.9259,36.5501,107.135,22.7411
3900,121.841,146.367,124.279,52.3174,35.7029,104.582,23.0215
3930,121.405,145.127,122.091,53.0883,35.6341,107.455,22.8532
3960,122.344,140.382,122.842,53.1781,37.2995,108.159,23.3462
3990,122.91,140.125,123.142,54.0166,36.7315,107.283,22.933
4020,122.343,144.86,122.083,54.9267,36.9795,102.819,23.3761
4050,123.188,147.352,121.705,54.5087,36.4018,98.8163,21.9366
4080,97.2119,116.793,99.9696,54.4353,36.7278,99.0142,22.4265
4110,100.202,114.203,99.0889,54.2115,36.2612,93.891,22.3844
4140,97.4398,115.761,100.071,54.9418,34.9682,94.8938,22.0524
4170,97.0979,112.101,97.6566,52.1986,36.8552,91.2092,21.6569
4200,97.1677,114.164,100.089,53.8353,35.2086,91.4387,22.2765
4230,100.161,113.157,98.5116,53.0558,36.3915,90.1872,22.1737
4260,97.3423,112.727,98.914,52.5271,35.5484,92.428,21.8789
4290,98.5519,112.383,98.3366,52.979,36.9515,90.8462,21.9981
4320,98.2422,113.585,96.4524,52.8427,36.7408,89.4106,21.9519
4350,100.37,116.058,99.8917,52.9071,34.7569,88.9572,21.7986
4380,93.5411,110.671,93.814,53.352,36.4671,92.6844,16.8733
4410,93.8822,108.304,94.7843,54.074,34.8958,89.5436,17.0534
4440,94.0564,107.938,95.6083,55.0968,37.6005,90.6657,17.1253
4470,95.0216,107.661,96.096,54.0375,36.5213,93.1582,16.9633
4500,94.943,108.972,95.7861,53.2472,36.5752,92.4591,17.3021
4530,96.5263,109.377,93.905,52.0193,36.3383,91.8158,17.2727
4560,96.0731,109.649,95.1094,53.7316,35.2075,89.7463,17.3832
4590,93.7045,107.382,94.3092,53.2486,35.2562,92.969,17.0883
4620,96.0303,111.565,96.3444,52.7592,36.3765,89.4302,16.8245
4650,93.2069,110.632,93.2271,53.7048,36.4183,90.5428,17.4237
4680,94.2698,107.094,94.1263,54.2467,35.9187,91.8994,16.934
4710,96.1089,107.882,95.4839,54.5984,36.7025,90.7096,16.9407
4740,94.2484,109.128,94.8666,54.1964,35.9583,93.4667,16.7765
4770,94.2292,108.563,95.2139,53.5144,34.8937,91.138,17.0935
4800,93.336,113.408,92.9704,52.6871,37.2584,92.0442,17.0001
4830,93.0111,109.797,92.9186,54.0696,35.7302,89.161,17.001
4860,96.9664,111.641,92.3859,51.8942,35.4639,90.0825,17.3356
4890,94.3105,113.471,93.3435,53.6912,36.0096,89.5124,16.7953
4920,96.1106,109.392,93.9574,53.2686,35.1385,93.2035,16.9157
4950,95.2275,107.737,91.7397,54.0794,35.9321,89.5148,17.2737
4980,85.527,96.1085,84.7654,52.6524,35.1586,89.475,14.609
