Time,FC,PAS,PAM,PAD,temp,SpO2,FR
-1,108,131,98,74,37.4507,98,23
0,118.8,144.1,107.8,74,36.9264,98,25.3
30,120.827,146.545,110.333,74,36.4021,98,25.8631
60,119.424,140.733,108.691,74,35.8778,98,25.7325
90,118.327,140.823,108.91,74,35.3535,98,24.9222
120,121.377,146.559,109.928,74,34.8291,98,24.822
150,119.577,141.971,105.776,74,34.3048,98,25.0371
180,116.255,142.176,105.819,74,33.7805,98,25.609
210,121.691,141.211,109.287,74,33.2562,98,25.0414
240,118.776,141.127,106.936,74,32.7319,98,25.6581
270,118.225,145.927,108.476,74,32.2076,98,24.9113
300,118.326,142.025,107.24,74,31.6833,98,25.6616
330,120.789,144.081,105.212,74,31.159,98,25.3149
360,132.136,144.291,118.913,74,30.6347,98,25.0176
390,132.561,145.364,117.583,74,30.1104,98,24.8987
420,133.29,142.525,120.668,74,31.2586,98,25.3208
450,133.543,149.117,120.754,74.74,32.7195,98.98,25.0741
480,120.389,143.041,111.196,74.2876,34.107,101.083,25.3587
510,118.299,145.077,106.629,75.5502,34.3034,98.1264,26.0545
540,118.103,144.304,109.399,75.4364,36.0907,94.459,25.4978
570,117.332,118.858,89.2382,58.9489,36.6705,92.0222,24.0172
600,114.358,119.062,85.4228,60.093,36.5674,89.9057,23.7836
630,116.363,112.829,87.6394,60.4399,35.7834,83.2881,23.3369
660,114.049,114.304,84.4587,61.0986,36.9813,83.7053,22.354
690,113.135,114.051,87.9045,57.6248,37.2981,75.9804,21.5205
720,108.127,106.037,71.8669,53.4417,36.1062,76.3888,21.7079
750,92.7309,97.5193,50.5071,51.7314,36.7948,72.3694,20.55
780,90.3897,97.0598,44.4542,50.6433,36.2934,94.1777,20.9695
810,95.5396,99.8332,44.5258,49.9953,37.271,89.965,20.4278
840,92.2828,96.0527,48.9378,65.995,38.0826,88.2414,19.7656
870,92.1573,100.735,48.054,64.8655,37.2047,86.8321,18.635
900,89.3626,126.29,49.8311,65.0418,37.6279,83.7202,18.8679
930,88.7159,126.38,48.189,64.8674,37.3085,79.01,19.6445
960,93.6676,128.83,69.9578,66.4046,36.6789,79.0224,19.0641
990,99.8106,125.866,89.5032,66.5009,38.1133,76.7998,18.1767
1020,93.8697,125.403,87.686,65.437,37.726,74.6465,19.0905
1050,93.1815,128.533,88.851,66.029,37.8443,70.6035,18.3342
1080,94.4403,120.594,74.3056,60.5661,36.9701,67.4363,18.912
1110,100.202,118.808,86.2376,54.1326,37.0228,65.42,21.0218
1140,97.0127,121.874,88.0979,55.3843,37.6918,57.2829,21.086
1170,98.0374,123.495,86.6777,55.5711,37.0666,58.7818,20.0764
1200,96.1935,122.015,84.3432,57.4448,37.1236,52.6639,20.5427
1230,119.527,142.603,102.114,55.9056,37.0469,51.8359,25.22
1260,104.868,116.464,98.2065,54.0864,37.3192,47.0814,25.0259
1290,101.659,114.211,97.5875,56.6034,37.1335,42.2553,24.6749
1320,105.511,111.501,97.1848,53.9884,37.8798,45.0344,24.4213
1350,88.4455,105.005,80.3575,54.007,36.7397,45.023,19.4021
1380,90.8204,108.394,79.0338,55.2771,37.0953,45.8547,19.2142
1410,112.333,139.415,99.1084,54.8574,38.0342,43.9364,23.8993
1440,123.846,153.717,108.885,54.8811,37.8011,45.0913,26.1628
1470,130.488,157.792,113.444,53.9512,37.292,46.5035,26.7563
1500,131.374,159.647,115.559,55.7615,36.7703,42.2706,27.8104
1530,107.674,124.959,93.1635,56.8813,36.97,44.2075,21.8707
1560,105.267,124.803,91.6434,57.1602,37.3933,44.4549,21.9743
1590,106.128,126.66,93.9929,55.0387,37.4245,42.0129,22.2063
1620,104.558,124.979,93.6126,54.6586,37.4459,43.4853,22.6957
1650,87.0868,108.533,81.1357,57.2291,36.8715,42.996,19.3898
1680,90.8627,108.81,80.9655,55.2298,37.3023,42.6995,18.4705
1710,87.4212,108.556,78.6536,53.7969,37.6909,42.7301,18.5304
1740,89.1168,104.957,80.045,53.8664,36.3107,43.5513,18.4242
1770,91.0589,108.201,75.7892,54.0276,36.0424,46.0685,18.0827
1800,97.6646,114.663,87.2239,55.4853,37.2478,45.5701,20.8511
1830,77.5359,97.6656,66.0906,56.9735,36.8386,45.636,20.87
1860,77.6291,97.8058,66.4663,54.2369,35.9265,42.132,19.9574
1890,76.1749,93.9042,67.6924,54.5079,37.5806,44.6105,20.1053
1920,74.6679,93.9864,66.77,55.7922,36.4668,42.488,19.7674
1950,75.1699,97.3579,70.358,55.7401,36.9896,42.4063,20.2588
1980,75.7514,97.335,66.7083,56.1147,36.9966,44.6865,20.7267
2010,79.3444,95.5552,70.6708,57.3021,37.3594,43.9613,19.9496
2040,80.1339,98.105,67.672,56.9037,36.1665,45.7158,20.2527
2070,78.6271,97.5697,67.5064,56.3459,36.8723,43.5562,20.0441
2100,76.5482,94.3102,68.8536,55.5146,36.0055,46.6253,19.8878
2130,96.9366,115.061,86.3965,55.866,35.6782,46.1106,20.7753
2160,97.2346,113.258,85.2022,56.4697,35.8469,42.7051,20.8456
2190,93.6765,118.04,86.9818,57.3873,36.9153,44.0159,20.9687
2220,93.5827,116.805,86.5739,56.1811,35.7603,44.7788,20.2715
2250,93.028,115.195,82.5066,54.2297,37.3461,42.6818,21.0002
2280,97.6914,118.58,82.4069,56.9842,35.9062,46.5699,20.8731
2310,93.1508,112.099,82.1363,56.2175,37.3158,42.8564,20.9247
2340,95.5333,115.788,82.969,53.7587,36.1003,43.2014,20.9468
2370,93.6259,117.399,85.8332,56.1212,36.1007,42.2243,21.0875
2400,92.6794,112.928,83.8947,54.4553,35.8215,45.5081,20.1838
2430,93.1426,116.176,85.0642,55.9211,36.8366,46.2382,20.4231
2460,95.2469,111.837,86.4504,54.6825,36.6695,43.1011,20.434
2490,96.934,114.959,86.6078,54.5602,36.0399,45.5551,21.2006
2520,94.6448,117.107,84.8499,56.4933,37.2892,42.5531,21.292
2550,91.4567,117.517,87.0605,54.9806,36.3829,45.2982,21.276
2580,91.8524,115.388,82.0427,56.3685,36.5667,42.3488,21.3271
2610,91.9129,113.719,82.3384,57.3388,36.9404,42.7168,20.3411
2640,97.7,117.823,81.2927,55.5512,36.7011,45.379,20.4309
2670,94.6569,117.329,81.9656,55.8213,36.6794,42.7817,21.3219
2700,91.2803,117.544,85.9444,54.1663,36.1874,46.877,21.2705
2730,90.695,104.92,80.576,57.3069,36.1868,46.9611,19.5905
2760,90.1433,114.28,89.7963,58.1364,37.4108,42.8008,19.1
2790,98.5341,127.986,93.6985,62.7578,36.7237,46.4258,19.335
2820,95.9551,122.447,92.7127,63.1808,37.1631,43.8269,18.9134
2850,95.7639,124.771,90.3798,62.4521,36.3045,46.6248,19.7387
2880,99.3557,129.111,95.046,65.2001,35.7046,42.0736,19.484
2910,94.9083,123.773,91.4155,64.7199,37.4269,42.1131,19.4222
2940,98.6751,129.252,92.1615,65.3793,37.3347,46.6762,18.5164
2970,99.9383,125.074,92.0293,65.9744,36.782,44.493,19.7469
3000,94.8036,125.968,95.7442,65.2162,36.2428,46.27,19.1179
3030,97.3764,129.116,91.5332,64.2737,35.6418,44.7501,18.5975
3060,95.7248,126.963,94.8401,64.9989,36.4583,43.0119,19.0377
3090,99.3457,123.888,92.6213,63.5319,36.4023,45.9511,18.7057
3120,98.2635,124.988,90.8214,63.2794,36.9146,42.5672,19.5688
3150,99.2982,129.834,91.9373,64.7517,37.1232,44.9926,19.6828
3180,105.721,123.968,90.0007,66.2244,36.9083,46.1056,19.1251
3210,102.325,123.059,95.5221,65.1731,35.8843,43.8486,19.5059
3240,106.245,124.051,95.7548,65.4914,36.3853,42.5759,19.4949
3270,104.48,124.462,93.7335,63.8285,35.8535,46.7796,19.396
3300,104.57,126.919,93.806,66.1867,36.7871,45.2657,19.4307
3330,107.58,126.336,91.3136,65.1982,36.3668,41.3129,18.3441
3360,109.29,126.632,95.8837,63.9027,36.6611,43.7399,18.8973
3390,107.648,124.179,95.2312,64.0485,35.3528,39.2875,17.7522
