Time,FC,PAS,PAM,PAD,temp,SpO2,FR
-1,102,188,128,99,36.6165,96,18
0,112.2,206.8,140.8,99,36.1039,96,19.8
30,113.408,209.201,141.954,99,35.5912,96,19.7481
60,113.526,202.837,139.479,99,35.0786,96,20.2317
90,110.264,209.361,137.57,99,34.566,96,20.1079
120,110.108,208.978,141.886,99,34.0533,96,19.8567
150,114.575,207.735,138.814,99,33.5407,96,19.5961
180,110.592,211.253,137.472,99,33.0281,96,19.6787
210,111.217,206.402,140.752,99,32.5154,96,19.4479
240,112.612,209.867,143.553,99,32.0028,96,19.6246
270,111.783,208.562,137.522,99,31.4902,96,19.6884
300,112.97,207.626,144.156,99,30.9776,96,19.4972
330,110.231,207.331,138.166,99,30.4649,96,20.1455
360,123.514,209.41,153.29,99,29.9523,96,20.2488
390,121.48,211.577,156.383,99,29.4397,96,19.5983
420,122.68,201.664,157.894,99,29.9122,96,19.9209
450,126.021,206.089,155.358,101.148,30.7928,94.0888,19.7616
480,114.426,204.507,139.23,99.7092,30.3718,96.8596,20.3373
510,112.343,201.94,137.4,99.4474,30.941,100.881,19.3095
540,107.653,208.544,137.817,99.8996,31.5133,95.6783,18.9855
570,111.187,158.822,117.279,80.2867,32.5335,95.3824,18.9836
600,109.362,163.425,112.622,78.9194,32.0781,90.5023,18.3445
630,106.19,166.28,117.406,77.7152,32.6787,90.5222,17.8918
660,104.764,163.158,109.873,79.0661,33.4625,88.7218,18.4165
690,108.586,161.873,115.534,80.7646,34.7776,86.6301,17.2406
720,147.738,89.5133,108.759,45.2273,34.2142,84.3797,16.3365
750,149.781,79.0835,112.57,48.1701,34.7561,95.1147,15.5211
780,147.692,81.5928,114.913,48.3172,34.7499,91.841,15.8058
810,144.293,79.2653,111.729,45.9215,35.5512,91.4174,15.807
840,143.283,91.3516,109.056,45.2835,36.2729,85.5727,15.8799
870,144.871,83.1641,115.847,47.0402,37.4574,83.6035,15.1735
900,143.396,124.581,109.351,46.1134,37.545,84.1225,15.4672
930,145.263,124.293,116.23,47.4024,37.8532,79.1691,15.104
960,142.251,121.744,138.546,67.7907,37.2624,80.2383,14.8517
990,148.388,123.392,139.788,64.718,37.0413,77.6776,14.6414
1020,144.307,127.007,139.106,68.1562,37.7707,73.777,15.216
1050,142.673,132.579,137.974,66.3002,37.7659,73.2305,15.3302
1080,149.103,129.566,141.789,66.7128,37.314,69.1786,14.7798
1110,146.38,125.272,136.555,68.112,37.2851,69.6091,15.1302
1140,142.15,120.59,137.143,66.8451,35.9891,65.9206,15.3573
1170,145.994,122.884,143.372,66.6423,36.968,62.1662,15.1183
1200,144.312,127.304,141.383,65.6757,36.8128,62.5067,14.961
1230,101.453,182.98,140.779,87.2299,37.6079,61.5933,14.3075
1260,100.08,147.727,124.547,77.7865,36.8141,59.5796,15.2232
1290,89.3304,150.064,82.9133,73.6829,37.7566,55.5123,15.0069
1320,87.8676,148.103,83.4426,73.4381,37.0027,83.1836,14.9105
1350,87.2885,146.167,83.3409,71.1349,37.9495,81.8642,14.9302
1380,86.0318,146.73,82.765,73.891,38.1791,82.1772,14.5361
1410,85.7248,150.657,87.198,71.6555,37.9661,82.072,14.8073
1440,88.212,152.594,82.9603,71.4545,38.1202,83.7055,15.5067
1470,85.6319,141.527,82.9661,71.8123,37.0736,84.0945,14.7271
1500,89.8612,146.169,82.627,72.291,38.1544,88.629,15.3813
1530,92.5111,143.873,116.631,73.7255,37.7334,85.3883,15.3507
1560,92.5459,140.655,116.49,71.8648,36.6218,86.5602,15.1798
1590,92.3918,143.086,116.857,72.9625,37.7146,88.5069,14.9914
1620,89.5229,119.313,101.776,66.8076,37.1066,88.1242,15.0422
1650,94.2496,127.398,114.899,60.4964,36.7356,88.5599,16.8434
1680,94.254,127.811,114.695,62.5268,37.0668,85.1817,16.8001
1710,96.5357,130.44,110.473,63.2957,38.6471,85.0345,16.3703
1740,93.4296,133.713,112.251,61.0897,37.0896,87.6865,17.0915
1770,113.313,161.35,134.981,63.1521,38.7294,87.1176,20.2064
1800,97.6559,134.518,110.787,62.1631,38.5648,85.8736,20.658
1830,98.6831,133.916,109.25,59.9338,37.0622,85.7788,20.5177
1860,99.0525,136.39,110.978,59.8964,37.8534,85.0354,20.2203
1890,97.3678,132.46,111.636,63.2963,36.4072,89.4558,20.2401
1920,101.033,136.92,110.555,62.6034,38.1932,86.5136,20.8265
1950,98.5172,137.564,111.495,62.4564,36.1692,89.9051,20.6813
1980,100.643,138.562,110.544,62.5863,37.3776,93.0914,20.368
2010,101.362,137.025,107.443,59.9584,35.8036,90.3617,20.885
2040,101.028,138.698,109.823,61.643,38.644,90.7334,20.1811
2070,100.6,132.877,110.544,60.1294,37.4339,92.986,20.0858
2100,100.89,135.231,110.108,60.435,36.6126,91.5837,20.1896
2130,98.1982,136.131,107.554,61.2771,37.3498,90.6616,20.5261
2160,98.8662,138.115,111.704,60.7522,37.2268,90.8926,20.5096
2190,99.409,131.734,109.757,63.076,37.6447,92.8766,20.6685
2220,101.262,134.402,111.12,60.3621,37.4399,90.5186,20.107
2250,101.592,134.515,108.645,62.7267,37.9472,90.2434,20.1904
2280,99.7456,132.369,108.526,61.2704,37.2251,93.2691,20.7934
2310,100.699,134.538,109.827,62.7246,37.3236,91.0282,20.6251
2340,100.742,132.814,110.761,62.4949,36.2299,92.3662,20.4658
2370,99.3414,131.384,107.359,60.9221,37.0445,91.1281,20.2467
2400,99.4504,136.973,109.508,63.5886,36.6449,92.6525,20.2063
2430,100.924,133.613,111.028,62.361,36.7258,90.3954,20.4181
2460,99.0812,139.059,106.779,63.7857,36.4293,91.054,20.4666
2490,100.426,135.121,110.455,61.4082,36.8425,91.9644,20.3138
2520,101.074,131.99,107.461,60.9071,37.5751,91.1998,20.2967
2550,98.0655,132.965,111.149,63.3821,36.0042,90.3543,20.7409
2580,97.6667,133.094,110.365,60.2572,36.8963,91.9366,20.5694
2610,99.8651,133.346,111.688,61.4949,36.7045,92.4288,20.2364
2640,100.066,137.569,109.001,60.1766,37.8433,90.9103,20.7692
2670,97.6111,132.66,110.049,61.8589,37.1042,90.4933,20.3456
2700,97.7654,138.636,108.89,64.1717,36.8544,92.0439,20.5847
2730,98.4405,135.352,111.692,62.4936,36.2178,93.0803,20.6754
2760,99.2201,133.104,110.6,60.1996,35.2606,93.5478,20.2791
2790,98.3923,135.437,110.128,61.9582,37.2836,93.1054,20.6078
2820,100.894,132.981,109.656,63.3132,35.4692,91.026,20.6012
2850,99.9697,133.657,107.519,62.5282,38.2314,90.5045,20.5434
2880,97.7349,138.787,109.602,60.5506,35.5725,90.6922,20.4693
2910,101.164,138.185,111.43,60.8953,37.2921,92.7069,20.702
2940,100.899,132.957,109.389,63.9978,36.6647,91.1572,20.9735
2970,119.765,160.15,136.637,63.7821,36.7528,90.4293,22.1274
3000,118.48,161.962,137.029,62.8265,38.1975,93.7258,22.501
3030,118.787,162.202,134.489,61.7611,36.6765,93.909,22.6231
3060,121.037,159.347,139.03,60.8388,37.1991,89.7706,22.6127
3090,121.062,161.439,138.703,59.9426,35.4488,91.335,22.5767
3120,122.11,164.712,137.314,62.8537,37.1348,91.9029,22.1943
3150,120.672,161.978,138.921,61.4403,36.922,91.0987,22.06
3180,121.224,159.444,136.786,60.104,36.8095,89.6658,21.9989
3210,120.925,164.393,135.369,61.1642,37.7277,88.8445,21.8689
3240,122.882,163.867,135.615,61.0924,36.9285,91.6412,21.243
3270,121.853,162.534,138.079,62.7718,36.0071,88.3209,20.8776
3300,121.601,161.369,137.046,63.6544,36.2485,89.3513,20.055
3330,122.112,160.699,136.083,61.8446,36.4042,89.525,20.0101
3360,121.978,161.061,133.3,63.6164,36.9677,90.8259,20.0228
3390,121.322,158.757,135.661,64.0145,36.5294,92.0831,20.0006
3420,118.488,159.035,136.911,60.5719,36.5357,91.3535,19.7361
3450,119.012,163.932,133.369,62.175,36.6257,90.9943,19.4555
3480,126.976,171.47,143.682,60.7021,36.2479,89.9152,19.0814
3510,126.373,173.035,145.933,61.3652,35.452,90.9515,18.6168
3540,124.017,176.229,144.444,62.6966,37.8951,91.3701,18.6952
3570,124.732,171.295,147.198,62.2192,36.2115,94.436,19.1435
3600,123.724,169.263,145.693,63.1292,37.2033,92.4991,19.6958
3630,122.087,169.055,147.438,61.2077,35.5847,93.0259,20.3516
3660,121.68,175.255,145.355,64.3489,37.3298,92.6446,20.283
3690,121.752,170.556,147.129,63.0652,36.8407,91.7847,21.1531
3720,124.807,174.417,145.966,62.1325,35.4787,91.8797,20.7835
3750,121.669,169.019,146.61,61.7804,35.4893,93.1746,20.5476
3780,121.607,175.623,143.677,63.0431,36.9866,92.2537,20.976
3810,124.864,176.328,144.783,60.96,37.0169,92.9086,20.7298
3840,122.526,175.316,147.401,62.7321,36.4243,93.0094,21.154
3870,121.569,176.054,144.328,60.9935,36.312,94.7469,20.5391
3900,123.809,174.228,147.322,60.9393,35.238,97.2867,20.3838
3930,125.653,171.892,143.815,62.8508,37.2922,93.5296,20.5263
3960,122.503,169.11,146.863,60.6683,36.6734,93.7467,20.4481
3990,126.787,174.442,149.655,60.3727,36.4928,96.7842,21.3291
4020,124.971,172.665,152.607,63.3573,36.7587,99.1503,20.9089
4050,123.859,171.423,152.315,60.9298,37.4297,97.3154,21.3906
4080,127.182,172.872,152.66,60.3252,35.2216,96.2296,20.8617
4110,124.841,175.033,149.002,62.7157,36.3584,96.7983,21.4557
4140,126.137,172.521,151.053,64.3758,35.6625,96.268,21.0166
4170,124.941,171.204,150.646,60.0478,38.3475,98.9462,21.5821
4200,123.67,176.187,148.146,62.0041,36.502,98.1354,20.8842
4230,126.237,177.249,151.997,60.5988,35.5816,99.9016,20.833
4260,124.12,175.403,148.41,61.7212,35.3298,98.6864,21.164
4290,124.303,172.772,150.491,61.5801,35.6266,96.9702,21.0904
4320,126.999,174.037,152.415,62.878,36.8206,99.204,21.115
4350,123.975,175.636,150.856,62.7805,37.0689,98.8155,20.7603
4380,123.284,177.51,150.013,60.6213,35.2836,98.3128,21.175
4410,124.387,171.917,152.426,62.5391,35.9114,99.9778,21.0483
4440,125.518,177.548,147.928,61.2768,36.8905,98.7501,21.2488
4470,124.755,173.189,149.06,60.7706,38.1005,96.2421,21.564
4500,126.417,175.585,148.394,64.3228,37.4658,97.6824,20.8283
4530,126.656,173.731,151.433,61.2992,37.0668,98.4057,20.918
4560,125.076,176.111,150.454,63.7219,36.1192,97.4413,21.5625
4590,125.062,176.176,148.567,61.6477,36.5749,96.9432,21.1464
4620,126.923,174.359,150.3,62.9565,36.8786,98.98,20.7972
4650,124.219,174.427,149.728,64.0499,35.0182,95.9665,21.2947
4680,125.791,175.779,150.493,60.9228,38.0768,96.1518,21.0592
4710,125.554,173.293,151.787,61.2982,36.1142,98.9469,21.2335
4740,125.134,172.694,149.179,63.2157,35.191,99.0876,21.1965
4770,124.909,172.081,150.28,62.7299,36.1673,96.6232,21.4661
4800,123.733,176.932,148.151,60.4025,36.5334,97.4971,21.0465
4830,125.169,172.474,151.282,60.8839,36.0821,98.9811,21.4503
4860,125.669,171.09,150.846,63.7906,35.5514,97.2263,21.208
4890,125.083,177.625,148.744,63.0845,36.4308,97.9541,21.3251
4920,123.719,175.687,151.927,64.1894,36.7626,96.8278,21.0785
4950,124.703,178.443,150.977,63.2717,36.1624,98.0688,20.7823
4980,125.403,175.769,154.316,62.0755,36.3037,95.4367,20.9154
5010,99.3362,140.939,122.589,62.8577,36.5074,96.9295,21.6066
5040,102.679,140.314,122.956,63.4396,35.6566,96.1948,21.5453
5070,99.0013,145.513,121.455,62.2262,35.2526,97.9364,21.3418
5100,99.7335,143.097,118.729,63.4976,36.2902,99.3066,21.6965
5130,99.5754,144.105,121.894,63.8594,38.1905,94.6244,21.5819
5160,98.8426,143.851,121.888,61.8853,37.5267,92.1521,21.5631
5190,101.114,145.334,120.293,63.2137,37.9683,92.4623,20.9974
5220,100.043,141.814,123.604,60.6057,36.8474,91.6061,21.3698
5250,100.252,145.071,121.077,61.3315,36.4004,91.7563,21.5134
5280,101.996,145.314,119.567,62.1347,36.5093,92.5206,21.0233
5310,94.7945,137.067,117.576,60.1668,35.9265,91.9566,17.5393
5340,96.15,133.194,118.235,63.5355,36.5427,92.9647,17.1268
5370,97.6098,138.97,116.492,62.0486,36.2135,92.1522,17.6266
5400,96.2651,135.377,115.242,60.198,37.3646,91.9302,17.7528
5430,95.1656,132.538,118.865,63.1774,35.3791,93.7071,17.5271
5460,95.3342,136.224,116.217,60.8386,37.3278,93.3867,17.2767
5490,97.2146,132.85,118.307,63.3411,36.2847,93.9603,17.2255
5520,96.155,139.696,115.907,60.9935,36.6705,91.9184,17.6514
5550,96.771,133.722,117.077,63.1308,35.4142,92.7763,17.4701
5580,97.0917,138.972,118.386,60.6025,36.3532,89.0706,17.2577
5610,96.113,135.098,114.821,60.5482,36.572,88.774,17.6008
5640,97.618,138.71,119.39,60.7587,35.3525,91.4022,17.6091
5670,95.3617,136.827,116.756,62.4682,37.1721,85.7294,16.7005
5700,96.2013,140.338,115.496,61.0158,36.1969,85.8497,16.6496
5730,98.2062,138.472,117.308,61.2025,37.0035,86.122,16.7139
5760,97.1005,141.072,114.872,63.8779,34.8199,82.5417,15.8397
5790,96.5298,134.404,118.99,60.1244,36.2086,78.2736,15.613
5820,98.4596,136.294,118.002,60.092,36.8212,78.0779,15.6802
5850,98.5193,141.702,115.555,60.7821,36.6827,74.6094,15.0481
5880,95.5543,135.352,117.07,60.9977,35.1552,74.7535,14.7881
5910,85.0902,121.38,106.154,60.4256,36.7325,74.7728,11.3223
5940,88.9142,171.411,124.814,78.9532,36.5623,72.8333,10.9812
5970,95.613,172.365,125.724,86.8029,36.3965,73.798,10.9706
6000,95.8613,176.202,128.041,88.1276,36.8797,75.6824,10.1459
6030,97.1266,173.41,124.323,84.7759,36.2586,74.551,10.8673
6060,98.6501,175.699,126.554,85.5231,36.5935,75.3637,11.0941
6090,94.734,170.553,128.047,86.6032,35.9573,73.6722,11.6841
6120,94.6241,171.144,125.232,88.3046,35.592,72.8413,12.116
6150,96.9192,172.066,126.312,87.8372,36.2899,73.8361,13.0064
6180,98.0554,177.016,124.667,85.3549,37.1962,74.6304,13.2479
6210,98.969,172.778,124.671,86.9558,36.4314,72.4633,13.6203
6240,97.6812,172.883,126.247,85.4228,36.4288,75.4172,14.3927
6270,98.7438,171.642,127.676,88.2592,35.1122,76.2466,14.0314
6300,94.7548,170.65,124.945,87.1729,37.6759,73.9396,15.2663
6330,95.2923,174.696,126.562,87.4529,35.8422,73.833,15.5938
6360,94.6847,176.913,123.993,86.3481,36.8619,74.4418,15.7271
6390,94.6545,172.27,125.537,85.4613,35.695,73.7082,15.7264
6420,96.2244,174.893,124.209,85.8224,36.1712,73.7673,15.824
6450,95.2413,177.447,125.159,85.5417,36.7996,74.679,15.8597
6480,97.2509,172.098,124.035,84.8873,35.6816,78.8031,15.4035
6510,98.7433,170.37,125.399,85.8412,36.3533,81.6664,15.9168
6540,96.5651,173.62,124.584,87.7488,35.7401,81.4135,16.0413
