Time,FC,PAS,PAM,PAD,temp,SpO2,FR
-1,72,138,104,83,37.1718,100,12
0,79.2,151.8,114.4,83,36.6513,100,13.2
30,77.7016,149.247,112.768,83,36.1309,100,13.356
60,80.4345,154.187,113.156,83,35.6105,100,13.1153
90,79.9069,154.959,114.177,83,35.0901,100,13.2954
120,77.3232,154.486,112.151,83,34.5697,100,13.4942
150,77.5355,153.059,111.861,83,34.0493,100,13.4299
180,79.7508,153.654,111.614,83,33.5289,100,13.4981
210,79.5568,150.881,115.928,83,33.0085,100,13.5264
240,78.1871,151.15,116.756,83,32.4881,100,13.4061
270,78.6049,149.618,115.356,83,31.9677,100,13.4964
300,78.8129,153.671,115.063,83,31.4473,100,13.0287
330,78.4346,150.77,117.167,83,30.9269,100,13.2336
360,86.1383,154.131,128.57,83,30.4065,100,13.3087
390,85.203,155.01,123.715,83,29.8861,100,13.046
420,80.2269,155.42,125.992,83,30.2813,100,12.967
450,79.9364,158.052,125.462,82.0286,30.8612,102.357,13.2433
480,78.9921,146.168,114.309,83.6822,30.8176,98.8326,13.242
510,77.0981,156.492,111.383,82.6188,31.7483,100.354,13.3719
540,78.4464,156.198,116.7,84.1896,31.3343,96.315,12.8873
570,76.1475,123.614,90.6019,65.5483,31.9294,91.8379,12.4192
600,76.8035,120.275,91.3886,67.6289,33.2101,87.403,12.5489
630,73.1938,117.795,90.7009,67.3068,33.1339,87.7898,11.9611
660,73.8504,121.481,90.5457,67.2553,32.4622,79.5881,11.645
690,76.9387,123.842,88.9615,67.2477,33.1684,76.0562,11.2616
720,73.0985,100.654,83.0841,60.5538,34.2399,74.3417,11.323
750,66.8842,95.2169,48.6833,55.889,34.6369,70.1833,10.4526
780,61.9796,101.299,45.0885,55.2278,34.2447,91.5053,10.5087
810,62.3736,97.9315,47.4793,55.0265,35.4692,87.3424,9.98209
840,60.9781,99.3644,45.0648,57.1894,35.2502,85.5696,10.205
870,60.9386,103.82,49.0373,55.9451,35.71,78.9037,9.96176
900,58.6991,102.637,47.1227,72.6108,36.6467,79.0324,9.63925
930,62.007,105.131,48.9894,73.6629,37.473,75.316,10.2728
960,60.5719,130.473,68.9169,71.9949,38.1682,75.2206,9.81405
990,63.1738,130.136,93.7512,72.0521,37.909,67.7867,9.74253
1020,64.4684,131.498,95.1348,72.9241,36.8415,64.5382,9.28759
1050,64.5661,129.28,94.5864,72.1823,36.4602,63.7534,9.58648
1080,63.3752,109.149,84.7536,67.5175,36.2637,56.3677,9.40626
1110,68.1507,121.784,90.8056,60.01,38.3986,55.8664,10.2641
1140,65.5457,121.792,91.5371,61.7849,36.575,50.3053,10.6773
1170,65.4,118.715,89.5118,61.7758,37.4635,44.1749,10.3865
1200,65.6651,118.264,88.0562,61.8967,37.1437,43.731,10.311
1230,77.5868,146.344,107.62,62.2967,37.0599,40.0031,12.423
1260,66.7725,125.947,96.1226,61.2326,35.9232,33.5804,12.6703
1290,68.3865,126.011,93.6432,60.2785,36.2404,30.8145,12.8166
1320,68.1028,125.243,94.9894,63.1496,35.9419,29.1703,12.4802
1350,69.5483,124.833,97.2214,60.8577,38.607,29.8796,12.4259
1380,68.5521,127.357,95.4652,61.6479,37.3986,28.3172,12.8267
1410,68.8403,121.486,97.5678,62.6421,36.9673,32.4353,12.8417
1440,67.2405,127.055,96.7394,60.4793,37.5274,31.4894,12.4249
1470,68.7139,122.346,94.9946,61.6579,36.6957,32.6522,12.7253
1500,69.1643,121.242,93.9357,63.1539,37.2801,33.4047,12.7155
1530,79.6621,148.172,110.046,61.8867,37.4225,31.9017,13.593
1560,81.9708,144.821,111.18,59.9838,35.5482,30.5881,13.7937
1590,79.5538,147.009,109.785,60.5566,37.3676,34.0976,13.9017
1620,82.2767,150.12,112.513,62.9266,36.6918,32.3663,13.5983
1650,79.9351,149.377,108.468,61.6249,37.5174,34.8217,13.7719
1680,80.933,147.661,112.034,62.4816,38.0596,32.9342,13.84
1710,80.3572,149.587,108.806,62.1722,38.3881,33.4812,13.8135
1740,82.013,147.724,111.511,59.8223,35.9552,32.5136,13.7172
1770,78.8185,147.071,109.118,62.7568,37.108,33.1099,13.6922
1800,81.3605,146.513,109.97,60.8823,37.506,31.1999,13.8404
1830,81.6543,145.787,110.801,61.9195,35.9436,32.3558,13.4732
1860,81.7133,144.716,109.39,60.0389,36.969,33.8639,13.5812
1890,79.49,149.864,109.401,60.2941,36.6843,33.9833,13.8171
1920,79.6359,144.648,109.02,61.9994,35.7834,32.7029,13.8638
1950,81.1491,144.138,110.681,63.0627,37.2997,30.8591,13.4446
1980,79.1268,146.189,109.424,61.3087,36.9564,34.3564,13.5471
2010,86.041,154.292,116.772,59.6191,37.1466,34.1904,13.8148
2040,84.2021,160.141,118.343,61.4391,36.1924,32.1596,13.7168
2070,84.243,159.839,118.852,62.2818,36.7136,34.4465,13.7199
2100,84.4078,154.448,116.715,61.7074,35.6912,34.5886,13.731
2130,84.25,156.345,114.723,60.9727,37.6918,33.0237,13.7652
2160,85.7211,156.543,117.246,60.2801,36.2943,31.2205,13.836
2190,86.0894,154.848,118.865,62.6911,36.8598,34.4847,14.1248
2220,86.1466,156.12,116.028,59.893,36.5087,30.8275,13.7886
2250,84.9931,154.849,116.863,60.805,35.0015,32.3562,14.192
2280,84.613,154.016,114.819,60.8541,35.369,33.0528,13.7102
2310,84.3241,157.353,118.34,62.3168,36.8226,32.6993,13.9004
2340,83.0239,159.319,116.446,62.5861,35.9406,34.956,14.1073
2370,85.352,156.978,114.773,62.4776,36.776,33.5142,13.7828
2400,84.676,158.637,116.669,61.8782,34.9038,33.3066,13.9731
2430,84.922,156.922,115.539,59.6866,36.5221,32.0589,13.8832
2460,84.8205,159.067,115.135,62.1118,35.6327,32.2681,13.7695
2490,84.8892,156.878,118.562,60.4072,37.6333,31.979,14.0025
2520,86.1676,163.564,118.893,60.9325,37.9063,34.3797,14.1821
2550,86.0187,158.515,120.662,61.4868,38.0085,34.3225,14.1203
2580,87.7012,164.477,118.655,60.0866,35.9061,31.4298,14.2788
2610,85.0274,158.978,122.341,59.6354,36.6423,32.9002,13.9263
2640,85.4822,162.7,120.105,59.8276,36.2199,33.1359,14.3311
2670,86.3283,158.996,119.609,60.3646,35.2177,33.3056,14.3544
2700,85.5131,162.897,122.565,60.5326,35.6811,34.9433,14.0523
2730,86.3806,163.93,119.537,60.0878,36.6979,31.2063,14.0755
2760,87.0621,162.191,119.963,59.9615,36.4481,34.6426,14.0553
2790,85.5511,159.485,120.46,60.5657,35.7411,30.7716,14.1905
2820,88.2217,158.6,121.774,60.2624,36.757,32.563,14.2846
2850,87.4313,163.193,121.995,62.8138,35.9784,31.3046,14.0132
2880,88.1578,162.321,119.619,61.9179,36.2351,34.8124,14.3239
2910,87.9471,161.386,118.415,62.7771,36.0426,32.2801,14.1628
2940,87.8864,160.096,121.214,61.9126,34.8869,31.8478,14.2798
2970,91.0116,160.042,120.699,61.9946,36.4815,34.3198,14.443
3000,89.7076,160.091,120.916,60.0603,36.2418,34.3813,14.4123
3030,92.4206,165.238,121.71,62.1157,34.9443,30.7051,14.1488
3060,90.9081,164.385,122.865,61.5067,36.7701,30.6819,14.4622
3090,91.9309,163.593,120.924,62.8649,35.9207,33.7109,14.4636
3120,92.7896,161.22,122.927,63.5824,37.4365,34.152,14.4524
3150,94.2066,162.825,120.763,63.1638,36.724,30.9946,14.0749
3180,93.5655,160.079,121.3,61.2471,36.3925,31.0751,14.5328
3210,94.2264,163.79,122.242,62.9913,35.3013,33.2906,14.3307
3240,95.9797,162.952,121.372,62.3697,35.6749,32.2178,14.0479
3270,96.6102,164.769,122.933,62.4203,35.1459,33.675,14.3925
3300,94.0169,160.736,123.389,62.4854,36.2563,32.9516,14.0918
3330,96.4836,160.979,123.079,63.5213,36.679,32.5414,14.2494
3360,92.9762,165.773,119.111,61.9367,35.7828,31.5371,13.831
3390,92.7939,161.773,122.573,62.613,36.0943,29.3765,13.7586
3420,93.67,161.209,119.901,62.4062,36.6355,30.0624,13.3145
3450,90.2934,163.376,119.877,62.8956,35.9347,25.9848,13.0123
3480,91.7955,160.309,122.273,63.8129,35.9596,24.7796,13.3271
3510,93.6836,166.855,122.82,60.4609,36.8085,25.8152,12.6604
3540,72.3929,132.635,99.3917,62.4743,36.3908,25.8532,12.8751
3570,71.4976,127.709,97.4038,61.3288,36.6622,22.9133,12.7486
3600,72.5753,128.953,97.6433,61.1518,36.355,19.4984,12.5947
3630,71.1947,131.263,96.8859,63.666,36.8245,18.2498,12.8363
3660,71.0116,132.941,96.9979,61.115,35.3129,20.5777,12.7508
3690,68.5523,128.163,99.5207,63.716,36.1937,17.0023,12.61
3720,70.0214,131.939,98.294,60.7078,36.0422,15.4326,13.1369
3750,68.6803,130.326,99.0258,62.8367,36.4484,14.5033,13.5283
3780,70.1945,130.868,96.8949,60.3486,35.7273,14.2415,13.7492
3810,68.4764,129.241,99.7205,63.2162,35.9434,10.8966,13.673
3840,66.7897,126.259,93.2901,60.8289,36.0402,13.6872,11.1894
3870,63.9881,126.128,92.3451,61.8717,36.0174,10.0949,10.9472
3900,63.7252,126.378,91.7873,62.9549,36.674,9.92783,11.3941
3930,66.7263,125.327,94.4883,62.2065,36.9553,9.54563,11.2295
3960,64.7361,123.447,94.6891,62.3047,37.0496,4.58394,11.4608
3990,64.1618,123.59,93.3763,62.2518,37.216,6.03946,11.3487
4020,65.0996,126.379,93.7944,60.5883,34.9764,10.4305,10.9716
4050,65.6362,126.106,94.2772,61.0754,35.7189,12.2604,11.2881
4080,65.6097,125.3,92.4971,61.743,34.9331,12.9701,11.0592
4110,65.09,127.373,95.0498,60.7421,36.1262,18.1602,10.9437
4140,67.0311,124.812,92.0542,60.8221,35.4,18.7986,10.9804
4170,65.7542,127.748,92.9553,63.6361,34.9446,24.397,11.3708
4200,65.437,127.435,92.4815,62.3739,35.486,29.4439,11.1764
4230,64.7509,126.139,94.1479,63.6264,36.9785,33.9875,11.4237
4260,66.594,122.599,91.7785,61.534,35.0623,35.3965,11.3174
4290,63.8612,127.199,94.3784,61.4185,36.2714,37.7201,11.1201
4320,67.07,124.372,95.6988,63.8568,37.3969,43.1106,11.0569
4350,64.6486,122.289,92.235,61.1351,35.4275,45.5085,11.1031
4380,64.0245,123.455,94.5245,61.0829,35.4004,53.2311,11.2309
4410,66.5578,125.918,95.4276,62.6238,37.5966,57.3908,11.3297
4440,57.5317,115.034,84.3496,60.904,35.8301,58.3681,9.85062
4470,59.1681,131.231,88.6688,67.5103,36.1718,64.7268,9.75862
4500,62.6413,131.384,94.5239,73.7854,37.3575,66.4774,9.60532
4530,64.7526,129.87,95.1694,71.1635,35.2362,72.5769,9.6642
4560,63.1673,131.925,98.0218,72.8128,36.2009,74.8416,9.84251
4590,65.6786,132.934,96.9164,71.6949,35.4651,72.6045,9.67041
4620,63.0924,128.578,97.0265,72.8436,34.6244,76.6299,9.63467
4650,64.4307,129.771,97.9927,72.9164,36.5997,81.1012,9.60824
4680,64.3756,128.194,95.3188,70.9454,36.4001,83.8929,9.33364
4710,65.2234,131.762,96.1848,73.0006,35.5136,88.9678,9.38563
4740,65.449,133.588,98.0264,73.0577,37.9538,92.575,9.51627
4770,64.0862,128.051,94.6941,73.1047,36.5127,96.2516,9.42068
4800,64.6241,130.503,95.9729,72.9517,35.6252,98.4901,9.79545
4830,63.1894,128.183,97.0821,70.8055,37.2353,96.072,9.48304
4860,66.0047,127.623,94.5963,73.1495,36.7775,95.4925,9.4762
4890,64.4118,128.549,94.5984,70.9774,35.8351,96.6149,9.84532
4920,65.6305,131.962,97.4298,73.8354,35.2295,98.9005,9.40013
4950,64.679,130.066,95.6323,70.585,35.8175,96.6438,9.39183
4980,64.755,129.967,98.4543,71.9785,37.4747,98.4537,9.36151
5010,63.4777,132.426,95.5282,72.6128,35.4605,97.7035,9.72945
5040,63.8138,128.956,97.5713,71.4292,36.3591,95.6226,9.34744
5070,66.133,132.034,94.9293,70.878,35.4706,94.8087,9.67127
5100,65.8547,129.074,94.756,72.0338,35.5615,96.0902,9.29747
