Time,FC,PAS,PAM,PAD,temp,SpO2,FR
-1,92,169,124,96,37.233,96,20
0,101.2,185.9,136.4,96,36.7118,96,22
30,98.7698,184.276,135.341,96,36.1905,96,22.4049
60,101.534,185.284,138.095,96,35.6693,96,21.8447
90,101.657,186.315,136.322,96,35.148,96,21.9384
120,102.319,187.591,135.647,96,34.6267,96,22.0249
150,102.777,189.207,139.312,96,34.1055,96,22.2907
180,102.301,182.734,133.607,96,33.5842,96,22.0288
210,103.378,186.33,139.53,96,33.0629,96,22.3428
240,98.872,187.528,135.427,96,32.5417,96,21.814
270,103.581,187.953,133.084,96,32.0204,96,22.506
300,103.137,186.614,138.561,96,31.4992,96,22.5021
330,101.585,188.161,133.787,96,30.9779,96,21.5569
360,109.804,188.103,150.75,96,30.4566,96,22.2501
390,113.703,185.5,149.121,96,29.9354,96,21.8935
420,112.125,190.129,133.843,96,30.2071,96,22.4271
450,111.992,183.121,136.168,96,30.4788,96,21.9908
480,100.697,186.717,134.598,96,30.7505,100,21.73
510,98.0454,186.946,136.034,96,31.0222,96.637,21.6732
540,97.9912,149.09,110.24,76.8,30.9837,95.0837,21.3354
570,99.3811,148.841,109.835,76.8,31.2554,95.5078,20.1503
600,99.9193,151.532,106.549,75.915,31.1727,89.3541,20.3311
630,97.8579,153.112,107.052,78.5834,31.09,90.5146,19.5132
660,89.4454,132.48,89.8234,63.2387,32.1814,87.6532,19.0921
690,82.0896,123.74,57.903,66.8965,32.955,82.7528,18.4027
720,81.2505,129.539,56.8384,66.6311,32.154,92.179,18.0717
750,80.4113,129.816,61.9306,65.9973,33.5853,88.2072,18.116
780,79.5722,129.616,57.4708,66.2021,33.9126,86.0146,17.7928
810,78.7331,164.937,59.4102,64.8351,32.9266,87.0125,17.1863
840,77.8939,164.756,61.0599,64.4584,33.7122,84.4559,16.4286
870,77.8939,166.879,86.6655,84.2125,34.2164,81.0199,17.2084
900,78.4106,166.109,87.823,85.7281,34.7597,83.936,16.3332
930,83.715,164.081,113.279,84.9341,34.8263,82.9777,16.3469
960,81.5603,167.496,114.945,83.4927,35.098,78.3465,16.0756
990,83.6823,168.82,112.767,82.5872,35.3697,75.8944,15.7879
1020,76.7139,155.542,94.9949,71.1101,35.6414,71.8391,15.5639
1050,81.3629,152.099,108.293,72.6059,35.9131,69.9028,17.4414
1080,83.0834,154.183,108.825,70.6164,36.1849,68.6222,17.7974
1110,82.5711,154.63,107.553,70.642,36.4566,68.4097,17.1488
1140,84.6957,154.133,104.904,70.6094,36.7283,64.6044,17.4404
1170,84.6692,151.798,108.062,72.1172,37,62.2565,17.7881
1200,85.4804,153.45,109.391,71.6477,37,59.0396,18.02
1230,78.6415,139.445,96.5287,73.1784,37.3151,58.8132,16.016
1260,78.1501,142.338,100.013,71.8823,36.3052,57.3994,16.2644
1290,78.4603,141.793,99.8261,70.2804,36.5834,56.1091,16.0986
1320,75.8568,139.955,96.5808,72.366,36.2085,56.4887,15.7561
1350,98.8258,177.203,124.767,70.9644,36.134,56.6468,20.4493
1380,100.417,178.93,126.934,72.7239,36.6937,56.1446,20.4603
1410,98.2495,182.828,128.363,71.3548,37.6469,56.8132,20.5498
1440,96.7434,182.812,127.943,71.6589,37.1198,57.3034,20.3166
1470,99.0561,180.111,124.771,70.8959,37.2346,56.0644,20.6055
1500,99.1549,183.049,127.425,72.1418,36.7148,56.2653,20.5245
1530,99.2527,181.785,127.039,70.616,37.4634,56.8371,20.6328
1560,98.8987,178.558,128.129,72.5782,36.5414,57.2276,20.3691
1590,99.8713,180.768,125.391,71.6665,36.4018,56.6254,20.7791
1620,99.8108,181.471,124.701,71.6947,37.4371,57.6457,20.27
1650,96.5513,178.188,125.99,72.6975,36.1443,55.9403,20.9648
1680,99.7404,180.971,125.875,71.454,37.8644,56.4146,20.3184
1710,97.1729,176.83,125.401,70.2785,37.3153,57.0607,20.6264
1740,100.009,176.769,124.816,72.3239,37.4981,56.4409,20.315
1770,98.4699,177.757,124.836,72.1206,36.8456,57.078,20.5127
1800,98.2271,180.922,125.213,70.959,36.6902,57.2051,20.7422
1830,97.5375,182.69,127.456,71.8915,37.8617,55.8564,20.6821
1860,99.0621,180.624,124.282,71.772,37.2574,56.237,20.3342
1890,98.0297,179.921,125.19,73.2102,37.3383,56.6885,20.6395
1920,96.6296,176.627,127.961,71.9993,37.3015,56.0107,20.877
1950,108.99,196.171,138.546,71.144,37.3438,56.1449,22.9444
1980,107.441,192.601,138.32,71.1259,37.588,56.6997,22.9104
2010,106.559,195.35,140.756,73.048,36.3235,56.1177,22.9171
2040,108.182,194.967,137.934,73.2125,37.1242,56.0931,22.6584
2070,105.531,192.903,137.818,70.9113,36.0771,57.2883,22.702
2100,107.592,196.81,138.163,71.2888,36.173,57.3465,22.7909
2130,108.425,192.117,138.466,71.2527,37.4669,56.4698,22.4331
2160,108.497,194.324,141.072,72.502,36.1389,56.365,22.7827
2190,107.206,193.944,137.032,72.9292,37.2903,56.5517,22.3193
2220,107.461,191.511,139.26,71.3036,37.7095,57.8041,22.8349
2250,108.723,195.364,138.05,72.8476,37.4706,57.3623,22.3836
2280,106.784,191.488,138.132,71.4718,36.9961,56.4613,22.3523
2310,106.892,195.026,139.886,70.5992,37.8939,57.558,23.0663
2340,107.389,192.304,136.726,71.1537,36.4286,57.1048,22.8014
2370,104.826,194.653,138.107,70.1951,36.3452,57.1879,22.9462
2400,108.559,193.599,140.959,71.5178,36.79,56.4064,22.9331
2430,108.487,195.148,140.715,71.5434,36.3899,57.1407,22.7236
2460,77.3802,142.9,101.841,72.808,37.1462,56.9558,16.2709
2490,80.1658,141.024,102.86,72.9726,37.2807,55.9143,16.8987
2520,80.2912,144.701,102.576,72.4832,36.1802,57.1637,16.2806
2550,78.6851,146.077,103.639,71.2459,37.0115,57.5619,16.8051
2580,79.7412,142.911,100.834,72.9227,37.6417,57.5498,16.7083
2610,78.6149,142.332,102.778,70.8125,36.9438,56.7824,16.2272
2640,77.235,143.509,103.587,73.221,36.4777,57.0377,16.7017
2670,77.92,141.438,102.796,72.5421,36.2797,57.1699,16.228
2700,79.4714,142.997,103.076,71.1308,37.6693,55.9413,16.2936
2730,79.7854,144.765,103.495,72.6444,36.3294,56.2455,16.5763
2760,79.8793,144.578,103.69,71.4048,37.5593,56.741,16.4166
2790,87.5826,153.796,110.002,71.2865,37.7869,55.8632,18.0511
2820,85.4682,153.721,106.858,72.4615,37.3385,57.4673,18.121
2850,88.1228,149.923,110.685,71.9624,36.4058,57.3276,18.8394
2880,91.0036,154.999,109.041,71.4533,36.3937,56.4644,19.1662
2910,90.1517,150.294,109.561,72.879,37.62,56.6551,19.9443
2940,89.3318,151.655,109.344,70.9422,37.8585,57.6443,20.6434
2970,92.2885,153.514,106.435,70.5432,37.3074,55.8813,20.8131
3000,94.0049,154.416,106.522,72.7206,37.1605,57.3335,20.7567
3030,94.4593,149.653,108.297,71.1721,36.315,56.2405,21.155
3060,96.2198,153.495,109.716,70.6219,37.7943,56.8254,21.8392
3090,95.909,151.627,107.55,71.9697,37.792,56.5651,22.5536
3120,94.5698,152.174,107.618,71.625,36.3576,56.6411,22.5457
3150,95.211,150.172,107.847,71.8163,36.2805,57.616,23.1285
3180,92.9782,149.825,110.372,70.8381,37.2741,57.3254,22.6777
3210,94.4947,150.69,109.442,71.7374,36.9892,55.8191,22.3574
3240,93.7996,151.992,109.255,70.2199,37.5147,57.9711,22.7912
3270,96.068,152.046,109.215,72.3905,36.961,55.8536,22.5048
3300,94.5415,155.182,110.584,72.9192,37.7538,57.7478,22.3722
3330,93.6087,153.401,107.889,70.6092,37.4935,54.7468,22.4917
3360,91.5015,150.285,109.029,72.4396,36.9775,53.9727,22.1366
3390,83.9111,137.591,97.083,70.816,37.3324,53.8979,20.6194
3420,92.8445,146.633,114.883,80.9735,37.4581,52.4416,19.5692
3450,90.9459,161.554,115.034,82.9857,36.4384,50.6677,20.3138
3480,89.2206,158.807,111.126,84.1467,37.0312,48.7739,19.3589
3510,87.9369,161.84,114.914,84.0208,37.8228,47.4831,18.303
3540,86.9261,163.044,115.037,80.8883,36.0881,47.5568,17.8294
3570,88.4732,160.497,110.984,82.0107,36.3179,46.7258,18.4693
3600,86.0508,160.077,115.173,83.1556,37.3475,43.4087,17.6066
3630,84.7996,158.372,111.541,82.2762,37.6899,42.2435,16.8104
3660,86.3584,158.434,112.556,84.2232,36.1702,41.5313,17.1669
3690,83.4444,157.227,110.834,83.6923,37.0484,39.8354,16.157
3720,85.7375,157.06,111.139,84.296,36.897,38.4643,16.2764
3750,83.7341,157.048,111.892,82.0345,36.4543,38.1062,16.3641
3780,83.5264,160.134,111.014,83.9955,37.266,36.9318,16.4622
3810,85.8821,162.041,114.731,83.4837,37.4466,36.616,16.2096
3840,84.2524,163.544,114.115,84.0919,37.791,35.2345,16.5032
3870,84.6517,162.645,113.375,82.6212,37.5562,34.0026,16.4477
