Time,FC,PAS,PAM,PAD,temp,SpO2,FR
-1,64,113,77,56,36.8665,99,12
0,70.4,124.3,84.7,56,36.3504,99,13.2
30,71.3071,126.393,83.7872,56,35.8343,99,13.2919
60,72.0231,123.419,82.639,56,35.3181,99,13.3129
90,71.6897,122.248,83.7942,56,34.802,99,12.8974
120,68.8339,126.457,85.691,56,34.2859,99,13.148
150,69.9614,127.183,83.1682,56,33.7697,99,13.0734
180,70.2029,125.445,83.2007,56,33.2536,99,13.3828
210,69.9342,121.828,83.1594,56,32.7375,99,13.1465
240,68.8234,123.433,85.0713,56,32.2213,99,13.2654
270,69.9697,124.386,84.4759,56,31.7052,99,13.4907
300,70.5162,121.397,86.4169,56,31.1891,99,13.4191
330,72.0807,126.156,84.7733,56,30.6729,99,13.3032
360,79.0178,126.748,94.2682,56,30.1568,99,13.0362
390,77.4518,123.218,93.6488,56,29.6407,99,12.9176
420,78.1092,121.447,85.0603,56,29.9237,99,13.0301
450,76.7415,126.662,84.595,56.56,30.506,99.99,13.6183
480,70.6741,126.316,86.6912,56.0918,30.6814,98.9283,13.3025
510,72.7823,128.268,84.9551,57.5489,31.3768,100.542,13.0831
540,72.167,127.694,85.3407,56.7431,31.9505,95.2635,13.1583
570,70.0995,98.2477,69.0195,44.6605,31.2635,94.054,12.998
600,70.1076,98.9193,67.8036,44.7859,31.9118,90.7658,12.4924
630,67.3062,100.376,68.2378,45.4082,31.6587,87.2785,12.2577
660,67.0129,97.6743,69.4748,45.4685,31.9673,81.1115,11.612
690,66.9881,101.462,69.0659,44.0095,32.5486,78.5566,11.7889
720,62.0916,82.6607,57.2151,39.1259,32.2304,71.2756,11.5218
750,55.145,83.5215,37.4806,39.6633,32.9324,67.5092,10.7908
780,51.4775,81.1918,38.6892,38.5254,33.5568,96.9937,10.3995
810,51.2977,85.6438,37.1008,37.1547,33.9057,89.6693,10.2329
840,52.3682,84.4218,54.3855,38.075,34.4236,86.0718,10.151
870,50.7514,84.5753,54.1694,39.3897,34.8302,83.446,10.3678
900,49.5842,110.165,55.5246,36.8795,34.7212,80.0686,9.86801
930,49.9717,109.364,53.9324,39.3368,35.3043,74.9632,10.0634
960,49.8357,106.217,56.5488,49.6601,35.8768,73.2082,10.2533
990,56.4833,107.08,71.789,48.9358,36.1944,69.5385,10.2861
1020,55.1348,103.715,71.5755,48.9205,36.677,66.8823,10.259
1050,54.367,106.306,73.8759,50.5481,35.9271,61.6589,10.2643
1080,53.4694,89.9991,60.1306,43.1051,36.8642,57.6945,10.0582
1110,54.5612,95.4315,66.3916,41.1566,36.2919,56.4845,11.0793
1140,56.3556,99.1141,66.7178,41.4763,36.6533,52.7067,11.1501
1170,57.0807,94.6914,67.0034,41.4457,37.9932,46.8179,10.865
1200,57.1432,96.7711,69.464,42.5035,36.9085,42.6722,11.1435
1230,68.1824,117.121,81.409,42.8653,37.1988,39.1847,13.2201
1260,59.184,101.484,73.6042,41.4888,37.5948,38.1467,13.6309
1290,60.2824,105.115,72.4614,42.7962,37.3326,33.2827,13.2713
1320,58.595,101.462,72.5396,41.6312,36.8349,31.3115,13.2463
1350,50.9115,89.5792,63.5721,40.8923,37.7094,33.8518,10.6825
1380,51.3441,87.0139,60.5889,41.3618,36.2208,32.8917,10.4715
1410,63.7917,113.887,78.8746,40.5502,36.1142,33.1431,13.4508
1440,72.0203,123.643,88.8813,41.6702,36.5358,31.4417,14.632
1470,75.2485,129.005,92.6531,41.6918,36.1124,33.1634,14.9377
1500,72.3729,127.957,90.9906,42.7627,36.8455,32.8093,14.6394
1530,60.4642,102.323,74.5982,42.902,36.9567,30.5209,12.2147
1560,60.5733,105.789,74.3301,42.4876,35.833,33.406,11.7222
1590,59.1753,107.085,75.3336,41.4399,36.641,34.3687,12.1401
1620,60.0946,104.102,72.6857,42.8597,37.2479,34.4049,12.063
1650,50.649,88.3747,63.5919,41.073,36.5268,32.7353,9.95805
1680,48.5033,87.9115,63.446,43.1123,36.0374,33.3752,10.1257
1710,49.0996,85.9592,62.6991,42.5375,35.8162,33.7374,9.74815
1740,50.4501,87.4286,62.9631,41.3425,37.1826,31.0264,9.80044
1770,50.8198,90.1123,62.8007,40.9047,35.9579,32.974,9.93954
1800,55.8059,99.5604,67.4073,42.7848,36.3487,32.0069,11.1869
1830,44.5337,79.1692,53.7736,43.1327,35.592,30.9604,11.1341
1860,42.5479,78.2517,55.2515,42.6772,35.7353,32.9878,10.7501
1890,45.8657,77.3352,53.0858,42.4987,36.2451,35.2677,11.2634
1920,44.4407,76.4004,53.0577,41.3961,36.0192,33.3793,10.7876
1950,44.8915,79.0183,55.9051,41.6397,36.6411,31.5266,10.9252
1980,44.7032,75.4618,56.459,42.9033,37.1147,33.8914,11.1132
2010,42.1808,74.729,55.1793,40.6512,36.5939,34.871,11.2044
2040,42.2566,78.7275,54.8383,42.5062,35.6485,34.4413,10.7228
2070,43.795,75.8839,52.875,41.1101,35.5572,35.4703,11.1113
2100,45.0255,74.8735,56.3098,41.8572,36.0026,35.1232,10.9224
2130,53.1497,94.2129,68.4878,41.5247,36.5049,33.6277,11.1743
2160,53.2094,93.58,65.1571,41.6218,35.6506,34.3437,10.9719
2190,53.4079,93.9313,64.9781,42.8671,36.7219,31.8503,10.9368
2220,55.5965,92.1349,67.2853,42.496,35.8752,33.5438,11.0243
2250,54.7906,93.7864,66.6236,40.5718,35.2737,32.7675,11.1559
2280,54.6286,90.9997,67.8439,43.3207,36.0884,35.3008,11.1614
2310,54.5939,94.9856,66.5583,40.6158,35.5504,33.5961,11.4785
2340,55.7804,95.9566,68.399,43.0355,35.3015,33.4342,11.2984
2370,53.4443,91.7145,67.7948,40.783,36.3664,31.9609,10.9833
2400,54.4323,95.0758,66.5967,41.3751,36.5396,31.9868,11.104
2430,52.6024,92.0943,67.4206,42.8606,36.8426,31.4494,11.477
2460,52.1013,95.4648,67.6384,40.5297,36.3059,33.8452,11.4976
2490,54.3626,92.0843,66.5979,43.2985,35.8529,31.9309,10.961
2520,55.6673,94.0495,65.3248,42.1198,35.6133,34.0443,11.4812
2550,55.5259,96.6738,65.2217,40.7065,35.5056,34.8833,11.498
2580,52.0056,90.923,67.7662,40.6457,36.6338,33.1087,10.9415
2610,53.2669,91.6849,68.5551,43.1713,35.844,32.8159,11.5167
2640,54.5535,95.0983,64.5202,42.2068,35.6201,31.6276,11.0397
2670,53.5653,96.2332,64.6609,41.3968,36.754,31.6713,11.2008
2700,55.8409,91.1951,65.6804,43.264,35.3459,30.8298,11.2477
2730,51.911,88.2514,60.0975,40.9182,36.454,30.7133,10.5132
2760,56.1306,102.969,70.1983,48.9286,35.4468,30.7053,10.8999
2790,56.6624,101.501,71.905,49.2202,35.3074,31.6745,10.8446
2820,59.0926,104.291,72.0276,49.5466,36.4066,31.8231,11.3987
2850,58.7438,104.987,73.8164,48.7065,35.58,31.6896,11.3578
2880,59.6537,106.227,73.5373,49.6829,35.7339,29.8825,11.2997
2910,58.2273,105.547,73.5485,49.4982,35.0174,25.7117,11.3683
2940,56.7078,104.615,72.9237,49.8893,35.4792,23.9464,11.5789
2970,60.3416,105.627,73.0584,49.1604,35.8963,25.0044,11.2575
3000,59.7738,103.635,74.5249,49.1438,35.6103,25.0717,11.5245
3030,59.7143,104.496,71.1471,47.8167,35.6057,24.8283,11.2164
3060,58.3988,102.077,73.4153,48.4075,36.3816,20.4369,11.2269
3090,57.3232,103.64,71.8246,47.2203,35.2528,22.4172,11.2197
3120,59.358,104.143,70.9328,48.5526,36.6206,16.6479,10.6408
3150,57.7278,106.166,74.4365,47.2863,35.6145,15.346,10.6837
3180,59.5095,107.167,72.4202,47.5657,35.157,14.3672,10.8757
3210,60.1883,103.424,70.8785,50.0487,36.3161,14.4392,10.5101
3240,60.253,102.665,74.1554,49.1117,36.239,19.8094,10.5813
3270,59.0684,106.398,72.2639,49.9606,36.129,19.2908,11.1202
3300,56.6887,102.267,71.7743,49.5765,35.1847,24.0919,11.075
3330,57.6363,105.005,72.7335,47.9649,36.7278,26.1424,10.6003
3360,59.4612,105.657,71.5348,49.3643,36.6958,31.2894,10.6871
3390,59.5908,107.191,73.1516,48.393,35.4881,33.0166,10.5817
