Time,FC,PAS,PAM,PAD,temp,SpO2,FR
-1,104,160,106,92,36.8265,89,28
0,114.4,176,116.6,92,36.3109,89,30.8
30,117.141,171.911,114.614,92,35.7953,89,30.7149
60,116.371,172.678,115.909,92,35.2798,89,30.6246
90,116.009,174.387,116.467,92,34.7642,89,31.0712
120,115.517,179.219,117.8,92,34.2486,89,31.3434
150,117.05,173.304,114.522,92,33.733,89,31.1868
180,112.985,174.343,118.265,92,33.2175,89,30.8035
210,116.429,177.422,117.321,92,32.7019,89,31.4097
240,115.1,180.293,114.93,92,32.1863,89,30.8851
270,115.976,172.898,116.146,92,31.6708,89,31.1324
300,113.464,173.378,118.981,92,31.1552,89,30.401
330,112.862,179.817,116.901,92,30.6396,89,30.5976
360,125.795,173.372,125.557,92,30.124,89,30.396
390,123.059,172.136,126.695,92,29.6085,89,31.072
420,116.159,179.828,118.484,92,30.1364,89,30.1253
450,118.179,176.593,117.202,90.4676,30.5984,90.7053,31.0007
480,110.488,179.83,112.229,93.3782,30.7962,87.5732,31.4632
510,112.011,171.309,111.43,91.8984,31.6056,99.5003,30.2607
540,111.428,173.671,117.731,90.7041,31.3683,98.4798,29.3885
570,113.283,142.669,93.2003,74.2241,33.1447,94.9742,28.9777
600,111.688,141.314,89.7068,73.1294,32.9982,94.3509,29.3697
630,113.409,140.87,93.8698,73.2516,32.9045,89.6579,28.9613
660,109.194,140.242,89.3289,72.0637,34.67,88.832,28.5169
690,107.049,137.914,96.6369,74.1161,34.9887,87.611,26.9536
720,107.071,116.39,89.2206,69.7976,35.3228,83.1085,25.2537
750,94.5564,113.633,49.361,61.153,36.737,82.1721,24.7225
780,91.9686,114.748,52.8705,63.0108,35.6994,83.0337,23.8924
810,92.2886,115.765,49.9874,64.0421,36.9568,82.0127,24.0816
840,91.1886,115.053,51.7168,61.627,36.6923,78.6988,24.5552
870,89.1242,123.868,53.5526,62.4536,35.9921,78.4101,22.751
900,90.2775,149.953,50.3454,78.9796,38.7099,73.5104,23.43
930,90.7203,157.749,50.3596,79.1969,37.7727,73.4578,23.5409
960,90.0432,154.317,74.6375,81.1835,37.609,72.7024,23.3963
990,94.8331,155.707,100.742,81.5892,36.5777,71.5878,23.4224
1020,96.4494,152.98,100.638,81.4173,36.7005,65.9723,23.6861
1050,92.3125,150.857,101.659,80.9096,36.875,63.2495,23.7911
1080,89.4302,131.729,93.3504,73.8084,36.9656,63.7492,23.8717
1110,97.7336,138.63,97.8724,68.5486,37.9852,59.4337,25.8582
1140,94.436,142.795,96.0429,69.4303,38.263,58.9533,25.0338
1170,97.4614,140.076,97.2734,66.4499,37.0278,57.8617,25.1612
1200,95.7559,141.211,96.4128,69.6465,36.062,55.0214,25.7324
1230,115.862,172.08,114.551,66.8758,37.0352,52.3343,31.4894
1260,99.5904,141.901,95.683,66.9017,37.5838,47.3223,31.6116
1290,101.899,146.792,97.1581,69.2779,38.3507,48.2665,30.9107
1320,100.676,143.351,93.8798,68.3316,36.9426,44.6245,30.8406
1350,102.236,141.931,94.932,66.9674,37.2524,48.3604,30.5534
1380,100.847,143.639,93.9333,67.6447,37.7016,45.1443,31.2826
1410,100.062,140.429,94.7455,66.3926,37.7998,48.1392,31.1726
1440,102.154,143.988,93.1423,68.0776,36.9409,49.9666,31.1997
1470,100.483,141.047,96.3388,66.8545,37.3638,47.6266,31.8421
1500,99.0519,142.991,94.6712,69.7699,38.0364,49.0844,30.8778
1530,117.914,174.159,114.602,68.5167,37.0426,47.299,32.6653
1560,115.862,168.557,115.781,69.5554,36.5466,48.6851,33.6818
1590,117.05,168.214,113.031,69.5901,37.1406,50.9334,33.8656
1620,117.797,169.28,117.412,68.0765,37.6419,50.4831,33.2794
1650,116.31,168.068,113.707,68.3029,37.1973,49.9146,32.6313
1680,116.692,168.838,117.545,68.9807,36.8579,49.6801,32.6087
1710,116.892,171.589,117.508,66.9833,38.2009,47.9276,33.1688
1740,115.052,167.935,117.588,69.5853,37.5087,49.055,33.7388
1770,118.638,171.593,115.085,68.386,36.8592,49.9655,32.9126
1800,115.946,171.56,117.822,69.0748,37.9086,50.7057,33.0792
1830,115.287,172.744,115.871,69.5497,37.5995,48.6443,33.4235
1860,118.78,169.411,115.588,67.4706,38.7856,48.082,33.6933
1890,117.222,172.105,115.027,67.4178,36.5464,49.7565,33.8857
1920,117.621,171.64,116.597,68.0424,36.387,51.0515,32.9436
1950,115.91,170.776,113.819,69.1123,36.4823,48.975,32.6926
1980,118.449,174.387,115.104,69.0514,37.9652,49.8024,33.1644
2010,123.777,179.925,124.905,69.7982,35.8591,51.3281,34.3989
2040,126.911,184.93,122.011,66.3259,35.5623,48.5669,34.1293
2070,124.857,183.507,122.408,68.8586,38.1174,50.7295,34.5372
2100,125.336,181.601,123.795,67.9896,36.9279,51.2731,33.7088
2130,123.105,185.046,121.772,66.8299,35.2315,50.9658,34.8052
2160,125.942,180.026,121.28,69.6339,35.7799,48.8968,34.2662
2190,126.399,184.707,122.576,69.151,35.7522,49.6843,34.724
2220,123.961,180.653,123.111,66.8134,36.0377,48.6458,34.0128
2250,122.456,183.297,123.916,66.2651,36.7056,47.1603,33.8221
2280,124.545,180.037,121.97,67.9932,36.6667,47.41,33.7486
2310,123.376,182.474,125.929,67.991,36.7745,48.9336,34.5151
2340,125.58,185.864,125.7,69.4638,35.6632,48.3068,33.6673
2370,125.929,186.066,121.954,66.9785,35.6877,49.2192,34.4166
2400,123.329,184.566,122.011,68.1679,35.6827,50.3825,34.0079
2430,125.221,185.147,125.381,66.1331,35.8631,50.528,34.7165
2460,122.729,185.034,124.966,66.7663,36.7411,48.4517,34.418
2490,126.609,183.254,125.562,66.4861,36.694,50.6177,34.5822
2520,130.489,190.524,127.013,66.7344,35.312,49.5494,35.0852
2550,129.383,186.442,129.025,66.1357,37.0284,51.2023,35.0567
2580,126.64,188.569,129.731,66.6649,36.5409,50.8339,34.8661
2610,128.805,188.879,128.689,67.0684,35.8464,47.3684,34.1852
2640,127.79,186.346,126.676,68.292,37.083,48.6036,34.3605
2670,126.869,184.017,126.658,69.331,36.1198,49.7389,35.1316
2700,130.024,187.02,130.22,68.1164,37.4084,47.6652,34.4976
2730,128.573,189.453,128.574,68.2611,36.3885,50.0577,34.9702
2760,126.43,190.153,127.11,67.831,37.0463,50.1329,35.2335
2790,129.666,190.07,129.498,66.991,35.2861,47.2175,35.1689
2820,130.393,190.542,127.833,67.7605,36.8755,50.5062,34.3112
2850,128.08,185.781,129.893,68.074,37.1841,47.9621,35.3356
2880,128.211,186.587,128.183,69.8247,36.6165,50.825,34.9245
2910,131.37,187.392,130.475,69.8309,37.7523,50.5292,34.8569
2940,130.823,184.121,126.374,68.3103,36.9993,50.2725,35.2135
2970,127.208,186.716,127.882,66.4327,36.9924,51.3756,34.3264
3000,131.332,185.906,126.661,69.9486,36.8219,49.5902,34.656
3030,128.873,186.478,127.585,67.4484,34.9828,50.8072,34.4175
3060,128.31,189.671,129.359,69.1412,36.1184,49.2604,35.2227
3090,132.408,189.423,129.587,68.9593,36.122,50.3302,34.6837
3120,134.239,189.317,127.03,68.0527,36.9429,50.1063,34.4997
3150,131.058,190.379,127.923,68.3169,36.4386,49.3753,34.4415
3180,136.247,184.618,129.78,69.0298,35.6116,48.2516,35.2718
3210,137.211,190.861,130.262,67.9617,36.3945,49.52,36.2474
3240,134.871,189.245,130.34,70.5976,36.0158,47.537,36.8231
3270,136.324,187.547,130.477,68.221,36.1364,49.0197,37.5331
3300,137.593,185.627,126.923,70.4301,35.7087,47.8951,37.8139
3330,137.618,192.263,129.234,70.059,35.6149,48.6903,39.1071
3360,139.893,186.185,130.23,67.564,37.3068,48.9733,37.9428
3390,137.294,188.81,128.49,70.2407,37.6479,46.8466,38.1472
3420,134.62,189.183,127.839,68.1065,37.0643,46.5738,37.8053
3450,135.72,186.726,126.772,70.5759,35.9399,46.1456,37.558
3480,135.299,189.495,128.176,67.9585,35.4704,43.0909,38.242
3510,137.428,193.63,130.89,68.6118,36.0524,43.9806,39.3571
3540,109.656,149.786,101.371,69.5328,36.8593,43.3663,37.7667
3570,109.381,149.033,101.619,68.0685,36.9843,40.243,36.9939
3600,106.204,155.45,103.152,66.9777,37.6425,40.7091,36.7779
3630,105.595,153.16,101.18,68.1125,37.4058,35.8775,35.9989
3660,106.233,149.253,102.366,69.2671,36.2231,37.9298,35.4426
3690,101.531,154.948,101.309,69.7313,36.793,37.3987,34.0534
3720,102.474,150.773,102.576,68.4291,34.8666,36.6321,34.6607
3750,103.971,155.817,101.366,68.9363,36.0476,31.6405,34.7762
3780,101.082,151.154,103.254,70.418,35.7532,33.0361,34.7929
3810,100.358,153.715,103.907,69.7327,35.6508,29.0893,34.6285
3840,97.2328,144.602,97.3433,69.9213,35.3904,30.2254,25.655
3870,93.7516,146.49,100.667,69.9134,37.2124,29.4892,26.4303
3900,94.739,142.525,100.503,69.7269,35.5463,28.2124,25.6474
3930,94.082,143.264,101.656,68.0101,35.4964,29.0104,25.7447
3960,95.2314,142.961,97.406,69.8348,35.8427,23.5607,25.5453
3990,94.6168,148.392,101.52,70.0066,36.7248,25.2365,26.5525
4020,96.5885,145.278,100.06,69.9148,36.3114,23.7664,26.5194
4050,95.425,142.512,97.75,70.3767,34.8129,25.8863,25.8151
4080,94.9791,144.893,97.5486,68.4012,36.532,28.6217,25.5613
4110,98.4313,146.258,101.696,69.3749,35.7703,29.8892,26.2645
4140,93.9024,144.017,99.2652,70.0406,36.246,32.9708,26.4313
4170,96.4452,149.094,100.454,69.1499,36.3516,36.4626,25.7977
4200,95.2626,143.072,100.497,67.9903,35.5018,36.6465,25.6717
4230,97.7846,145.805,101.287,70.401,35.513,39.7577,25.5432
4260,97.1556,143.208,101.675,67.4968,36.9471,43.7255,25.6418
4290,96.6958,147.756,100.892,69.495,37.1743,41.8491,25.3708
4320,98.0581,148.249,98.4385,67.5028,36.0747,45.921,26.6191
4350,94.9682,144.816,101.16,68.2684,36.8767,48.7592,26.0557
4380,96.7842,146.222,100.269,67.9765,36.1199,51.1023,26.4906
4410,95.7078,144.975,99.5415,67.297,35.792,51.7546,25.4082
4440,85.0704,129.58,87.1234,68.7277,36.0944,55.4789,21.6612
4470,90.9924,149.257,97.6399,75.457,36.7768,57.3474,21.6085
4500,93.8722,147.046,104.326,78.6876,36.3374,58.4001,21.1481
4530,95.5241,151.255,101.804,81.0762,35.5299,64.472,21.7364
4560,96.5486,147.471,100.904,78.5105,36.7611,65.9199,21.9347
4590,96.4692,151.029,103.11,80.6696,36.0168,62.4974,22.2341
4620,96.7256,154.149,101.214,80.4178,35.312,67.5157,22.2462
4650,96.1243,147.149,104.306,81.7095,36.4761,68.8753,21.4128
4680,95.9459,151.603,102.878,79.8643,35.0277,69.7113,20.9984
4710,95.8198,152.481,104.145,80.7286,37.3298,74.0931,21.6933
4740,96.8172,152.922,101.48,78.8337,36.2529,74.2494,22.0322
4770,92.5205,154.038,104.346,79.9036,36.2325,79.5897,21.4617
4800,92.3291,149.279,104.782,78.6492,35.5372,76.7227,21.2518
4830,96.5261,153.976,105.131,79.9004,37.2585,76.0298,22.0888
4860,94.4971,148.665,100.879,79.7358,35.3587,76.9647,21.3461
4890,93.4273,147.16,104.417,81.2238,36.393,76.825,21.5215
4920,97.1202,147.604,103.445,79.8329,36.3356,78.9693,21.0858
4950,96.076,151.745,103.477,80.5894,36.1982,78.1643,21.9651
4980,96.7896,151.311,101.586,78.632,36.9229,77.8617,21.0924
5010,95.0476,149.409,105.394,81.6182,35.9892,77.4914,21.7668
