Time,FC,PAS,PAM,PAD,temp,SpO2,FR
-1,73,140,102,78,36.6766,99,12
0,80.3,154,112.2,78,36.1631,99,13.2
30,79.4598,155.596,110.7,78,35.6496,99,13.3944
60,78.715,152.688,114.008,78,35.1362,99,13.2747
90,82.0113,157.688,110.46,78,34.6227,99,13.0874
120,80.1449,156.279,111.654,78,34.1092,99,12.9813
150,81.2362,151.244,113.635,78,33.5957,99,13.4455
180,79.3852,154.733,112.651,78,33.0823,99,13.0083
210,79.4943,150.16,112.414,78,32.5688,99,13.2188
240,81.2426,151.397,112.247,78,32.0553,99,13.4326
270,79.3121,156.211,113.038,78,31.5418,99,13.303
300,81.5978,153.368,113.867,78,31.0284,99,12.9384
330,80.1114,157.638,113.31,78,30.5149,99,13.262
360,87.2792,156.122,124.06,78,30.0014,99,13.4165
390,87.5465,155.024,126.275,78,29.488,99,13.0791
420,80.9837,156.391,109.984,78,29.9053,99,13.3899
450,83.0197,153.957,111.654,78.78,30.6217,99.99,13.5146
480,82.5965,158.698,115.412,78.0879,31.6136,100.367,13.24
510,80.5426,153.025,113.859,77.3435,31.8544,99.0275,13.026
540,80.8108,157.022,114.228,79.106,31.8847,96.5968,13.3365
570,76.9206,151.737,114.546,79.7313,33.0415,95.0785,12.9205
600,79.4727,128.741,88.0173,65.8914,32.0463,95.2963,12.308
630,76.6336,130.767,89.162,64.299,32.4299,93.9363,11.9515
660,78.4631,125.155,91.2788,60.6929,32.7959,89.6006,12.0424
690,76.2612,125.305,90.0219,64.2449,34.194,91.4211,11.4711
720,73.9238,120.01,90.1427,59.9145,34.7844,88.2018,11.4853
750,75.337,112.519,82.8232,58.66,34.2434,88.2985,10.93
780,67.3254,110.645,45.8493,54.2016,34.7658,86.4025,10.8642
810,60.5909,101.504,49.6655,53.6383,34.9544,96.8229,10.2722
840,62.5022,104.301,49.0816,51.6527,36.2554,91.9087,9.92817
870,63.4677,104.518,51.6773,68.7686,36.6513,89.3922,9.77365
900,64.944,106.467,48.7081,68.8839,37.4843,91.1717,9.63779
930,60.4432,110.25,71.652,71.0016,37.983,89.8269,10.1201
960,62.9743,110.973,72.2923,69.3463,37.0164,87.1599,10.0405
990,60.8143,134.251,72.0369,71.219,37.1706,88.8282,10.249
1020,66.9117,139.667,92.7447,70.5616,37.2359,86.8314,10.2291
1050,67.4051,132.812,92.9056,69.8497,37.4187,86.7785,10.3118
1080,64.0444,134.194,95.4618,66.2786,37.5095,83.4097,10.0909
1110,63.7416,118.783,90.4955,63.2803,36.5946,81.759,10.1961
1140,70.5014,123.923,91.2349,57.6311,36.9527,80.9651,11.0867
1170,67.4322,127.775,93.0075,59.561,36.8979,80.5597,10.8503
1200,66.5301,123.351,88.8366,57.106,36.2837,78.4743,10.8151
1230,66.3014,126.802,89.0046,58.7919,36.1028,73.2246,11.3426
1260,82.6374,152.083,109.581,58.6055,36.6179,73.3377,13.4631
1290,69.3479,146.388,93.986,62.1859,37.7757,70.4616,13.5303
1320,72.1788,147.403,91.48,60.0929,37.7356,73.3395,13.8526
1350,69.8586,146.581,95.092,58.1143,37.44,69.9272,13.3596
1380,61.2091,117.519,83.0714,62.1234,37.1599,71.114,10.6331
1410,58.6147,110.728,80.4206,58.2221,36.7196,71.123,10.19
1440,77.0545,148.998,106.099,58.0714,36.0463,72.5241,12.8912
1470,84.8375,164.351,116.539,58.6674,37.1054,71.3378,14.4261
1500,89.3681,168.536,120.083,60.6746,37.4216,74.4077,14.6893
1530,89.1591,168.033,123.918,59.2549,36.0121,74.9327,15.094
1560,74.4058,134.786,101.755,56.9564,37.3765,70.9842,12.0142
1590,73.0446,136.026,96.6571,56.1297,37.3533,74.0787,12.1182
1620,71.4611,133.235,102.184,60.2624,37.2128,72.0239,12.0428
1650,69.198,129.676,96.8423,61.0648,37.0289,73.112,11.7911
1680,62.6202,109.329,85.0955,61.3045,37.5216,71.6267,9.92861
1710,60.6179,114.343,86.3255,60.5019,36.4392,70.7904,9.97217
1740,59.9223,116.939,79.0018,59.4425,36.7039,70.5635,9.979
1770,60.517,108.937,82.1734,56.3567,35.9461,73.2489,10.1625
1800,60.208,110.247,85.4917,60.0686,36.3525,70.6521,10.358
1830,66.4736,127.865,89.8765,57.3386,37.4075,75.6264,11.0359
1860,51.3925,94.7276,70.9032,60.4758,35.6665,73.8723,11.2067
1890,54.5285,97.7324,69.2024,59.6377,36.003,71.6632,11.4048
1920,53.103,97.2758,75.8141,61.5929,37.4147,75.5753,10.8873
1950,51.6462,97.8138,73.8207,59.4497,37.3209,71.9057,10.8913
1980,53.9192,96.2496,73.8853,58.7947,36.0021,75.6684,11.3777
2010,54.0732,98.1425,73.5111,57.2096,35.5284,72.3826,11.2692
2040,54.504,100.195,70.5895,60.9175,35.913,71.2091,11.1738
2070,53.8068,99.1248,72.5955,57.3747,36.1724,73.4766,10.9286
2100,52.8685,95.9168,76.2762,56.2994,36.7496,73.6015,10.7982
2130,51.9705,96.5608,69.2572,58.4658,36.8697,70.8855,11.4034
2160,64.9031,121.29,91.155,57.3414,35.6467,72.4413,11.0638
2190,65.7418,125.099,85.6097,57.5722,35.4759,74.2263,11.3342
2220,63.5909,123.114,89.4745,59.8179,36.7917,74.4308,11.3151
2250,63.5705,116.76,88.8456,59.6318,36.9917,75.606,11.2312
2280,66.7726,125.706,83.3127,61.813,36.3598,72.7173,11.5877
2310,62.4112,117.377,86.7611,60.0741,36.5124,75.6923,11.5847
2340,65.5595,121.651,85.8337,59.1054,36.6536,72.7949,11.0144
2370,64.452,118.749,87.1672,57.8982,36.9889,72.4702,11.4208
2400,64.0387,119.091,86.5021,56.6631,36.4594,71.3174,11.188
2430,64.2786,120.785,89.3522,59.0696,37.2043,74.1271,11.0958
2460,62.9668,116.239,88.3343,58.6771,36.0373,72.8152,11.1521
2490,67.1147,119.125,85.5099,60.0558,37.0102,70.7872,11.0507
2520,64.7082,121.21,87.2793,57.9468,36.6047,73.9891,11.3181
2550,67.6936,125.28,90.7944,56.499,35.508,74.1149,11.1467
2580,63.4951,116.488,84.986,59.585,36.5075,73.3446,11.3029
2610,62.1822,125.46,85.7151,57.6699,36.427,72.3304,11.663
2640,66.7695,122.686,88.4845,59.7326,36.0418,75.636,11.4876
2670,64.3407,120.926,86.5325,60.9644,35.9332,71.0143,11.4239
2700,64.8856,116.744,84.9972,60.9408,35.9652,73.1106,11.3305
2730,64.9383,119.212,85.1493,59.4477,36.9928,72.6162,11.3094
2760,62.0742,113.528,80.2631,60.5218,36.829,71.0743,10.075
2790,64.6848,129.816,85.8793,65.2465,36.3371,74.689,10.3501
2820,62.0389,125.633,96.9646,65.3686,36.9293,74.3655,10.4318
2850,66.3045,129.657,94.2917,66.5131,35.3954,72.3466,10.2838
2880,68.3113,135.036,94.8659,65.3638,35.9699,71.7416,10.0147
2910,67.2176,137.348,93.7748,68.4187,36.9604,71.7655,10.2213
2940,67.6122,134.241,94.3498,66.6656,35.5835,73.8173,10.0133
2970,65.5868,131.881,94.5272,67.9645,36.0708,74.1458,9.96777
3000,68.273,131.65,95.5084,69.2732,35.2703,74.5754,10.2225
3030,69.3318,129.914,95.1961,68.3528,35.3426,73.7268,10.4065
3060,67.7783,130.036,97.3884,67.6237,36.4025,74.7635,10.5864
3090,66.694,131.909,100.201,71.616,35.5382,73.4922,10.3133
3120,70.4723,131.794,95.6347,68.3592,35.6839,73.1189,10.1918
3150,67.2398,132.535,96.0803,70.2906,35.454,71.1818,10.582
3180,69.7459,133.777,99.1506,69.4579,35.4139,73.1903,10.1644
3210,67.6008,130.053,95.3832,70.1987,36.6112,75.5505,10.0732
3240,68.1605,131.616,92.669,66.8075,35.4633,75.0868,10.2633
3270,65.9447,137.454,98.6856,66.8759,36.4084,73.3439,11.0387
3300,68.2068,131.497,92.9645,68.6883,35.3457,75.0335,10.9797
3330,70.6964,129.454,93.482,70.4287,35.9528,77.415,11.1331
3360,68.5924,133.07,97.9936,67.9017,35.3499,80.6265,11.784
