Time,FC,PAS,PAM,PAD,temp,SpO2,FR
-1,104,140,107,84,36.9305,95,16
0,114.4,154,117.7,84,36.4135,95,17.6
30,114.327,157.042,115.054,84,35.8965,95,17.1782
60,114.905,157.65,118.319,84,35.3794,95,17.5407
90,115.255,152.022,115.422,84,34.8624,95,17.8169
120,112.336,156.859,118.494,84,34.3454,95,17.2155
150,115.363,155.517,120.129,84,33.8284,95,17.2087
180,113.736,153.289,120.345,84,33.3113,95,17.9001
210,114.131,153.764,119.56,84,32.7943,95,17.9571
240,114.347,150.722,115.64,84,32.2773,95,17.5687
270,113.543,156.997,116.739,84,31.7602,95,17.311
300,111.815,156.786,119.864,84,31.2432,95,17.8535
330,111.633,155.69,115.916,84,30.7262,95,17.2286
360,127.317,154.815,129.563,84,30.2092,95,18.0128
390,125.737,151.349,126.61,84,29.6921,95,17.8591
420,123.531,150.986,130.378,84,30.0981,95,17.9327
450,124.882,155.983,124.922,83.3212,29.8024,96.4395,17.3117
480,117.322,157.353,115.575,83.0107,30.1757,92.7885,17.2404
510,114.1,159.733,116.763,83.459,31.0131,102.212,18.0198
540,112.052,153.4,120.532,82.6408,31.4142,101.273,17.1478
570,113.945,123.042,90.1151,66.4794,31.4129,99.7607,16.3813
600,113.56,123.317,90.8274,67.0179,32.4051,96.0923,17.0183
630,111.019,125.214,91.9971,65.8369,33.0797,94.2692,15.7688
660,111.588,120.211,90.5424,66.2047,33.5479,89.3588,15.5504
690,108.852,118.47,88.1832,67.7708,33.9538,86.1792,14.9368
720,147.756,63.5351,92.5641,41.5283,33.1326,84.3262,14.4482
750,148.906,62.1552,90.984,39.5594,34.6693,90.2961,14.72
780,150.79,64.86,90.5691,41.3743,34.6396,88.4088,14.2614
810,145.456,61.7662,94.4933,40.7342,34.7979,84.1922,13.6344
840,146.46,58.3529,116.747,37.9631,36.4335,81.7986,13.3832
870,143.56,68.1053,115.493,38.7913,36.6589,80.3686,12.8335
900,143.236,64.2036,118.621,39.1212,36.3492,79.5365,13.1453
930,144.005,69.0885,116.153,39.4689,36.3738,73.7341,12.5126
960,147.796,92.5423,117.295,57.3867,36.9106,71.4613,13.4474
990,144.901,90.8602,118.687,57.9593,36.8754,69.014,12.5972
1020,143.455,95.5025,115.322,56.8493,37.752,70.2847,13.1828
1050,145.087,96.465,121.553,54.8787,36.0761,63.8605,12.9102
1080,144.635,95.9183,116.258,56.8049,37.2658,62.4277,12.903
1110,146.426,89.3333,116.526,55.8664,38.0668,59.71,12.8134
1140,147.098,94.003,114.647,56.3248,37.2455,57.3779,13.1503
1170,144.536,97.2126,121.054,55.7358,38.3681,56.3687,12.5139
1200,146.236,95.7171,120.287,58.2114,38.0378,55.0579,12.9534
1230,103.498,132.217,115.509,74.8321,37.4762,52.2804,12.5043
1260,97.9033,108.045,100.975,62.4114,37.0535,48.5607,12.8933
1290,85.6649,113.214,69.5262,61.7865,36.2891,45.6012,13.0539
1320,87.5427,115.979,70.5732,61.4587,38.0767,85.2807,13.2843
1350,86.6138,116.639,69.805,61.5942,36.3674,88.1271,12.5985
1380,88.3915,112.707,70.9114,63.2191,38.0106,88.6873,13.7331
1410,86.8863,112.737,70.7769,63.9928,38.2496,88.497,13.4064
1440,85.8898,110.113,73.1591,62.3989,38.2541,89.0034,12.7385
1470,88.6094,111.03,70.9169,63.0934,36.229,86.0023,13.0831
1500,85.5341,112.852,72.2972,64.3846,36.6582,93.1965,12.4566
1530,92.0439,108.97,97.8745,64.0861,37.057,91.6777,12.0636
1560,92.7448,112.221,97.5615,62.5354,38.9019,93.4521,12.3794
1590,91.2073,113.314,99.8799,61.9584,38.8893,93.3898,12.3232
1620,89.1353,94.7558,84.9193,55.1212,37.8879,89.9198,12.6384
1650,92.3609,100.168,94.6762,52.7319,35.9744,91.2952,13.7141
1680,92.0055,101.497,91.1651,55.1902,37.9,92.0689,13.7641
1710,95.388,99.096,95.5182,54.4734,36.9704,90.7005,13.7877
1740,93.8483,103.778,94.2113,55.1834,38.1068,93.8539,13.8667
1770,112.054,124.081,112.223,52.315,37.7005,93.3464,16.8754
1800,100.847,113.264,106.467,53.5322,36.9646,90.5154,16.575
1830,98.507,108.878,103.438,53.7737,37.4865,91.0089,16.4681
1860,97.6781,114.256,103.665,55.2829,36.6006,93.6179,16.7995
1890,99.184,114.112,106.849,53.2242,37.0312,90.7338,16.5203
1920,97.9914,114.651,106.58,55.0098,37.5039,91.0925,16.7738
1950,96.6301,111.031,103.855,54.615,37.6105,94.3668,17.0071
1980,98.1845,109.622,107.495,55.2798,37.1861,97.5713,16.8901
2010,99.3713,111.742,103.91,55.1491,36.3343,95.4579,16.6168
2040,98.2506,108.545,104.45,53.8984,38.2614,95.5061,17.0003
2070,113.547,125.183,119.65,54.4504,38.5164,97.8762,17.7902
2100,117.649,126.801,117.37,52.4578,38.0089,94.3438,17.6679
2130,115.559,123.699,116.355,53.8733,37.1382,94.3838,17.6094
2160,114.952,124.484,119.053,52.8981,38.7403,95.7087,18.2637
2190,115.013,122.611,119.496,52.8573,37.7498,97.2812,18.152
2220,114.291,128.118,116.036,54.2036,36.9751,98.2729,17.8362
2250,114.59,128.072,120.574,55.079,37.4967,99.0638,17.9779
2280,114.919,126.299,120.228,52.8985,36.578,95.7781,18.1974
2310,114.543,122.495,116.887,52.1787,37.7032,98.8614,18.0768
2340,116.588,128.429,117.881,53.991,37.4703,94.3085,17.7501
2370,114.036,128.473,116.824,53.1033,37.2829,98.9177,17.7774
2400,116.909,127.693,118.853,52.9947,36.9337,95.45,17.7731
2430,117.589,125.009,117.85,53.5413,36.2694,95.3615,18.2553
2460,114.766,126.236,118.817,52.8502,37.8437,96.9938,18.26
2490,115.917,126.993,117.649,53.6667,37.407,98.2986,18.0705
2520,114.149,125.003,116.203,52.4953,36.3227,96.6679,17.7887
2550,122.947,134.529,124.501,55.2656,35.6014,98.954,18.2602
2580,122.61,132.415,124.638,53.5759,36.137,96.6776,18.4024
2610,120.389,134.269,121.926,51.9524,35.571,97.9874,18.1105
2640,122.092,134.067,123.132,54.91,35.3105,95.2348,18.4729
2670,123.672,135.248,124.571,52.2516,36.5512,97.5255,18.3585
2700,121.3,132.016,121.653,53.607,37.9368,95.5221,17.9043
2730,122.05,132.146,121.284,54.2052,37.7095,94.3172,17.9885
2760,122.612,132.164,121.22,54.6051,36.4228,97.2226,18.2154
2790,120.761,131.52,123.934,52.8854,35.8227,98.7693,18.327
2820,122.952,129.437,121.706,54.3352,37.0212,97.452,18.1746
2850,123.422,133.456,126.222,53.8553,37.8151,97.228,18.1409
2880,121.985,132.865,126.195,52.4872,37.6068,96.5906,18.0734
2910,119.82,128.997,123.07,53.1972,35.9003,97.9939,18.7453
2940,121.305,134.143,124.51,52.8922,35.7224,96.3318,18.74
2970,124.085,131.342,123.675,54.4145,35.7319,97.9889,18.6673
3000,122.748,133.526,125.968,54.3577,36.2252,97.2546,18.2668
3030,121.678,134.796,124.031,54.9347,35.75,97.6689,18.4129
3060,123.311,134.733,127.751,53.382,36.0998,95.5105,18.7064
3090,124.804,137.196,125.32,55.4316,37.905,97.8072,18.5998
3120,125.54,136.891,129.303,55.7955,36.0139,95.5291,18.9955
3150,125.006,137.703,125.534,54.8696,36.5665,95.2763,19.1391
3180,123.655,138.285,126.739,55.2239,37.7287,96.064,19.638
3210,124.45,136.171,125.669,52.901,37.1931,96.9924,19.7618
3240,125.469,136.445,129.33,54.6873,35.3013,94.8369,20.5264
3270,123.116,135.063,126.059,52.6656,35.8563,95.4134,20.7137
3300,124.7,137.59,125.351,53.3252,36.156,97.2739,21.3265
3330,123.426,138.758,128.732,53.8923,36.6773,96.4099,21.419
3360,127.52,136.193,129.31,52.5592,35.8084,97.4343,21.9874
3390,125.274,139.686,128.003,54.3675,36.9035,98.7507,22.4318
3420,125.303,134.067,124.68,55.7593,36.5647,95.4282,22.2038
3450,123.766,137.174,129.279,53.1523,36.8121,92.7176,22.3099
3480,124.297,137.183,128.809,54.0244,36.4059,88.3767,21.9453
3510,121.638,138.94,127.04,55.471,36.4269,88.8022,21.0312
3540,121.58,137.87,125.73,55.9589,36.43,86.367,20.8465
3570,121.233,137.205,128.805,53.4733,36.8111,82.1853,20.4299
3600,123.388,140.311,125.414,54.1843,35.7416,83.8603,20.1258
3630,119.462,139.996,128.361,54.9775,35.7175,81.8409,19.5743
3660,123.569,135.353,128.315,53.2224,35.1525,86.2335,18.9203
3690,122.727,138.754,128.337,55.0091,36.3007,84.1779,18.1718
3720,122.891,137.731,127.241,53.7447,37.7212,83.5738,18.2715
3750,122.986,134.262,127.283,53.3498,36.2074,82.4429,17.5349
3780,123.297,139.008,127.726,55.532,35.5329,84.1234,17.8737
3810,122.098,134.639,127.675,53.9229,34.5216,84.8091,17.8513
3840,124.687,133.912,125.812,54.135,37.1736,84.1793,17.8681
3870,125.321,139.449,125.393,52.4887,35.4701,84.8973,17.3586
3900,126.975,134.361,124.85,52.6481,36.2029,87.5845,17.8403
3930,124.981,137.73,125.977,54.2179,36.9545,84.8551,17.4495
3960,126.01,137.873,128.375,54.9974,34.8039,86.1579,17.7355
3990,126.863,138.888,128.11,53.6463,36.4239,85.7439,17.8722
4020,123.788,137.435,129.263,55.3257,37.8034,86.6119,17.5367
4050,125.877,141.078,131.178,53.0193,36.1995,85.6702,17.1797
4080,102.4,108.257,101.161,52.59,36.3569,87.1412,17.0638
4110,100.732,109.768,103.33,54.0834,35.7102,85.3649,17.4719
4140,101.238,108.846,103.609,54.447,35.4298,88.454,17.4152
4170,99.6105,112.643,104.892,55.7632,35.4593,85.4428,16.9646
4200,101.102,109.871,101.221,55.7032,36.4632,86.8128,17.4107
4230,100.05,111.623,101.509,55.8992,37.0041,92.1628,17.2223
4260,102.347,109.662,100.708,52.9374,35.8603,94.8183,16.901
4290,102.521,111.936,105.075,52.9363,35.2675,93.9491,17.4289
4320,101.862,109.266,103.824,52.4893,36.4868,98.6841,17.3345
4350,101.116,112.98,103.442,54.0423,36.1439,101.755,17.1845
4380,98.1038,108.828,98.4177,54.6685,37.0459,100.384,13.9542
4410,95.4548,106.417,96.0087,53.9275,36.5943,98.1897,13.7785
4440,97.3433,108.269,98.9898,55.8771,36.5479,100.199,13.5464
4470,96.0873,103.957,99.4976,55.7256,36.8557,98.9529,13.6529
4500,97.272,108.445,96.2841,54.7793,36.43,100.068,13.7273
4530,95.8749,106.677,95.7926,53.2789,36.4835,101.641,13.7407
4560,94.714,106.335,98.5207,55.302,34.7607,97.9558,13.5936
4590,96.0873,108.571,97.3071,52.521,36.7977,99.7345,13.5205
4620,96.8639,106.603,100.317,55.7267,36.0642,99.7896,13.8119
4650,95.0868,106.012,100.286,52.7684,37.2977,100.681,13.8694
4680,96.2284,104.414,98.6253,54.0017,36.6174,101.347,13.9102
4710,97.244,103.662,99.9353,53.4914,36.6507,100.143,13.5988
4740,94.4014,106.124,97.3441,53.7759,36.1033,97.7105,13.4758
4770,96.0289,102.823,97.2912,52.8265,36.088,101.652,13.5287
4800,95.7153,105.857,99.3218,55.1836,35.9312,100.315,13.9453
4830,97.6273,105.838,96.6977,54.5419,37.481,102.121,13.9283
4860,95.838,104.75,96.9658,53.908,35.3777,100.402,13.7061
4890,96.029,108.862,98.949,53.3917,37.2851,100.064,13.5203
4920,94.7241,104.672,96.0717,53.5885,37.3536,98.3787,13.7725
4950,95.2397,105.346,96.933,52.7318,35.2585,101.931,13.696
4980,86.1935,91.9214,89.3471,55.1689,36.5437,98.8805,11.8996
