Time,FC,PAS,PAM,PAD,temp,SpO2,FR
-1,87,201,132,119,36.6892,97,16
0,95.7,221.1,145.2,119,36.1755,97,17.6
30,96.8459,219.923,147.277,119,35.6619,97,17.8577
60,97.1435,225.594,143.935,119,35.1482,97,17.8255
90,94.3222,218.621,144.186,119,34.6346,97,17.9857
120,96.3839,218.353,146.672,119,34.1209,97,17.7401
150,97.9777,219.491,145.434,119,33.6073,97,17.3199
180,97.7212,225.258,145.739,119,33.0937,97,17.9189
210,95.7163,217.755,147.159,119,32.58,97,17.1645
240,96.1088,224.975,143.601,119,32.0664,97,17.2144
270,97.5383,223.386,143.838,119,31.5527,97,17.2252
300,94.4949,217.977,144.674,119,31.0391,97,17.6565
330,97.9015,220.201,144.774,119,30.5254,97,17.8949
360,105.005,222.555,156.291,119,30.0118,97,17.7514
390,103.928,216.095,159.848,119,29.4981,97,17.6769
420,105.554,225.26,158.19,119,30.034,97,17.6304
450,108.449,225.7,163.082,120.19,30.8701,97.97,17.6235
480,96.7208,220.56,149.61,119.913,31.6563,97.1468,18.2059
510,98.1586,219.683,145.967,119.744,31.4878,101.099,18.1157
540,97.7157,225.884,149.918,119.566,31.996,101.195,17.8386
570,97.3319,221.074,146.889,122.194,33.1109,98.6087,17.0276
600,96.3614,182.77,119.096,92.5354,33.515,94.8298,16.8347
630,92.5131,179.858,118.823,95.9962,33.4059,95.6087,16.5667
660,93.2194,176.252,117.119,94.3611,34.9611,92.1588,15.9821
690,94.2044,173.842,117.457,92.5647,35.034,90.6619,14.9688
720,87.7334,179.257,118.053,95.3107,35.047,87.2912,14.9131
750,80.2257,156.803,113.145,85.0014,36.4923,84.304,14.4249
780,78.7602,149.795,69.3121,85.6551,36.0013,85.601,14.0284
810,73.099,153.531,62.2763,83.8138,37.3147,91.9715,14.0173
840,74.1911,149.783,67.6049,82.4446,37.9383,90.1635,13.2114
870,73.3893,154.672,65.7159,76.4814,37.2668,91.7517,13.3781
900,72.6568,155.007,69.8707,84.4284,37.5199,87.1302,13.075
930,74.7026,152.39,94.699,106.484,38.4828,86.2587,12.9106
960,71.5182,153.773,92.8733,99.8348,37.548,82.8944,12.9983
990,70.4872,195.886,91.6432,106.566,37.8219,87.5987,13.2297
1020,79.6144,188.305,130.335,108.876,38.3052,84.8227,12.6889
1050,76.6658,192.362,122.942,100.249,38.7439,82.1682,13.2762
1080,71.9526,196.646,128.973,104.446,37.8447,83.2352,13.246
1110,68.6174,175.13,112.655,91.9417,38.0503,78.8312,12.9017
1140,79.811,174.413,125.961,89.7113,38.2288,80.541,13.9948
1170,75.7013,177.827,121.158,86.3897,38.4889,78.7301,13.9867
1200,78.5096,173.297,121.74,89.6399,37.8255,73.9237,14.1935
1230,77.4053,176.491,119.981,89.4636,39.0184,71.8469,14.2936
1260,94.0955,217.038,151.366,87.6737,37.5826,69.2757,16.9435
1290,80.2928,182.352,127.439,92.2087,38.0147,68.9495,17.2238
1320,84.3443,186.492,124.836,89.9063,37.8765,67.7367,16.9838
1350,79.9722,186.244,124.361,87.862,38.4466,70.764,17.5943
1380,75.5098,164.712,111.37,89.6172,38.8348,68.1668,13.397
1410,71.0695,153.244,108.931,86.934,38.7993,70.7838,13.4606
1440,93.4084,198.524,146.685,92.2326,38.1477,72.3847,17.0148
1470,99.1017,216.787,156.419,87.0241,37.859,71.6524,18.7467
1500,103.858,230.864,163.312,89.9509,38.1639,71.429,19.348
1530,101.586,230.123,155.534,94.1699,38.3702,72.3914,19.4051
1560,83.8285,193.959,130.071,91.9933,37.134,69.4005,15.5155
1590,84.9747,196.408,132.091,86.8272,38.4291,68.3047,15.2627
1620,82.181,185.814,127.104,86.1536,37.0956,72.2603,15.6845
1650,85.0212,184.981,125.443,87.2271,38.0328,72.9271,15.0765
1680,72.4215,159.993,109.489,85.7565,38.571,70.569,13.3109
1710,69.8372,151.824,106.002,90.449,37.0839,69.2802,12.8502
1740,69.23,160.805,107.227,85.812,37.4396,70.7342,12.6559
1770,72.881,155.348,106.622,87.1857,37.4835,69.2404,12.961
1800,69.0649,161.943,112.246,92.759,36.9646,69.3802,12.6934
1830,78.6229,179.374,126.013,86.0414,37.0722,72.3514,13.9022
1860,58.9753,132.339,95.6235,87.6955,37.4025,71.3487,14.5156
1890,62.3403,140.926,92.3526,88.2753,38.2111,69.3934,14.5957
1920,58.2789,140.077,91.6201,85.9289,37.3428,71.8229,13.9101
1950,61.9797,137.042,94.4302,90.255,38.302,70.5639,14.5504
1980,58.3592,147.947,94.7659,91.6117,37.1299,72.8816,14.526
2010,61.868,131.363,94.1965,86.1686,37.637,72.0983,14.5152
2040,61.3117,146.5,97.0095,87.7091,37.61,68.3707,13.7861
2070,62.3116,141.605,96.1494,90.9252,37.3346,71.7671,14.3108
2100,61.7688,136.773,98.5764,88.71,37.0328,68.8012,14.4402
2130,60.4371,139.005,96.1526,86.7803,37.7029,70.4846,14.149
2160,71.2796,166.243,120.791,91.7672,37.0882,70.1768,14.2115
2190,72.4058,168.058,118.963,90.3486,38.0584,72.3712,14.292
2220,72.8476,175.659,117.07,89.4429,38.2414,70.0087,14.8509
2250,79.0528,173.194,119.303,89.0272,37.4894,68.436,14.3054
2280,76.4414,172.972,114.407,87.1655,37.1859,70.9679,14.5886
2310,71.8386,166.564,114.041,89.8852,38.3397,69.9805,14.5801
2340,77.34,173.972,119.28,89.0006,36.6273,68.7181,14.1684
2370,76.5747,172.615,116.442,92.7499,37.4136,68.9401,14.7324
2400,76.0075,167.204,116.988,89.0055,37.5168,69.2088,14.253
2430,75.8973,175.219,117.344,91.0034,37.52,69.8547,14.3037
2460,74.6534,172.669,118.767,85.8597,38.1537,72.5114,14.6694
2490,71.9761,177.588,120.074,86.3902,37.6236,69.9789,14.2049
2520,72.0449,174.877,118.762,84.7492,37.8737,69.5029,14.8691
2550,71.2272,171.984,119.969,91.092,37.8386,73.1494,14.6339
2580,76.5945,174.332,116.988,88.8449,38.2674,71.7595,14.5261
2610,75.2874,163.924,117.267,92.1205,37.0048,72.3086,14.8214
2640,74.8322,164.941,122.642,92.8458,37.1787,69.4551,14.7177
2670,75.3809,166.097,118.379,87.373,36.8994,69.1537,14.4465
2700,73.5364,166.895,124.005,92.943,37.9534,68.3863,14.6254
2730,71.1917,173.956,121.589,83.8113,37.2385,72.8334,14.0618
2760,69.9532,164.137,108.971,85.6259,36.6845,70.9934,12.967
2790,74.7379,176.127,115.672,102.72,37.9801,71.8217,12.7867
2820,77.1574,197.611,126.38,101.477,36.7111,71.5044,13.7328
2850,78.8881,190.03,129.782,100.262,37.6651,69.3566,13.7781
2880,79.0544,194.769,133.913,104.93,36.6731,68.8287,14.4794
2910,74.0507,183.101,129.385,103.778,37.5353,71.4023,14.5674
2940,79.1473,187.982,133.261,99.5075,36.7552,68.8677,14.5675
2970,78.2791,195.141,132.148,106.776,37.1227,71.7416,15.6257
3000,80.4141,185.154,131.511,105.743,38.0302,69.8782,15.3179
3030,78.6921,186.492,124.808,104.974,36.9421,71.9146,15.7983
3060,76.557,186.93,123.684,102.147,36.4548,71.9187,16.2723
3090,75.8185,188.208,135.179,102.259,36.4,71.7135,16.3777
3120,76.393,184.675,129.899,102.138,37.9696,72.1794,17.0569
3150,75.6572,186.961,129.177,101.095,37.6433,70.0314,16.932
3180,73.8445,190.203,131.949,106.119,37.5941,66.3338,17.0868
3210,73.3651,188.627,133.047,104.662,36.4516,67.8131,16.0489
3240,78.9711,195.121,123.823,105.648,37.0176,67.2392,16.3836
3270,78.8699,188.444,128.911,107.976,36.2682,62.3453,15.3438
3300,77.07,197.866,128.036,102.88,37.646,64.5752,15.5247
3330,77.7648,191.845,128.188,104.415,36.8828,62.9714,15.335
3360,81.578,185.345,131.45,103.185,36.9997,62.5855,14.7278
3390,76.3939,195.075,129.678,103.546,36.6653,61.8624,14.6735
3420,81.6386,186.233,130.27,104.219,35.9227,64.98,13.7936
