Time,FC,PAS,PAM,PAD,temp,SpO2,FR
-1,127,70,60,46,35.1514,94,25
0,139.7,77,66,46,34.6592,94,27.5
30,139.738,77.4207,64.5985,46,34.1671,94,27.4901
60,137.323,75.5875,66.5749,46,33.675,94,27.477
90,136.712,78.6917,67.278,46,33.1829,94,27.5224
120,138.88,77.7655,64.951,46,32.6908,94,27.5483
150,138.135,77.0301,66.757,46,32.1986,94,27.0395
180,143.029,78.6324,66.9021,46,31.7065,94,27.2361
210,140.012,76.9071,65.8025,46,31.2144,94,27.212
240,141.112,76.1635,65.1121,46,30.7223,94,27.7056
270,136.96,76.7961,65.503,46,30.2302,94,28.1622
300,141.956,77.0704,65.9684,46,29.738,94,28.0624
330,141.219,77.0078,67.1022,46,29.2459,94,27.0217
360,155.91,75.4589,73.1293,46,28.7538,94,27.9641
390,154.029,75.1591,71.4603,46,28.2617,94,27.0677
420,153.194,77.8398,73.1447,46,28.8859,94,28.0143
450,155.506,78.2706,72.3582,46,29.51,94,28.0729
480,137.203,75.4712,65.735,46,30.1342,100,27.629
510,141.858,75.5704,65.6492,46,30.7583,97.6002,27.13
540,136.652,60.5901,52.5794,36.8,31.0749,93.6557,26.7038
570,132.947,61.2434,53.6666,36.8,31.6991,89.004,25.0108
600,136.861,63.167,53.1321,37.3483,31.6629,87.4265,25.315
630,131.943,60.4861,51.8287,37.0935,32.3538,80.4348,23.8528
660,119.407,58.0655,45.3351,34.3122,34.1021,80.0531,23.7404
690,109.146,50.9212,29.6728,30.5101,34.5748,75.413,22.9442
720,108.002,51.6953,29.0362,30.4608,34.0719,89.8045,22.2528
750,106.859,53.6731,29.7509,30.5151,35.9904,85.999,22.6222
780,105.716,53.9585,31.1081,30.5945,36.6229,82.3625,22.0093
810,104.572,67.3738,30.8123,40.436,37.2991,76.7421,21.4458
840,103.429,66.9,30.1757,41.1844,36.5849,77.152,20.1652
870,103.429,66.1632,43.3979,39.9522,36.6855,69.0401,21.1691
900,105.63,68.9871,43.0542,41.1553,37.0366,69.0482,20.9788
930,112.846,67.6204,56.2969,40.6227,37.0591,67.788,20.666
960,109.986,69.5748,55.7627,40.5986,36.0792,63.3828,20.9309
990,109.981,68.8073,57.3505,41.049,37.0191,61.9454,20.7895
1020,101.633,64.6816,47.7311,37.8022,37.2745,58.9713,21.0994
1050,110.168,65.3378,53.4474,33.9462,37.5418,56.0568,23.3969
1080,109.749,64.4558,52.8231,34.6825,36.4673,49.8426,22.8235
1110,109.055,65.3248,54.3741,34.5039,36.5403,48.2326,23.0044
1140,112.435,65.0117,54.4571,34.0492,37.0597,42.5112,22.5896
1170,111.02,65.7542,55.5823,34.3956,37.3877,39.3985,23.6485
1200,112.723,64.039,55.5733,34.7961,37.258,33.8429,23.5695
1230,103.935,57.5038,50.3996,33.5926,36.1894,32.6259,21.5104
1260,103.047,57.5875,49.6133,33.8695,36.2122,25.4972,20.8105
1290,101.323,58.7882,49.4093,34.3799,37.8512,26.411,21.0455
1320,101.988,57.1167,50.1579,34.1189,37.2435,26.3711,20.7601
1350,131.052,74.9548,63.2066,33.5649,37.0435,26.5304,27.5698
1380,131.833,74.5468,64.7544,33.9556,37.6006,26.5984,27.0905
1410,133.749,75.0585,64.4786,34.0049,36.9866,26.6144,27.4632
1440,131.008,74.9369,63.5554,35.0481,37.5425,26.6617,26.9364
1470,130.836,73.743,64.0496,34.8867,37.6875,26.8529,27.5077
1500,130.652,73.6962,64.8597,35.0392,37.3602,26.9343,26.8217
1530,131.419,73.9151,64.613,34.1511,37.8859,26.946,27.3108
1560,131.124,75.311,64.223,34.9493,36.9567,27.1015,27.4895
1590,129.878,73.5745,63.4923,34.5871,36.6942,27.1424,27.1407
1620,129.486,74.7404,63.9593,34.4401,37.4995,27.1133,27.1444
1650,131.082,73.8514,64.726,35.0432,37.0172,27.2315,26.9545
1680,131.227,73.8487,63.1557,35.005,36.1736,27.2558,27.4607
1710,131.472,75.1592,64.5925,34.7495,37.7133,27.1034,27.0493
1740,129.572,75.7074,62.9975,34.1643,37.1006,27.2127,26.5617
1770,130.215,73.3158,64.1805,34.7358,36.5859,27.1873,27.344
1800,133.05,73.6327,63.2252,33.9234,36.8121,27.1539,26.7775
1830,130.989,73.5282,63.0987,35.0331,37.6799,27.2878,27.3463
1860,132.862,73.3162,63.4289,35.0263,37.9219,27.1586,26.9521
1890,131.625,75.6546,63.7772,34.8746,37.8837,27.0904,27.2317
1920,129.78,74.5862,63.8067,33.5539,37.3428,27.2204,26.8589
1950,139.846,82.6769,69.4939,34.3329,36.215,27.2307,29.5084
1980,145.14,81.7587,68.9296,34.5896,37.2479,27.2068,29.6748
2010,143.233,82.575,68.4518,33.7868,37.672,27.1936,29.0392
2040,144.521,81.6454,69.9031,33.6444,36.2341,27.1203,29.1126
2070,144.079,82.2931,69.2748,34.8366,37.4939,27.3039,29.3776
2100,144.519,81.9435,70.2714,34.7277,36.5815,27.1235,29.476
2130,144.922,82.1748,68.6288,34.3435,37.3354,27.1315,29.7333
2160,142.691,82.1146,70.0333,34.1027,36.6231,27.1987,29.478
2190,141.677,82.0446,69.6517,33.7308,37.0389,27.0955,28.9766
2220,141.107,80.3984,69.1557,33.698,37.4489,27.1466,29.93
2250,139.431,81.487,69.164,34.9459,36.5524,27.2042,29.4574
2280,145.117,82.2362,68.7123,34.2548,37.0483,27.3016,29.8845
2310,144.394,81.5501,69.073,33.8114,36.5042,27.2994,29.3416
2340,143.966,80.3472,69.0803,33.5567,36.3001,27.2495,29.1501
2370,144.653,80.3609,68.4803,34.8773,37.0933,27.1891,29.8129
2400,144.309,80.3286,68.8793,34.6678,37.6094,27.1837,29.2131
2430,141.524,81.3792,68.5172,33.7724,37.8716,27.1836,29.3693
2460,102.824,59.6565,51.2333,34.9962,36.9871,27.1014,22.2081
2490,105.353,60.7134,49.9872,34.244,37.7576,27.1374,21.5388
2520,104.409,60.434,49.9735,33.9152,37.5333,27.1768,21.1803
2550,105.383,60.8222,50.1614,35.0261,36.7224,27.159,21.3238
2580,103.552,60.6172,50.7902,34.3184,36.5561,27.1403,21.6676
2610,106.207,59.466,50.6671,34.0686,36.4883,27.225,22.0481
2640,102.39,60.8447,50.0612,34.4266,37.2793,27.1617,22.0675
2670,104.282,60.5713,51.5481,33.5848,37.362,27.1083,21.1989
2700,101.851,59.7571,50.0269,34.07,36.6285,27.2417,22.0985
2730,105.01,61.0682,50.4372,33.9812,36.7436,27.271,21.873
2760,105.168,59.8053,50.7624,34.6202,36.8269,27.2423,21.4892
2790,108.805,62.5779,53.2986,34.2749,37.7204,27.0916,23.1073
2820,112.063,62.81,54.2143,34.4861,37.3015,27.2543,23.5711
2850,114.379,63.6275,54.8765,34.3108,36.9871,27.1393,23.3952
2880,113.714,62.6485,54.0343,34.1812,37.2199,27.0865,22.6867
2910,108.607,64.2833,53.9408,33.6223,37.6405,27.2233,23.1323
2940,112.992,64.1248,53.2171,34.0006,37.6934,27.243,23.5249
2970,111.771,63.6422,55.014,34.28,36.0881,27.2696,22.5464
3000,111.526,62.6326,54.7902,34.0476,36.5032,27.1607,23.3531
3030,113.689,63.3509,54.9962,34.8692,36.3504,27.1722,23.5281
3060,114.582,62.4806,54.0998,34.6438,37.4563,27.2313,22.5821
3090,112.287,63.3795,52.9389,33.746,37.7559,27.2962,23.2181
3120,114.092,64.426,54.4187,34.1442,37.7825,27.2,23.3285
3150,112.675,62.7412,54.8896,34.3713,36.0857,27.1447,23.0535
3180,116.108,63.469,54.9337,34.8109,36.8771,27.2976,22.919
3210,112.947,64.1868,53.0315,33.8394,36.7061,27.182,22.7666
3240,116.119,63.2821,53.3476,33.751,36.5958,27.0813,23.413
3270,118.427,64.7345,53.7614,34.2208,36.2364,27.143,23.6006
3300,115.513,62.5782,54.175,34.3218,37.8702,27.0821,24.0829
3330,120.438,63.485,53.8313,33.7854,37.2033,26.115,23.8884
3360,120.747,63.5641,54.4443,33.5901,37.8821,25.1037,23.9847
3390,107.821,57.6168,48.794,35.0507,36.1461,24.1399,22.1562
3420,118.592,62.1555,56.0448,38.1079,37.0424,23.185,21.8729
3450,117.14,66.2439,55.941,40.6075,36.3664,22.26,22.8409
3480,118.792,66.0969,55.4663,40.7585,36.3129,21.2284,22.0765
3510,117.06,66.6903,56.176,40.5261,37.2633,23.9017,22.6777
3540,118.737,67.0789,57.0989,41.336,36.0932,25.5884,22.1146
3570,117.529,67.3954,56.7507,41.3073,37.5396,31.7604,22.1076
3600,114.664,65.4612,57.3628,40.093,36.8568,30.4713,22.32
3630,112.279,65.9641,57.2244,40.2366,36.8922,33.8769,22.331
3660,115.765,67.8937,56.087,40.8003,37.0847,35.3151,21.7168
3690,114.077,65.9283,57.1031,40.13,37.8879,39.3574,21.1882
3720,115.174,65.864,55.9826,39.8507,36.6236,40.9975,20.9704
3750,114.9,65.8414,56.5898,41.0038,36.9274,44.6331,20.7373
3780,115.823,66.8312,56.8791,41.1249,36.928,50.5469,21.0965
3810,111.327,68.0035,57.5909,40.722,36.4263,51.7864,21.4468
