Time,FC,PAS,PAM,PAD,temp,SpO2,FR
-1,94,131,96,77,36.5098,100,16
0,103.4,144.1,105.6,77,35.9987,100,17.6
30,103.603,144.52,104.462,77,35.4876,100,17.3066
60,105.038,145.66,105.269,77,34.9764,100,17.8155
90,101.882,147.587,108.082,77,34.4653,100,17.335
120,102.788,140.556,103.347,77,33.9541,100,17.9341
150,105.028,145.933,105.888,77,33.443,100,17.1675
180,103.216,140.614,105.948,77,32.9319,100,17.3132
210,105.537,146.783,107.657,77,32.4207,100,17.2234
240,101.319,144.596,103.261,77,31.9096,100,17.4253
270,102.192,144.765,104.589,77,31.3985,100,17.6638
300,101.949,146.715,104.691,77,30.8873,100,17.8665
330,104.85,144.713,107.279,77,30.3762,100,17.9288
360,113.99,142.286,117.632,77,29.865,100,17.2581
390,113.792,145.507,117.275,77,29.3539,100,17.9432
420,115.634,140.716,105.512,77,29.6088,100,17.6277
450,116.176,146.128,106.103,77.77,30.1597,101,17.3787
480,103.833,145.623,108.504,76.3758,29.8196,101.854,17.7654
510,104.22,145.823,104.062,78.4781,30.3582,98.7361,17.5844
540,103.183,148.388,109.17,76.1471,30.8328,98.6129,17.8397
570,101.672,115.513,84.4253,61.1341,31.5983,93.7977,17.0911
600,101.244,112.692,86.8168,60.6899,30.7671,91.2099,16.7079
630,101.973,113.788,85.7695,60.9024,31.557,90.0505,16.0595
660,102.229,114.505,82.0361,62.2257,31.2214,87.5138,15.9999
690,100.934,112.955,81.8919,62.0316,31.8402,89.4047,15.6924
720,93.7679,99.8114,72.3262,51.1314,32.7504,85.1483,15.2648
750,79.9619,97.9357,46.9913,51.1323,32.9056,85.3435,14.2398
780,81.9201,94.6932,46.158,51.43,32.3167,100.887,13.896
810,80.1072,94.7356,50.4401,52.2581,33.7205,98.5235,14.2814
840,79.9622,127.286,49.1115,51.6843,34.1699,95.0929,13.6679
870,76.7802,128.866,47.1992,53.0241,33.8685,92.7204,13.1825
900,77.681,126.787,70.3678,67.8722,34.0202,92.2946,12.9692
930,77.421,130.974,71.37,68.1834,34.9944,90.6988,13.164
960,77.0148,125.288,72.2653,68.1712,35.4954,92.0307,12.9489
990,81.4373,124.23,92.5653,68.2573,34.3685,88.3229,13.0788
1020,81.7842,124.907,91.1129,68.6964,34.7775,90.8094,12.2266
1050,84.7217,128.007,91.0669,68.0908,36.2591,85.4179,12.3292
1080,80.8147,108.676,77.247,56.0069,35.3067,84.3221,12.7867
1110,81.9217,116.971,86.9059,57.0778,35.7075,82.5713,14.314
1140,82.9233,114.428,88.4189,57.9757,37.062,80.8358,13.7317
1170,81.9916,113.439,85.1502,59.3114,36.2687,80.9415,13.8988
1200,82.6894,118.138,86.7645,59.572,37.4851,75.5342,13.5303
1230,98.6421,139.487,106.554,56.4331,36.6705,75.654,16.8001
1260,87.5162,113.641,98.0609,58.5793,36.9404,74.1589,16.6086
1290,86.0986,114.075,98.7467,57.0149,37.0637,75.0049,16.5562
1320,87.3765,113.301,99.4335,58.3305,37.8751,72.2117,16.917
1350,77.5391,103.823,81.8696,58.4592,38.4584,72.7389,13.3959
1380,74.0506,107.098,80.2287,57.6154,38.1488,75.1062,12.8057
1410,99.9461,135.106,103.015,56.1288,37.3357,71.3869,16.4262
1440,107.327,144.631,112.953,58.8782,38.529,72.884,17.9165
1470,111.491,153.524,114.023,56.5722,37.449,75.1927,18.9027
1500,108.817,150.237,117.55,56.3488,37.4313,72.0063,18.6584
1530,92.5363,121.095,96.2013,59.0606,38.0034,72.9825,15.5039
1560,91.8684,124.142,93.6992,56.6335,38.3449,71.4573,14.6893
1590,90.9777,123.917,94.3934,56.8472,37.7488,74.4673,15.0987
1620,91.6074,124.125,93.8606,59.3661,36.9325,72.3311,14.7358
1650,76.4649,105.907,81.4199,57.0485,38.2642,74.2978,12.5679
1680,75.2248,100.949,77.0768,56.7862,38.2264,74.0948,12.6239
1710,76.276,105.424,79.1512,56.8932,37.472,71.7446,12.6973
1740,77.9335,106.168,76.7234,58.4162,37.7048,74.0444,12.7342
1770,76.1846,106.213,80.09,59.441,37.5502,73.7905,12.4382
1800,81.7551,112.09,86.7344,58.2785,37.3225,74.726,14.2313
1830,64.6586,90.6107,69.0678,58.4821,36.8708,71.3492,13.414
1860,66.7721,89.5512,69.9327,57.1124,36.7739,74.9078,13.4491
1890,67.2938,90.6104,70.3637,56.2952,37.0467,73.4671,13.4966
1920,67.7594,95.3179,68.8767,59.1409,37.0147,75.9304,13.882
1950,67.0321,93.0085,69.2307,58.1602,38.4894,75.9629,13.7041
1980,64.5261,88.3026,68.5915,57.8989,36.9738,71.1369,14.2191
2010,65.3566,93.611,71.8843,58.7993,36.7705,74.6662,14.2381
2040,65.6688,89.4582,66.9652,59.3172,36.9002,73.6346,14.1198
2070,66.0697,91.4728,68.563,59.0999,36.8088,75.4845,13.8455
2100,64.7008,94.1217,71.1743,56.5196,38.1049,72.3136,14.0834
2130,78.1548,109.961,85.9269,56.6729,38.389,74.6657,13.7652
2160,78.5025,111.145,82.1671,57.1124,37.6014,71.48,13.9844
2190,82.3465,112.302,82.7704,56.0582,36.5663,73.5661,14.5817
2220,78.8832,110.749,84.7041,56.7213,36.8368,72.8338,14.1428
2250,78.0931,112.348,83.5009,55.7954,38.0016,75.9646,13.966
2280,82.7589,112.972,83.8862,59.1339,36.6112,72.7664,13.9424
2310,81.8046,111.081,85.0572,57.1774,38.2519,74.448,14.1416
2340,83.8086,109.29,84.5071,56.2057,37.3667,75.7593,14.071
2370,81.9612,110.105,86.7748,58.3301,37.9806,71.7283,14.3453
2400,81.8401,108.838,87.3585,57.4756,37.7984,72.6467,14.0256
2430,82.7968,112.722,85.3037,57.4772,36.4562,71.8091,14.4665
2460,83.8316,113.91,83.8171,59.5008,38.131,74.9187,13.8188
2490,80.5886,113.039,84.8356,56.1111,38.1016,72.9933,14.4176
2520,82.5263,111.749,84.7441,57.3208,37.4215,73.4598,14.4989
2550,79.897,113.698,83.317,56.207,37.079,75.1998,14.2443
2580,80.4997,114.968,84.4319,57.2974,37.704,74.8475,14.0688
2610,82.0236,111.756,84.8226,56.1527,36.6264,71.143,13.9191
2640,78.6222,110.926,82.1931,59.0587,37.9062,73.6041,13.9729
2670,80.6076,115.045,83.0017,58.63,37.625,73.018,14.5082
2700,78.7315,109.577,84.6819,57.782,36.5173,75.6671,14.5637
2730,78.0615,104.942,78.1967,57.8439,36.5078,75.3563,12.9555
2760,79.0122,123.327,93.5243,66.541,36.6671,75.6489,12.5933
2790,82.0629,120.11,91.7834,67.038,36.9021,74.6654,12.6089
2820,81.9633,117.902,89.869,65.7225,36.7498,74.3434,13.3537
2850,83.8603,121.176,92.6599,66.0329,36.5973,71.1675,13.7906
2880,83.3954,123.362,91.7918,67.3806,37.5417,73.0296,13.4234
2910,86.8792,119.302,90.7431,68.8754,37.4936,75.2256,14.231
2940,81.7427,121.152,93.6717,65.3211,37.3627,75.9867,14.3563
2970,86.7785,121.915,94.7749,65.9892,36.5298,74.4375,14.9319
3000,83.7697,122.502,91.308,67.5654,37.2141,75.2688,15.0471
3030,83.1847,119.344,90.9066,65.6238,37.1438,73.7945,15.279
3060,82.9124,120.504,92.9189,65.8438,37.7998,73.3373,15.7383
3090,84.8378,121.076,92.2075,66.5395,36.173,73.6086,16.3847
3120,84.0378,119.423,89.9945,67.2466,37.6138,75.0112,16.3571
3150,86.0545,120.254,91.4984,67.5627,36.8803,77.802,17.2114
3180,90.4816,119.65,93.6621,65.8113,36.9347,78.4659,16.8472
3210,88.1986,124.575,91.9983,68.8166,36.4295,83.0006,16.7924
3240,88.4976,121.79,93.3065,67.2586,37.0824,83.889,17.4899
3270,90.3135,120.1,89.6377,68.5864,36.8213,83.583,16.9817
3300,95.1947,119.735,95.162,68.9084,35.7796,87.1526,17.7886
