Time,FC,PAS,PAM,PAD,temp,SpO2,FR
-1,96,135,92,73,37.1748,100,15
0,105.6,148.5,101.2,73,36.6543,100,16.5
30,103.968,150.885,103.637,73,36.1339,100,16.8828
60,103.331,146.45,102.226,73,35.6134,100,16.4915
90,107.402,150.041,100.525,73,35.093,100,16.4739
120,107.903,145.177,100.968,73,34.5726,100,16.3624
150,107.774,148.269,99.874,73,34.0521,100,16.1809
180,103.029,145.421,103.393,73,33.5317,100,16.719
210,108.022,147.934,103.671,73,33.0112,100,16.1371
240,103.77,148.944,102.549,73,32.4908,100,16.7922
270,108.168,146.897,103.252,73,31.9703,100,16.1917
300,107.045,150.767,101.676,73,31.4499,100,16.4905
330,103.619,150.29,101.569,73,30.9294,100,16.8516
360,117.671,149.953,110.603,73,30.409,100,16.1449
390,117.927,148.586,112.006,73,29.8885,100,16.8913
420,115.935,144.929,110.139,73,30.1425,100,16.2136
450,116.104,146.526,113.671,73,30.3965,100,16.6545
480,106.179,147.531,100.843,73,30.6505,100,16.4404
510,102.953,145.609,99.9478,73,30.9045,97.0549,15.8137
540,102.462,153.119,99.7862,73.7349,31.1584,92.6728,15.4914
570,104.043,116.212,78.624,58.2592,31.1008,89.8151,15.5391
600,101.252,121.207,82.4596,56.9278,31.3548,90.2225,15.1503
630,102.286,115.89,80.4387,57.8376,31.3967,85.1078,14.6393
660,99.1122,115.494,84.7011,58.9353,31.1324,83.6484,14.7295
690,92.9292,108.629,74.8698,50.6674,32.8615,78.8921,14.2763
720,85.8904,100.667,43.0447,50.5491,32.8512,78.5503,13.5761
750,85.3761,97.6171,44.0264,48.3902,32.1576,95.9483,13.2747
780,81.672,101.526,43.2967,50.3966,33.0215,93.7258,12.8015
810,81.2602,98.0133,42.9486,48.0834,33.4122,92.3313,12.707
840,79.5375,100.369,42.1252,48.691,33.6982,85.6305,12.4527
870,81.3942,102.263,41.9577,49.8884,33.9522,84.958,12.4734
900,83.261,98.8241,63.2755,49.3411,34.2062,80.3026,12.6507
930,83.3683,101.163,61.9665,49.9498,34.4602,81.8541,12.4736
960,85.936,129.072,85.7386,63.3896,34.7142,79.2328,12.0825
990,83.8803,129.103,85.8243,64.2621,34.9682,77.6859,11.9358
1020,86.4498,128.716,83.4429,63.6678,35.2221,72.7838,12.0005
1050,81.8487,120.803,77.5501,55.6167,35.4761,69.9175,12.2396
1080,87.6406,126.01,83.0898,54.4716,35.7301,68.1482,13.1912
1110,90.1124,121.368,79.9589,55.7664,35.9841,65.3831,13.6776
1140,86.1308,126.203,80.1451,54.2539,36.2381,61.5156,13.3347
1170,88.4317,123.576,81.6577,54.016,36.4921,58.0785,13.628
1200,87.9122,123.27,81.9323,55.0765,36.746,55.2969,13.5849
1230,88.3951,123.716,83.7524,55.8258,37,53.9119,13.9864
1260,80.6388,114.013,73.5347,54.5758,37,50.8629,12.5833
1290,80.939,110.437,75.6477,54.7698,37.5923,52.0726,12.1258
1320,78.388,114.312,73.3611,54.2974,36.6253,52.372,12.0951
1350,81.8992,109.82,74.5254,54.4154,36.1244,52.1723,12.0666
1380,100.756,141.966,97.3068,54.9796,37.4821,52.5768,15.5514
1410,102.547,145.833,94.4876,55.5108,36.5685,52.0118,16.0689
1440,104.606,141.46,94.8894,54.6568,37.6538,52.1466,15.5481
1470,105.371,144.147,94.8423,54.7048,36.3111,52.1266,15.8217
1500,103.719,142.829,94.139,54.0844,36.3417,52.067,16.0708
1530,100.703,141.023,97.6355,54.2991,36.8096,53.1348,15.6633
1560,102.821,143.656,94.3061,55.8389,37.73,52.2427,15.9732
1590,104.593,140.625,97.5161,56.0056,36.6735,52.6506,15.7747
1620,106.904,143.6,94.5156,53.3108,37.4494,52.2107,15.601
1650,104.531,141.229,94.7901,54.9723,36.1631,52.8642,15.6423
1680,100.546,142.596,94.0617,55.9811,37.202,53.3742,15.7345
1710,105.047,142.314,95.6955,53.8225,37.562,53.5037,15.5462
1740,104.637,141.998,96.6923,53.8686,36.8128,53.4626,15.5514
1770,102.8,142.452,94.8158,53.5103,37.722,52.887,15.6376
1800,107.427,142.192,97.674,54.6028,36.3749,52.6931,16.0994
1830,102.341,143.075,94.8703,54.6334,36.8193,52.6869,15.6162
1860,106.126,145.87,94.2852,53.3372,37.6425,52.49,15.9101
1890,105.978,145.878,93.8304,54.5428,36.8994,52.5247,15.777
1920,103.17,142.948,97.0908,55.2429,37.5757,53.3188,15.9769
1950,103.002,140.701,93.8702,55.0973,36.863,52.4898,15.8428
1980,108.946,156.811,101.976,53.2494,37.7863,53.2929,17.5733
2010,113.041,158.219,105.451,53.7036,36.4264,52.8039,17.3166
2040,114.767,154.716,103.431,55.1722,36.3568,52.5402,17.1345
2070,111.183,154.133,101.904,55.3042,36.9464,53.1133,17.5105
2100,112.338,158.227,104.103,54.0204,37.4241,52.9765,17.4978
2130,112.005,157.344,104.048,55.1563,36.514,52.3702,17.2797
2160,110.341,158.194,104.815,54.9939,36.4386,52.2273,17.0374
2190,111.507,153.653,102.578,55.3297,37.6036,52.2884,17.2446
2220,109.012,152.966,103.424,55.3207,37.2109,52.5616,17.1327
2250,108.828,157.716,104.769,54.0602,37.9149,52.5429,17.2669
2280,111.014,154.225,101.985,54.3127,36.6352,52.4205,17.5679
2310,112.034,153.769,102.895,53.6809,36.5711,53.2189,17.2221
2340,112.191,157.64,101.698,54.3261,36.2926,52.5358,17.3227
2370,109.288,154.684,103.454,53.512,37.188,53.4694,17.366
2400,112.447,156.876,102.283,54.5437,37.7168,52.3142,17.0399
2430,110.122,155.138,103.094,54.7591,36.3599,53.2384,17.5264
2460,114.585,157.967,102.853,55.1927,36.3618,53.3821,17.5553
2490,80.2196,114.458,75.7378,55.4271,36.6228,53.534,12.7867
2520,82.8874,116.852,78.0247,54.7712,37.7231,52.18,12.908
2550,80.6245,113.306,77.1656,54.8263,37.8086,52.9854,12.7387
2580,82.4662,117.24,75.1997,54.9566,37.3819,52.3495,12.9725
2610,84.3613,113.778,77.0027,55.4631,36.4933,52.5656,12.589
2640,82.7847,113.529,76.0559,55.8941,36.5073,52.5049,12.5029
2670,82.9092,117.338,75.1856,54.2216,36.8986,53.2323,12.9729
2700,84.7697,112.988,76.3998,54.0745,36.5572,52.7751,12.5459
2730,84.4016,117.504,76.5444,55.779,36.4068,53.3752,12.9247
2760,79.7062,113.796,75.0715,54.0646,37.0118,52.6528,13.0174
2790,83.4578,113.388,75.4084,55.0475,37.8263,52.4222,12.7738
2820,87.2298,119.759,82.4682,54.809,37.0742,52.2543,13.4294
2850,88.0218,124.504,79.6494,53.6004,37.4933,53.5388,13.8572
2880,88.3194,120.472,81.4072,53.6148,37.44,53.4963,13.8849
2910,87.2145,120.895,82.8711,55.4587,36.5407,52.3634,14.4196
2940,88.9253,121.97,81.6716,53.2768,36.1257,53.1922,14.7399
2970,87.1635,120.761,80.6859,55.507,36.1658,52.6999,14.9481
3000,89.8945,123.81,79.1685,54.1815,37.4325,52.3592,15.1301
3030,89.2742,124.839,81.7795,55.1474,36.2872,52.2498,15.8246
3060,88.1432,119.997,81.3938,54.8149,37.6891,53.5212,16.4137
3090,86.9861,120.546,80.5478,54.0006,37.2234,55.6236,16.5515
3120,85.1285,121.357,79.8442,54.8229,36.2917,58.38,16.8862
3150,91.0267,122.431,81.7705,54.5305,37.3296,63.1273,17.5007
3180,85.7021,119.788,82.3681,55.6274,37.9029,66.0817,17.6251
3210,86.1742,124.652,82.7216,54.0554,37.116,67.445,17.4519
3240,90.4284,123.06,80.5158,53.2214,36.0942,72.4356,17.0924
3270,89.1266,123.134,80.0834,53.7792,36.8665,71.5622,17.4335
3300,88.1413,120.753,81.3702,54.1338,36.1973,74.5817,17.7604
3330,83.9644,123.791,80.587,55.4052,36.6312,78.1255,17.1778
3360,84.805,124.676,79.8038,54.7166,37.7488,75.541,16.6313
3390,86.4558,122.565,81.5701,54.059,37.5766,75.6896,16.0424
3420,74.5269,112.243,74.0465,54.3988,37.7095,77.7546,14.7367
3450,83.0195,118.246,82.0485,64.5422,36.9128,80.4065,14.3533
3480,83.5311,128.446,88.1386,64.3458,36.6664,77.4979,13.7159
3510,85.4949,130.337,86.3495,62.6108,37.087,80.366,13.4255
3540,84.2582,130.869,85.5547,62.7391,37.387,81.4498,13.5405
3570,83.4354,130.087,87.4234,64.0274,36.3451,81.4805,12.6742
3600,83.4771,130.054,87.1734,63.7721,37.0136,84.6589,12.7259
3630,83.1661,129.878,86.9545,63.1418,36.1487,84.498,12.635
3660,82.7698,131.63,87.3676,62.9516,37.5165,85.6235,11.9543
3690,83.6146,128.129,86.1117,62.9052,36.1736,87.0784,11.4651
3720,83.466,128.235,85.5689,64.7989,36.1963,86.7982,11.5312
3750,85.6772,130.029,85.7623,62.6869,36.7036,87.4653,11.5438
3780,85.8758,128.964,87.0347,64.5089,36.9192,85.3164,11.2636
3810,86.2563,126.073,87.8907,64.0795,36.761,85.5211,11.1489
3840,87.8034,126.387,84.9932,63.7868,36.8927,86.9007,11.5348
3870,88.9844,126.031,85.6288,62.2722,37.3437,85.8746,11.3342
3900,88.1654,127.216,88.5063,63.1814,37.3816,84.0201,11.3189
3930,88.6518,129.935,86.7552,63.1673,37.3274,80.8658,11.2121
3960,88.2442,128.025,85.4422,63.3681,36.8268,78.5467,11.1899
