Time,FC,PAS,PAM,PAD,temp,SpO2,FR
-1,84,193,150,120,37.3133,97,19
0,92.4,212.3,165,120,36.7909,97,20.9
30,92.5398,212.057,165.485,120,36.2685,97,21.215
60,91.0787,207.46,161.944,120,35.7461,97,20.9027
90,93.001,216.911,162.799,120,35.2237,97,20.7038
120,91.8267,214.195,163.626,120,34.7014,97,21.3094
150,94.153,207.078,165.859,120,34.179,97,21.2651
180,92.1303,211.448,163.577,120,33.6566,97,21.0162
210,93.7945,210.765,166.272,120,33.1342,97,21.1262
240,92.0947,209.518,166.253,120,32.6118,97,21.3388
270,94.6057,207.397,165.821,120,32.0894,97,20.8776
300,91.0354,208.619,164.881,120,31.567,97,20.7695
330,93.1307,214.223,167.424,120,31.0447,97,21.3548
360,102.16,212.134,180.023,120,30.5223,97,21.3153
390,103.873,216.001,178.742,120,29.9999,97,21.2098
420,101.904,212.24,167.752,120,30.2916,97,20.4897
450,100.308,206.2,167.615,119.898,30.5405,95.4379,20.6384
480,92.9157,206.256,163.881,121.336,30.6909,95.9205,21.0414
510,92.7575,209.998,164.009,120.419,31.0339,99.9711,20.5455
540,91.0057,205.505,168.755,118.534,30.6522,96.7232,19.8859
570,89.4066,169.047,130.621,97.7973,31.8272,96.4799,20.0003
600,88.7216,178.114,133.745,95.7161,30.8735,91.2202,19.2994
630,86.7138,167.731,128.918,97.8216,32.5552,87.7275,19.2222
660,86.5783,161.476,129.606,94.3343,31.8637,85.399,18.818
690,90.4058,170.986,130.595,94.605,33.0129,81.4375,17.8413
720,123.53,85.6137,128.211,56.8203,33.5448,82.1492,17.7308
750,121.666,89.1351,135.915,57.8775,33.9938,90.7353,16.7587
780,120.672,81.0659,132.308,58.6266,33.6564,88.9219,17.1813
810,116.816,92.6126,127.91,56.8117,34.0787,85.8829,15.7952
840,121.551,82.8021,126.7,55.6771,33.9966,83.2445,16.0499
870,116.65,91.4075,126.264,55.1362,34.079,76.9163,14.7387
900,117.799,125.716,163.133,59.7749,34.4331,75.7712,16.0168
930,122.865,126.672,163.971,58.2641,36.0685,71.2833,15.6271
960,117.497,122.468,164.97,81.6366,35.9528,69.7231,15.7618
990,120.312,127.324,165.033,83.1125,35.2567,65.9277,16.1954
1020,118.785,125.567,165.078,79.3282,37.1118,66.2751,15.2254
1050,117.8,130.842,168.663,84.1004,36.8625,62.5161,16.3293
1080,117.964,120.487,166.186,81.9819,37.0325,56.167,15.7748
1110,118.385,120.601,164.77,84.0257,37.6924,55.9042,15.1063
1140,119.939,126.204,167.025,82.6864,37.0535,52.8771,15.4003
1170,120.279,127.498,171.373,83.7057,38.6404,47.3387,15.4999
1200,119.339,131.6,164.772,79.5707,38.242,47.6281,16.3151
1230,83.2375,177.392,162.633,103.419,38.7969,43.2874,16.2954
1260,75.866,164.256,144.868,98.1946,38.4491,39.2298,16.0204
1290,68.4907,154.486,100.956,89.7382,37.2404,38.9437,15.5358
1320,68.3358,147.864,97.1906,88.6456,37.0332,81.9777,15.5639
1350,69.5535,150.489,96.5454,90.5414,38.4495,79.8375,16.1881
1380,67.6394,147.234,98.4394,88.1599,38.6382,80.6531,15.3669
1410,69.0812,152.962,99.3562,87.7718,37.9693,81.2052,15.9875
1440,69.9952,147.429,100.129,89.0563,36.5125,78.585,15.7171
1470,70.4491,153.983,96.0285,88.5328,38.2744,78.3343,15.4154
1500,67.9349,150.67,98.1612,89.778,35.6498,82.8553,16.113
1530,72.1193,150.735,137.415,90.398,37.6763,84.5924,16.0639
1560,72.0372,147.407,135.261,92.0154,38.2452,81.796,16.1417
1590,73.1292,154.327,134.628,90.7281,36.4317,83.5282,15.6551
1620,68.6488,141.589,115.8,84.8774,35.8258,83.4241,15.5506
1650,75.1516,144.249,131.152,73.9903,37.3514,86.134,17.5372
1680,74.104,136.896,131.248,74.9307,38.2201,82.7559,17.0588
1710,74.9078,138.604,131.621,78.2843,36.659,82.6364,17.1867
1740,76.0006,140.315,127.851,78.625,37.4032,82.2972,17.1588
1770,90.4578,170.396,156.778,74.3713,37.5164,86.5146,20.981
1800,77.6708,161.522,130.493,79.0632,37.2895,82.7833,21.3377
1830,80.7432,164.209,131.508,76.61,38.8126,86.2121,21.3212
1860,78.0381,164.853,131.766,78.5997,37.6306,83.038,21.2187
1890,78.8909,160.442,131.872,76.435,37.7773,86.3307,21.2801
1920,77.9264,160.053,131.93,76.7792,37.3578,84.268,20.7951
1950,80.1057,157.787,130.875,78.0437,36.2461,89.5804,20.9362
1980,78.4954,160.194,128.437,78.0662,36.5486,88.8849,21.2451
2010,80.3023,159.074,128.538,76.3373,37.3579,87.6535,20.9055
2040,78.893,156.9,132.02,77.2691,35.7972,90.0439,21.2901
2070,91.9889,174.122,160.465,76.1847,37.3705,89.9895,22.5472
2100,93.1531,179.347,157.103,78.8327,37.0226,89.8061,22.532
2130,93.8383,179.163,160.926,78.4616,37.1071,87.0723,22.7532
2160,90.4234,179.365,157.931,74.1309,37.4061,90.4935,22.8158
2190,91.6255,174.86,157.191,74.8362,38.1064,88.4037,22.6857
2220,93.4102,174.96,159.191,74.6967,35.5187,88.1628,23.0204
2250,90.5202,171.271,161.623,74.4208,37.0145,89.4465,22.4059
2280,93.9913,178.117,157.249,74.6838,38.3278,90.1369,22.4422
2310,91.8663,178.276,158.391,74.6321,37.6604,89.1768,22.6728
2340,90.9656,179.513,160.203,75.0483,37.0653,87.0291,22.4704
2370,90.3374,179.216,158.144,74.1244,38.4024,86.7303,22.948
2400,93.0554,172.106,162.547,76.3218,36.6406,89.0957,22.7002
2430,92.6327,178.163,160.362,75.1875,36.4008,89.6201,22.8482
2460,90.9421,172.863,162.12,75.2424,35.4955,88.2563,22.5031
2490,94.2213,176.251,158.075,78.4769,36.5093,89.8166,22.4868
2520,92.1127,176.739,160.521,76.6924,36.1669,86.3673,23.0631
2550,95.6696,184.044,169.538,76.7123,38.1345,87.4227,23.7339
2580,96.1455,179.638,169.273,75.6055,36.3503,88.8336,23.1648
2610,96.3619,185.144,168.201,77.3871,36.3627,90.4313,23.408
2640,97.1372,182.765,168.186,78.0232,36.2038,90.1862,23.5433
2670,98.0234,178.74,169.369,75.9393,37.4293,87.9155,23.1104
2700,97.7153,183.155,170.344,77.3989,36.7075,90.2243,23.291
2730,97.9725,185.786,173.774,77.0975,37.3056,86.7469,23.7541
2760,96.5138,179.377,172.289,78.5524,35.9636,88.9743,23.6398
2790,97.5271,185.243,168.644,76.2061,35.9355,88.4626,23.6573
2820,99.1974,185.766,170.297,79.3158,36.3975,87.532,23.3848
2850,99.3616,180.219,173.38,76.7608,38.3789,88.0262,23.3515
2880,95.8194,178.9,168.46,75.1978,36.8683,90.3223,23.9416
2910,97.0541,186.631,170.4,77.1184,36.8627,87.1074,23.4119
2940,98.2514,183.206,169.323,76.1578,36.7933,88.8747,23.6968
2970,98.2813,182.095,168.779,77.6392,36.1552,89.7725,23.5365
3000,97.7164,185.346,171.573,79.6301,35.9637,90.7507,23.734
3030,96.8861,181.07,169.557,77.3763,35.4339,89.5927,23.7484
3060,101.269,187.797,178.173,77.193,36.0219,86.5211,24.1231
3090,101.541,181.095,174.809,75.7975,35.6976,88.9479,24.174
3120,101.456,180.516,177.751,75.5548,36.6143,90.0972,23.9044
3150,102.296,188.34,178.939,75.2041,36.2,89.8614,24.2166
3180,100.262,186.182,175.412,78.5094,35.638,88.8507,24.1989
3210,100.408,188.017,173.618,79.9005,37.4427,90.5434,24.028
3240,100.937,186.311,177.856,79.7824,36.3346,88.5863,23.7919
3270,100.193,184.174,175.42,78.0691,34.9062,89.1696,23.9226
3300,100.574,189.025,174.441,79.2588,36.5931,87.6777,23.6821
3330,99.0773,188.376,178.117,77.3905,36.683,82.1749,22.6713
3360,97.3248,189.406,173.415,78.6339,36.3652,79.206,22.7882
3390,98.7563,185.08,176.503,79.979,35.7281,78.9022,21.8552
3420,94.5166,187.835,174.006,77.1851,36.9988,75.372,21.6143
3450,96.4777,182.665,176.31,76.1983,37.2247,73.077,21.6415
3480,95.8923,185.161,178.585,75.727,37.8704,69.3903,22.0158
3510,94.9757,187.802,177.967,79.9538,36.49,67.7578,21.982
3540,93.4609,185.839,174.968,77.6829,36.2013,69.6061,21.3936
3570,96.179,183.228,175.331,77.9979,37.2498,70.9254,21.5583
3600,93.5778,188.415,176.768,75.09,36.9972,71.578,21.246
3630,94.6121,188.037,173.655,75.9844,36.9374,68.1363,21.1381
3660,97.0717,185.551,176.625,75.8653,34.7529,69.6198,22.0454
3690,95.8178,188.172,175.262,75.6403,35.4298,71.3826,22.289
3720,98.7759,183.932,176.395,77.7331,36.8637,72.0335,22.5616
3750,96.3886,188.792,176.262,75.262,35.7589,69.7301,23.408
3780,100.854,188.367,173.866,80.0417,36.8415,73.2601,22.8818
3810,98.125,183.176,175.079,77.5951,36.6208,70.0916,22.8394
3840,98.2003,187.388,177.178,75.286,36.8671,72.1487,22.7889
3870,98.01,190.318,173.838,76.0654,35.8097,71.4088,23.1053
3900,101.41,184.717,176.185,79.1509,36.269,70.9996,23.3359
3930,99.2684,185.216,175.284,78.4154,35.6692,75.1959,23.0322
3960,97.6646,186.522,175.952,80.0318,37.5424,71.8145,23.3878
3990,100.803,183.714,173.929,76.5411,35.7467,75.875,22.9952
4020,100.064,185.142,174.193,76.6545,35.9281,73.0178,22.7605
4050,101.147,188.584,179.159,79.1959,37.1175,73.6435,23.0147
4080,78.7614,152.451,144.806,79.2796,35.5129,79.0774,22.6113
4110,79.4784,154.135,143.23,78.0879,35.7483,82.9385,22.9193
4140,82.1244,147.38,140.016,77.3928,35.6776,83.4928,22.9878
4170,82.1945,147.805,143.593,79.1677,37.5619,87.7175,22.8631
4200,81.5489,152.521,142.622,76.4936,36.424,90.0793,23.0007
4230,79.756,149.233,142.4,77.3941,36.9845,91.0752,22.8614
4260,81.4109,149.962,140.388,75.1532,37.146,97.156,22.8015
4290,82.3643,152.253,141.963,78.2097,36.1495,97.1942,22.6305
4320,82.629,154.588,143.339,78.6356,35.6876,98.5665,22.7522
4350,81.675,147.792,139.454,78.1203,36.3878,97.0962,22.6297
4380,78.4139,144.274,135.801,77.8501,35.6433,96.4176,17.9074
4410,75.6077,145.391,138.162,78.9395,36.5344,96.2674,18.4186
4440,75.9122,147.18,137.056,77.4107,35.467,95.6505,17.7809
4470,77.2675,140.219,136.973,76.1359,37.0847,98.4584,17.9515
4500,77.462,139.846,138.117,79.2084,35.3441,95.5115,18.1594
4530,78.1669,146.957,135.193,78.4044,35.5041,98.3175,17.9388
4560,76.8899,141.471,137.491,78.4368,36.8738,98.7754,17.8164
4590,78.817,142.187,134.942,76.7915,36.7129,98.3887,18.385
4620,75.2522,143.192,137.442,77.339,36.676,95.4797,17.9245
4650,77.6734,142.445,138.537,78.4308,36.9632,99.875,17.9788
4680,78.2559,144.984,139.041,76.5537,36.4414,97.2146,17.995
4710,75.2919,145.256,137.245,76.6686,36.0748,96.4145,18.1947
4740,78.2173,147.536,133.612,76.1449,35.8314,97.5782,17.9678
4770,77.0808,142.334,138.94,76.72,37.6082,98.5112,18.1938
4800,77.365,144.804,138.668,79.8331,35.5149,96.7253,17.9914
4830,79.1253,147.81,137.069,77.8978,36.4789,96.2636,17.7737
4860,78.4192,141.514,134.587,77.347,36.3344,99.0364,18.3415
4890,75.4024,145.616,134.142,79.4943,37.0015,97.7911,17.864
4920,76.9654,142.922,133.712,78.7019,36.4026,95.6132,18.2494
4950,76.5567,145.504,134.738,77.9544,36.2797,98.2611,18.0257
4980,69.3782,131.637,123.744,75.2743,36.443,99.6608,15.4384
