Time,FC,PAS,PAM,PAD,temp,SpO2,FR
-1,85,131,99,82,36.9124,100,14
0,93.5,144.1,108.9,82,36.3956,100,15.4
30,91.9694,146.79,111.062,82,35.8788,100,15.5548
60,94.5424,147.166,108.537,82,35.362,100,15.3007
90,95.3003,142.937,111.164,82,34.8453,100,15.6243
120,95.6746,140.787,109.34,82,34.3285,100,15.7191
150,95.6878,143.306,107.83,82,33.8117,100,15.4572
180,92.7928,144.842,108.621,82,33.2949,100,15.2675
210,95.5889,144.417,107.563,82,32.7782,100,15.3018
240,94.6748,143.215,110.044,82,32.2614,100,15.4002
270,93.3146,145.554,109.115,82,31.7446,100,15.5336
300,95.6298,142.987,106.528,82,31.2279,100,15.3959
330,95.0584,144.659,106.715,82,30.7111,100,15.7216
360,103.52,146.054,119.368,82,30.1943,100,15.7486
390,101.776,147.009,118.651,82,29.6775,100,15.067
420,93.2531,140.743,110.361,82,29.9216,100,15.1273
450,92.7032,145.449,108.78,80.9606,29.477,99.0188,15.2032
480,90.86,143.119,111.742,80.3226,30.6867,98.1494,16.0344
510,91.544,140.924,110.676,81.9931,30.893,104.087,15.2342
540,93.774,145.268,104.764,81.8862,30.7463,98.341,15.256
570,91.9206,114.379,85.2296,65.5471,31.7186,95.2383,13.9746
600,89.3076,113.489,90.5977,66.8075,30.6735,91.9473,14.5024
630,92.4672,111.293,89.0182,66.7377,32.2603,86.0877,13.7879
660,88.4329,110.715,88.6441,64.8531,31.7479,86.7173,14.1441
690,90.4928,110.197,86.9126,63.3937,31.5098,80.313,13.1313
720,127.049,59.3008,88.1061,38.6133,32.1637,76.5915,13.0245
750,122.099,61.875,85.8258,38.7379,33.0345,91.8141,12.298
780,123.624,60.1517,85.9089,38.2314,32.1973,92.011,12.6029
810,121.789,58.3802,90.7878,38.1076,32.5627,84.3143,12.5581
840,119.615,86.8906,105.246,55.8338,32.6229,81.349,11.6938
870,120.785,91.3979,110.047,56.1923,34.2447,78.5951,11.8559
900,118.91,88.7549,110.85,54.6015,33.1127,74.5589,11.076
930,118.821,87.9499,109.34,58.1995,34.7302,69.7562,11.7276
960,122.37,92.2804,108.184,55.1156,35.4204,67.2717,11.5465
990,123.688,89.7357,111.644,58.1812,35.685,66.1787,11.1927
1020,119.469,91.6623,110.909,57.0572,35.0508,59.0342,11.2701
1050,120.978,86.9728,106.144,57.4766,35.3866,59.6196,11.6106
1080,119.682,88.9176,105.88,57.482,35.4215,53.7679,11.6164
1110,119.011,93.0849,105.558,57.8855,35.7412,50.1983,11.7686
1140,120.214,92.3145,110.377,57.0417,36.3637,47.4938,11.5175
1170,122.842,88,111.359,58.3079,36.4525,45.5183,11.6232
1200,119.651,87.4694,111.034,55.3555,36.7145,42.9517,11.9682
1230,86.2206,128.139,106.774,73.0622,36.2954,36.2595,11.0919
1260,82.4035,106.433,104.791,66.18,37.682,33.5692,11.9599
1290,72.0628,106.233,70.6582,62.987,36.9502,32.3973,11.3326
1320,72.6517,102.881,63.9545,61.3355,36.5231,74.4245,11.5236
1350,71.1084,102.649,65.0614,62.6474,37.0723,74.4746,11.4664
1380,72.4444,99.9726,61.3895,62.65,37.3904,75.5631,11.1346
1410,73.2087,104.383,65.1136,60.57,36.4212,74.5885,11.6769
1440,72.1515,104.756,63.3314,62.4487,38.7681,74.7093,11.1289
1470,72.2234,104.822,64.5778,63.3486,38.6211,78.3208,11.1671
1500,73.3163,101.042,63.4517,60.4591,37.9109,79.1007,11.5716
1530,78.1667,96.2495,88.3384,61.1164,37.7219,78.9927,11.3807
1560,77.7431,97.4126,91.2676,61.3971,39.0804,78.5899,11.5986
1590,78.2814,101.053,91.3529,61.0369,38.1568,79.7944,11.2834
1620,72.3098,82.7146,86.971,59.4037,37.05,79.9833,11.378
1650,77.0349,89.2864,93.1217,51.1872,38.7862,80.5394,12.6648
1680,76.1057,87.5914,85.5708,51.5114,35.7704,82.7907,12.8231
1710,78.8552,90.5696,86.3453,54.2724,36.6073,79.0875,12.3746
1740,78.5269,92.2262,86.5696,52.6576,36.7384,82.6413,12.5408
1770,95.7879,110.352,105.159,54.5208,37.7991,81.6042,15.2226
1800,80.6565,94.3656,98.5865,51.6666,37.5054,79.1427,15.3652
1830,83.6566,92.2004,98.5209,51.5369,37.9835,80.1873,15.3417
1860,81.9065,93.8743,96.3098,53.2588,37.1954,78.9475,15.0021
1890,81.5562,94.1025,100.66,53.5445,37.4672,78.8458,15.3347
1920,81.1148,93.9023,99.6507,54.5389,38.712,81.302,15.5265
1950,80.8921,90.6912,96.3338,54.5126,37.2308,85.143,15.029
1980,83.4122,93.7157,99.2827,51.2009,37.3984,82.8968,15.3973
2010,81.4866,96.7151,97.8555,54.3205,37.1452,84.8346,15.4347
2040,83.5939,91.537,99.3947,54.5024,35.8341,86.6238,15.069
2070,95.6753,112.304,108.181,54.6241,36.7243,82.7616,16.0331
2100,95.0598,111.274,108.294,52.9054,36.3049,83.486,16.4116
2130,95.1702,110.273,110.507,53.7545,37.0146,84.901,16.5035
2160,95.3686,107.891,111.448,51.9717,37.0592,84.4483,16.3811
2190,96.1169,109.72,110.652,53.3865,38.2548,85.921,16.0443
2220,95.6826,111.802,110.523,53.7001,38.2594,84.5517,15.9978
2250,95.5638,113.032,111.23,51.7707,37.3595,82.7652,16.0766
2280,95.7899,111.977,109.6,53.7344,37.2672,84.3498,16.4557
2310,95.2759,112.965,109.675,51.7716,36.3523,83.8951,16.4884
2340,97.4137,112.194,110.323,53.7578,37.9095,86.1228,16.4669
2370,97.5807,109.738,112.372,54.2088,38.1343,87.3511,16.5422
2400,97.2711,109.121,110.783,51.6679,37.0924,87.085,16.1242
2430,97.735,108.875,109.717,52.8767,37.0058,84.0933,16.0828
2460,96.2681,112.18,111.892,51.2322,37.5603,86.6039,16.3396
2490,94.7584,111.928,109.808,53.4432,37.2489,85.2707,16.3028
2520,97.0878,108.013,110.971,54.0531,36.4255,82.6909,16.0082
2550,103.002,116.106,114.838,51.9802,36.651,84.4796,16.6643
2580,102.141,115.082,114.944,52.4118,37.2139,87.121,16.8493
2610,100.501,115.694,114.516,54.385,38.1775,84.5699,16.6149
2640,100.663,113.942,113.466,52.1018,36.6224,84.0361,16.6603
2670,102.353,118.537,115.853,53.5482,36.2899,83.3582,16.4694
2700,101.553,117.795,114.916,51.6639,37.6903,87.2242,16.4252
2730,103.118,115.934,117.053,52.9259,36.3341,86.9839,16.6368
2760,102.866,114.186,115.823,51.3598,37.4011,85.2978,16.902
2790,104.896,115.238,115.056,52.4389,36.92,85.1693,16.7656
2820,104.382,113.791,116.272,52.446,37.2308,84.8213,16.8044
2850,104.493,116.254,115.797,52.837,37.5334,87.0439,17.0965
2880,107.14,117.484,113.732,54.8203,37.5642,86.9475,17.5022
2910,105.837,116.311,115.87,52.688,35.608,83.05,17.859
2940,107.278,119.205,116.283,53.8745,36.5809,87.2959,18.334
2970,109.377,117.778,113.454,52.8695,35.595,85.8773,18.7554
3000,110.283,119.438,116.851,52.3616,37.7522,86.0276,18.965
3030,109.489,116.218,113.434,52.4964,36.6096,86.6255,19.3488
3060,114.932,120.846,116.523,54.2026,37.6261,85.2551,20.7712
3090,116.043,121.525,113.567,53.3087,37.6608,84.8841,21.0761
3120,117.136,119.456,117.571,52.6806,36.2849,83.1485,21.341
3150,118.406,118.969,117.251,53.9415,37.0429,85.2976,21.8358
3180,115.992,118.434,115.911,52.1921,36.3701,85.9359,21.46
3210,117.755,121.684,116.198,54.1174,35.4946,83.4773,22.0203
3240,116.571,117.709,114.899,54.1483,36.5286,83.0079,21.8245
3270,117.374,123.11,114.755,52.6973,36.9932,87.295,21.9412
3300,118.32,120.67,117.89,54.6011,36.599,86.565,21.6777
3330,115.947,120.221,118.237,54.0266,35.5262,85.312,21.9994
3360,115.613,123.112,116.235,54.5694,35.891,84.2523,22.0115
3390,116.545,121.497,114.612,55.2033,35.1689,85.8389,21.6548
3420,115.935,121.373,114.347,52.0078,36.1002,81.5342,21.2485
3450,113.911,119.766,118.58,54.1373,35.913,79.2589,20.9284
3480,113.165,123.945,115.497,53.5656,36.3263,75.7811,20.7293
3510,111.679,120.73,118.107,53.4205,36.1355,74.7218,19.7666
3540,113.576,122.536,114.627,52.0762,36.134,70.3499,19.7732
3570,111.587,119.81,116.07,52.0068,37.2826,68.346,18.9022
3600,110.894,123.014,116.599,52.7168,36.5474,63.5012,18.7482
3630,108.183,123.936,118.579,54.4804,36.2317,63.5455,18.2591
3660,107.466,122.942,116.456,54.9645,36.2488,63.5386,18.1127
3690,105.812,124.061,118.59,54.9387,36.6809,65.4495,17.4915
3720,105.287,120.104,118.025,54.0448,36.3351,62.3378,16.9547
3750,106.314,124.228,114.797,52.7235,36.9647,65.637,16.8328
3780,105.459,118.467,117.817,54.6746,36.6575,66.3161,16.8967
3810,104.448,121.428,118.28,52.0693,37.4996,66.8648,16.4373
3840,103.582,120.531,118.236,52.4087,36.6368,67.1153,16.393
3870,106.433,121.944,116.233,53.5473,35.2401,66.9275,16.3098
3900,103.823,118.642,118.04,55.4733,35.9588,70.6129,16.722
3930,106.668,123.257,117.96,55.3295,36.0564,67.3546,16.6182
3960,106.08,118.088,117.582,52.1574,36.4947,68.3232,16.7766
3990,106.279,122.114,115.6,52.825,36.7723,69.1701,16.7525
4020,105.884,118.51,117.834,52.365,36.6559,72.5427,16.568
4050,103.908,122.89,117.984,52.0968,35.4693,71.9964,15.6539
4080,83.2286,96.2375,96.5772,53.6849,35.5655,71.1625,15.3965
4110,83.8026,97.9329,95.4216,53.4132,36.4071,71.2557,15.725
4140,84.541,100.262,92.7487,53.606,37.2658,75.5017,15.3149
4170,83.0069,96.4416,93.8736,53.7674,37.7095,73.119,15.4795
4200,81.9171,95.4693,97.1453,54.4282,35.4743,75.3753,15.2159
4230,84.1144,98.6389,94.7611,51.9754,36.6981,83.1264,15.5256
4260,83.258,100.593,92.7629,52.7775,37.8197,84.3327,15.424
4290,82.3052,99.1649,96.819,52.6096,36.0196,88.9138,15.6876
4320,82.6189,98.7496,95.0515,54.3851,37.3117,92.5379,15.6884
4350,82.1856,95.7515,96.6155,54.9812,37.5317,94.4096,15.4724
4380,78.7955,93.6477,91.7359,54.3383,35.6017,96.1729,12.1027
4410,79.3335,97.0083,92.7886,54.0962,36.0301,101.413,12.0274
4440,77.327,96.9683,89.7955,53.0802,35.5906,100.088,12.1654
4470,77.0722,91.0313,91.614,52.4228,36.2451,102.32,12.0542
4500,78.1212,93.0455,89.9444,51.9802,36.247,103.058,11.9763
4530,77.5507,95.4488,89.0366,54.2169,36.2714,100.541,12.1118
4560,78.1192,94.4033,88.8098,52.4984,36.1057,99.4036,12.2036
4590,77.2644,95.3973,88.6954,52.5907,37.3259,103.466,11.9317
4620,76.4557,92.0991,90.6722,54.2931,36.1395,100.228,11.6939
4650,76.3162,92.9569,91.6399,53.5294,37.982,100.322,11.9854
4680,78.0404,92.7705,91.74,52.6219,36.9406,99.8748,12.2179
4710,77.8541,92.0287,89.017,53.2525,36.1603,103.343,11.6635
4740,76.9718,92.9323,91.5003,55.1289,37.233,103.881,12.0698
4770,76.9766,94.9571,89.049,52.6022,36.315,102.926,11.7893
4800,78.4976,93.8433,90.3751,53.0072,35.951,100.495,12.1212
4830,78.7488,93.2805,89.0991,54.469,35.2296,102.77,12.0588
4860,77.3796,93.3124,90.974,51.9035,35.9359,102.692,11.9825
4890,76.8345,96.2,91.8481,55.0145,35.8214,99.6618,12.2273
4920,76.2262,94.0437,89.6129,52.8954,35.58,99.5669,12.185
4950,79.2807,92.1768,91.1225,53.2322,35.4761,99.5044,12.0241
4980,70.1139,84.7227,81.0811,52.0189,35.3401,102.138,9.97668
