Time,FC,PAS,PAM,PAD,temp,SpO2,FR
-1,96,131,95,71,36.9327,98,23
0,105.6,144.1,104.5,71,36.4156,98,25.3
30,104.497,146.728,105.691,71,35.8986,98,24.7517
60,104.342,141.906,106.679,71,35.3815,98,25.6651
90,107.109,145.588,101.937,71,34.8645,98,25.125
120,103.267,143.111,102.786,71,34.3474,98,25.5314
150,106.908,147.279,107.033,71,33.8303,98,25.3645
180,107.704,143.668,104.065,71,33.3133,98,24.7881
210,106.619,143.671,103.402,71,32.7962,98,24.9888
240,105.075,147.485,106.901,71,32.2792,98,25.6906
270,107.024,141.677,102.789,71,31.7621,98,25.0404
300,106.258,142.617,103.125,71,31.2451,98,25.1557
330,103.817,140.889,106.198,71,30.728,98,24.6746
360,116.892,143.198,114.833,71,30.2109,98,25.4632
390,114.483,143.282,115.641,71,29.6939,98,25.5596
420,118.54,144.571,117.042,71,30.0998,98,25.1919
450,116.913,142.898,117.376,71.71,30.8067,98.98,25.7894
480,108.063,148.151,103.448,73.1562,31.8433,100.953,25.5296
510,107.296,148.451,103.872,73.3972,31.3893,96.1365,26.1292
540,108.411,144.344,104.854,71.9895,32.038,93.342,24.7563
570,104.968,114.178,85.4916,56.2785,32.2111,90.2065,24.061
600,102.786,113.506,82.6654,58.5499,33.2907,86.9526,24.0411
630,102.799,117.512,85.077,57.6059,32.2548,87.363,23.2532
660,104.535,119.142,84.6592,57.4088,32.7579,84.9214,22.0716
690,102.292,117.587,86.6122,57.3068,34.3721,79.2559,22.493
720,91.8491,110.425,70.9609,52.2836,33.6061,75.9526,21.9581
750,85.1276,97.8477,46.0269,49.8876,34.34,76.08,21.5006
780,81.8449,98.01,49.488,49.5667,34.985,97.7267,20.5676
810,81.2363,98.7337,49.8474,48.3298,36.2753,93.8957,19.4303
840,80.0782,127.992,69.478,63.7857,36.7036,89.8392,19.6099
870,82.2694,129.289,69.877,61.9452,36.8598,87.5418,19.2234
900,80.485,125.032,68.3649,62.3115,37.4184,83.4667,18.5016
930,77.2531,124.893,69.2156,64.2617,38.0614,80.9508,19.4082
960,82.9245,130.109,68.6522,63.0399,37.9251,81.0764,19.123
990,84.478,133.491,88.694,62.1669,38.5291,77.0086,19.0188
1020,86.0975,133.422,88.3776,61.2201,37.4188,77.4753,18.8128
1050,87.8182,129.583,89.9467,63.8934,38.2565,71.6209,19.1837
1080,78.024,123.573,76.515,57.5246,38.6893,68.2582,18.1907
1110,86.2,123.581,84.9058,54.4423,38.2095,64.4271,20.2134
1140,85.4128,120.699,81.3166,51.3624,37.4617,63.1545,20.0543
1170,85.3743,120.902,85.5195,52.37,38.3867,60.1069,20.0907
1200,85.1041,123.735,81.5126,54.3912,38.1979,58.8001,20.2484
1230,104.33,150.304,100.833,51.8028,38.1507,52.5698,24.3978
1260,89.4495,130.323,84.5741,53.8884,37.6905,51.6076,25.3147
1290,91.5606,135.553,88.0947,51.5514,37.2067,50.2972,24.843
1320,93.0341,130.364,86.0723,52.2721,38.4418,50.2502,24.5462
1350,78.9282,109.973,77.6174,51.2216,37.6051,51.4608,18.88
1380,82.0884,114.102,76.0693,52.0931,37.0751,50.1689,18.6596
1410,102.508,140.19,101.125,51.4932,38.5812,50.9489,23.8964
1440,108.1,153.938,110.014,54.4118,38.0917,48.3684,26.0127
1470,112.841,162.663,112.291,54.3883,37.619,51.7581,27.7478
1500,114.67,161.98,110.42,53.7982,38.4778,48.9579,27.8477
1530,95.5198,126.58,87.9387,52.6259,37.0826,51.2602,22.3833
1560,89.9956,130.944,91.9735,51.3533,37.1673,48.8122,22.9674
1590,94.7514,130.628,88.8887,52.1232,37.8908,50.1603,21.9625
1620,95.6544,130.148,88.3483,53.7595,37.5817,48.2039,22.3338
1650,78.1817,110.852,77.2878,51.9934,37.8594,49.6298,19.2247
1680,78.8842,106.953,74.3154,53.7303,38.4517,51.5076,19.0785
1710,75.1921,105.928,77.7939,54.3674,38.098,51.8373,18.3081
1740,76.4799,108.311,75.4449,52.1012,38.566,49.4179,19.3542
1770,77.0855,109.051,76.1314,53.5842,36.9146,51.8254,19.2537
1800,86.3053,118.052,84.2171,52.4439,37.811,50.7551,20.1241
1830,67.9786,95.5414,69.1224,53.1726,37.8158,50.1929,20.6087
1860,66.9409,95.1984,67.7947,53.3224,38.3186,52.0534,21.1274
1890,70.1738,94.3739,69.1664,52.0432,38.2829,48.8376,21.1997
1920,70.7805,93.1815,69.0354,53.3774,37.53,49.2205,21.2685
1950,65.3619,92.1674,64.4397,53.0719,37.5376,51.7758,20.149
1980,65.4933,95.1077,67.3891,52.5292,38.1816,48.1945,21.2793
2010,69.2957,92.5692,69.1513,53.1646,37.3153,50.8186,21.0508
2040,66.4684,98.9825,68.4258,51.8345,36.7778,50.1014,21.0523
2070,68.3588,98.4893,68.7522,53.2997,38.228,51.4658,20.1941
2100,67.1929,96.9856,65.4629,52.6801,36.7316,51.1813,21.0513
2130,85.783,119.766,83.5075,53.3603,38.3217,50.5099,20.608
2160,82.2421,115.361,84.6151,53.1243,36.97,50.8299,21.322
2190,82.1949,114.775,82.0403,54.2283,36.6824,48.9472,20.9639
2220,86.0485,114.01,82.2883,52.2598,37.9398,51.3399,21.3153
2250,85.3666,117.12,82.0045,53.8325,37.2687,48.9555,20.845
2280,82.4572,119.898,81.9884,53.5474,36.8422,49.8694,20.6601
2310,82.769,114.433,84.4468,53.7058,37.1408,49.7718,21.1081
2340,82.8963,118.797,78.9654,52.5119,38.039,50.329,21.2556
2370,83.9886,115.863,81.2834,52.7577,38.0694,52.0324,20.6312
2400,82.0064,114.858,82.0961,53.4062,36.6583,47.7602,20.7601
2430,82.1262,117.19,81.8361,53.6647,37.6964,49.6009,20.9081
2460,80.5687,119.762,84.6046,52.8081,37.5936,52.2685,21.4502
2490,83.2341,117.233,81.9101,51.4804,38.0414,51.9533,21.0663
2520,84.8725,119.281,83.1243,51.2745,36.4452,48.7113,21.2233
2550,81.2076,115.482,84.4527,52.7294,37.9058,49.6059,20.5616
2580,83.4097,119.517,82.0659,53.1156,37.7195,49.9255,21.6644
2610,82.5658,116.638,83.8092,54.2066,38.1811,49.129,21.5804
2640,85.5999,114.998,81.6354,53.4269,36.4241,48.3255,21.2307
2670,80.8153,116.316,80.7401,51.9443,37.6277,48.6882,21.2209
2700,83.5531,118.171,83.6616,51.3248,37.2597,49.0166,21.1381
2730,76.7679,111.546,77.9176,53.3782,36.7582,49.5049,18.8876
2760,85.425,119.911,89.9463,55.963,38.0596,51.6981,19.2478
2790,84.042,123.494,90.1373,60.2156,37.0527,50.9892,18.6807
2820,84.9012,130.269,93.4982,62.3618,37.3791,51.0717,19.1974
2850,84.9895,123.589,89.7579,61.387,37.7608,51.7884,19.5552
2880,84.8243,125.557,90.7049,61.2573,36.2497,51.6556,18.8814
2910,90.2972,128.787,89.1081,63.6987,37.5394,50.3592,18.4421
2940,85.4149,126.019,90.1911,61.2022,36.6604,49.0217,19.5676
2970,89.778,124.358,91.7823,63.7816,36.3449,52.042,18.8474
3000,91.0633,130.061,89.959,63.7598,36.3138,51.3083,18.7988
3030,87.2025,128.973,92.2221,60.4543,36.7278,51.8662,18.4973
3060,87.7396,127.884,88.5006,60.8159,37.5163,49.657,19.0146
3090,94.4192,129.938,89.9548,63.2375,37.5354,52.2069,19.5244
3120,94.4587,130.869,88.6983,62.8813,37.2898,49.6282,19.3903
3150,93.8784,125.982,93.6084,63.1214,37.5417,49.1979,19.1845
3180,90.3746,128.379,92.9135,60.7449,37.8409,48.9419,18.6044
3210,94.2094,126.951,91.8556,62.8645,36.121,47.7764,19.0808
3240,94.996,131.202,89.7732,62.7598,37.4019,43.4835,19.052
3270,92.687,130.56,88.3903,60.901,35.9688,44.9396,19.8822
3300,95.1546,129.205,92.4665,63.7306,36.2328,41.3344,18.908
3330,91.2137,127.927,89.8917,63.5388,37.3933,41.7344,19.7268
3360,94.6953,131.215,88.7583,62.9244,37.4575,37.5446,19.6065
3390,93.5046,131.709,93.2214,60.5683,36.5651,38.1997,19.3622
