Time,FC,PAS,PAM,PAD,temp,SpO2,FR
-1,66,147,103,82,37.1599,97,15
0,72.6,161.7,113.3,82,36.6397,97,16.5
30,71.6099,157.743,114.158,82,36.1194,97,16.4953
60,71.5857,159.861,111.384,82,35.5992,97,16.385
90,73.814,158.129,114.845,82,35.079,97,16.634
120,72.6675,157.844,113.105,82,34.5587,97,16.1437
150,73.2321,164.805,110.712,82,34.0385,97,16.2011
180,71.8595,161.919,111.302,82,33.5183,97,16.2324
210,72.3884,164.901,113.001,82,32.998,97,16.8224
240,74.2772,165.307,115.839,82,32.4778,97,16.2164
270,72.2338,160.375,111.478,82,31.9575,97,16.3825
300,74.1642,162.87,111.842,82,31.4373,97,16.535
330,71.1908,164.433,110.867,82,30.9171,97,16.7028
360,79.4749,159.502,125.195,82,30.3968,97,16.7098
390,80.7021,164.065,125.528,82,29.8766,97,16.5156
420,73.9622,165.156,126.393,82,31.0638,97,16.7678
450,72.9611,162.499,123.179,80.8913,32.8169,98.7395,15.9828
480,71.6137,164.18,113.597,82.7136,33.2726,95.2752,16.1999
510,72.4793,164.428,115.753,83.0965,35.0632,100.787,16.236
540,74.1236,160.973,113.079,82.5321,35.4948,96.1441,15.8761
570,70.4688,135.232,88.0664,64.8919,36.6683,97.2279,15.3036
600,70.7733,126.125,93.9786,65.4251,37.0812,91.9634,15.4878
630,70.89,134.032,89.0658,64.3014,36.4932,86.4234,15.079
660,69.0821,123.615,90.9465,64.9826,37.2986,84.6388,14.6207
690,70.7037,127.461,87.4292,64.4255,37.0137,82.5721,14.0135
720,96.3538,66.6433,90.2208,39.7874,37.4307,80.2966,13.633
750,98.0722,69.8635,89.8298,39.0044,36.4431,88.8789,13.8423
780,95.6949,63.3411,90.2606,40.4952,37.2937,84.0966,12.7887
810,93.8421,61.6171,86.2831,39.4869,37.0201,79.5273,12.8864
840,94.1393,68.6655,108.537,55.4471,37.5374,77.5427,12.6283
870,93.0173,60.8085,114.796,54.0659,37.3454,72.4287,12.2814
900,93.1908,63.7566,111.086,57.3092,36.0699,68.9983,12.2141
930,92.7535,70.0941,112.82,56.8061,38.104,68.4742,13
960,92.499,93.7115,114.471,56.945,37.4667,62.9896,12.6025
990,93.7728,103.745,111.012,57.2036,37.6491,62.5973,12.1908
1020,92.0633,93.8116,115.724,57.1263,36.4055,56.2647,12.105
1050,94.796,94.6819,112.982,57.1485,35.8221,55.3396,12.7989
1080,95.991,100.902,116.227,55.2421,37.3033,50.4898,12.6651
1110,93.9891,99.5389,115.107,57.5708,36.5678,46.3915,12.7958
1140,93.4831,101.209,113.291,54.4612,36.7087,45.5264,12.4564
1170,96.1322,96.6305,113.8,56.5483,37.4478,40.9877,12.2641
1200,93.7693,99.0102,113.317,56.3187,36.9708,37.1876,12.8466
1230,66.3232,141.575,113.992,72.1373,36.9437,34.1113,12.3236
1260,59.4221,125.808,95.6212,60.8423,37.0905,31.5261,12.6712
1290,55.0507,116.92,64.8346,62.0799,37.3028,28.9345,12.8461
1320,54.9994,112.632,63.3942,63.5676,37.4504,79.4208,12.4454
1350,54.4125,115.648,67.1983,63.9968,38.1156,75.2778,12.0907
1380,55.4025,110.87,63.3456,62.8112,38.2441,78.2835,12.5119
1410,53.671,110.949,65.3234,61.032,37.4745,78.6967,11.8722
1440,54.0552,117.411,64.0176,62.3715,38.3198,75.7235,12.522
1470,53.0901,117.904,64.1506,62.5809,37.6307,77.9932,11.7729
1500,53.6902,113.019,66.2197,63.8593,37.5192,83.3911,12.35
1530,56.3407,112.469,91.4819,62.6278,37.0456,79.8059,11.9921
1560,56.802,113.79,89.8636,61.869,37.8734,82.2476,12.1105
1590,57.4105,110.936,91.1411,62.3689,37.7142,79.4,11.7956
1620,52.7651,107.025,78.8986,52.0786,38.6035,80.0206,12.1296
1650,57.5778,106.844,86.8767,51.4652,38.1582,83.5803,13.3756
1680,57.6682,102.567,86.2316,53.6048,35.6156,82.3869,12.9786
1710,57.4431,102.65,89.1382,53.5009,37.2705,80.2319,12.9458
1740,59.4736,108.411,87.6989,54.1351,38.4288,83.3603,12.7223
1770,71.2575,126.123,104.762,52.113,37.427,80.9818,15.564
1800,60.5337,109.456,96.737,51.6759,37.9616,82.7085,15.3069
1830,62.3106,109.16,99.7454,53.3622,38.2273,79.8389,15.7865
1860,62.3953,109.965,98.8584,52.8202,37.0547,82.5687,15.3776
1890,61.8144,110.546,98.3724,52.8867,38.4068,83.8387,15.3301
1920,61.2084,111.111,97.4938,51.1797,38.0607,79.827,15.5087
1950,61.5811,109.861,100.855,51.5298,38.259,87.4584,15.5256
1980,62.3096,106.819,100.25,52.1497,37.1737,85.6001,15.3729
2010,60.8239,110.364,99.3598,51.56,37.1798,84.4871,15.927
2040,61.2944,107.59,100.662,54.5085,37.5596,84.7245,15.8371
2070,72.3997,124.835,112.924,51.8507,36.7828,86.1715,17.1651
2100,73.2046,125.966,109.474,52.7658,37.6891,86.4046,17.2436
2130,71.4576,125.025,109.201,54.0974,37.0365,86.928,16.5604
2160,72.3983,127.588,113.496,54.3395,36.6228,86.6627,16.6451
2190,71.4678,127.061,110.543,52.7536,37.1727,85.0538,16.5698
2220,70.9901,126.75,111.265,54.3419,37.2781,87.7258,16.7824
2250,71.1705,130.034,109.585,54.3126,37.1722,88.1172,17.1646
2280,71.5758,129.87,112.35,54.2055,36.1421,83.5906,16.8764
2310,72.9324,126.254,113.21,54.4995,36.1276,88.4327,16.8663
2340,72.348,127.142,110.444,53.2824,36.6554,88.1848,17.1568
2370,70.6661,124.423,112.265,52.004,38.137,84.0338,16.7734
2400,71.9903,129.423,109.67,53.2995,35.922,83.8883,16.5533
2430,72.0187,130.442,113.439,53.8565,37.3183,84.5776,17.1611
2460,71.7074,127.471,110.937,54.6814,37.2304,87.613,17.141
2490,71.7893,127.433,109.128,52.4287,35.8105,86.9679,17.0576
2520,73.3685,129.658,110.298,51.624,35.9507,84.4241,16.9673
2550,76.265,133.542,114.307,52.9677,36.3235,85.3174,17.3717
2580,75.4552,138.012,115.087,53.9135,36.0631,86.4674,17.4564
2610,77.8039,137.028,117.457,51.0912,37.8922,87.0298,17.573
2640,76.8665,132.672,117.145,53.1386,36.0311,84.2703,17.5265
2670,75.928,135.887,113.824,52.1561,36.2551,87.5634,17.062
2700,76.3731,134.729,116.885,53.003,37.1283,84.331,17.3451
2730,75.5416,133.646,114.985,54.3282,36.9769,86.8976,17.2678
2760,75.771,136.73,117.183,53.0471,36.55,84.8533,17.6914
2790,76.909,136.003,113.812,53.1174,35.3259,86.8229,17.3372
2820,76.2766,136.259,117.448,54.5703,37.1844,85.7214,17.065
2850,76.1101,138.841,117.449,51.4738,36.4558,85.9519,17.1945
2880,76.0315,135.485,116.593,54.6456,36.1094,87.9995,17.0294
2910,76.9459,133.522,115.63,53.5644,35.8553,84.085,17.3782
2940,77.75,133.296,114.982,54.173,37.1481,87.9442,17.3909
2970,77.9056,138.599,115.781,54.6906,36.2543,84.4507,17.5969
3000,77.1385,139.374,116.521,51.5831,36.3424,83.9772,17.4638
3030,77.9845,137.358,114.287,55.0252,37.4635,85.8968,17.5653
3060,78.9371,142.157,117.373,54.1923,37.3333,84.7411,18.0673
3090,78.5474,141.702,117.697,54.7986,36.3115,86.8133,18.2914
3120,79.9873,138.603,117.797,54.6739,36.2198,85.7652,18.8635
3150,78.8498,140.576,119.157,52.8445,35.5185,83.9545,18.9478
3180,78.5302,140.161,116.416,52.0799,35.7788,87.449,19.1623
3210,78.9167,138.596,116.238,53.0764,36.5657,88.1364,19.9007
3240,78.6899,139.643,118.558,53.1018,35.2303,84.9076,19.9673
3270,80.4035,137.034,119.128,55.1577,36.9852,86.1534,20.4129
3300,78.7179,141.758,118.733,53.8533,36.0014,85.6468,20.3489
3330,79.1721,138.013,115.215,51.8273,36.3331,82.6794,20.0896
3360,77.0842,141.214,118.75,53.8599,35.9582,75.8428,20.217
3390,75.3978,143.406,118.013,53.4898,36.2024,73.1883,19.9215
3420,77.0429,143.02,119.732,52.1263,36.8898,73.4588,19.4664
3450,74.0674,142.23,116.768,52.3018,36.2099,69.5865,18.9253
3480,76.407,138.953,118.59,54.1565,36.4682,65.7724,18.7107
3510,75.9079,143.278,119.344,53.8223,34.4577,66.0791,18.6671
3540,76.2259,143.169,119.884,52.7084,37.2637,61.4774,18.2932
3570,74.9854,143.255,115.544,52.3529,35.8311,57.3366,17.2462
3600,76.1078,137.184,118.686,52.2916,36.0478,55.7506,17.2292
3630,76.2975,139.893,115.96,55.2444,35.3789,54.4402,16.6026
3660,73.9793,142.68,117.888,54.6733,35.7022,51.1104,16.4196
3690,74.726,142.565,116.25,52.4996,36.1364,46.1055,16.6042
3720,76.8158,137.175,117.351,53.0571,36.3573,46.6619,16.4071
3750,77.0273,137.898,115.182,54.7082,36.3745,39.7387,16.5588
3780,78.4097,141.727,115.402,52.512,37.3602,37.7111,17.0417
3810,78.764,140.441,115.634,55.3321,35.1369,35.0325,16.8033
3840,78.1678,142.143,119.631,53.3532,37.4033,33.206,16.4991
3870,77.0015,140.382,119.856,52.5501,35.1916,30.3367,17.1288
3900,79.3534,140.573,116.207,53.9013,35.8381,30.8962,17.0398
3930,79.967,141.011,119.346,55.34,36.4701,31.7536,16.6409
3960,79.7441,140.406,118.981,54.0624,35.6153,33.4335,16.6693
3990,79.3109,142.373,118.107,52.0345,36.1693,30.3794,16.8721
4020,78.7871,139.136,116.391,54.9158,37.213,34.1794,16.9586
4050,78.2633,142.068,119.679,52.677,36.4644,33.9303,16.6636
4080,64.1261,112.136,93.7282,52.3819,35.9427,37.0234,16.4773
4110,64.4673,110.605,94.659,54.605,36.0319,39.7423,16.7783
4140,64.4731,114.155,95.5841,54.2989,36.1195,43.204,16.706
4170,62.015,111.047,92.1773,55.0123,36.616,47.1323,16.4268
4200,61.7638,115.835,94.7925,54.3231,34.8356,48.2734,16.1572
4230,62.608,114.18,95.991,53.7824,35.5097,52.8324,16.3345
4260,64.6,110.425,96.7233,53.1827,36.4228,54.8479,16.7121
4290,63.7677,110.613,95.2876,52.6569,36.4171,60.5377,16.7768
4320,62.3425,110.807,94.7949,52.8739,36.3907,62.3586,16.6336
4350,62.9971,110.465,93.1675,54.5134,36.3831,64.1182,16.4356
4380,60.8325,111.017,91.9147,53.3212,36.9939,68.2992,12.7528
4410,58.8152,110.185,90.0301,55.165,34.7823,74.5321,12.9291
4440,59.1734,106.722,91.4437,53.8867,34.6775,75.1593,13.0516
4470,59.0034,107.523,89.5936,53.9784,35.2864,77.2824,13.3456
4500,59.4317,109.772,89.9074,54.5796,36.9135,85.1132,13.3294
4530,59.7974,106.532,92.2283,53.9382,36.3373,88.7126,13.1268
4560,58.4784,108.938,89.2509,52.1725,36.6826,90.4325,13.3463
4590,61.3833,110.925,90.7763,52.1229,36.0766,90.6713,13.1474
4620,59.5888,107.156,90.2939,52.3104,35.1618,94.1243,13.0034
4650,60.617,110.647,88.5284,52.1266,35.6885,100.784,13.1216
4680,60.7554,104.25,91.7533,53.5638,36.1359,99.2417,13.0078
4710,59.6746,104.292,90.96,54.4326,36.6836,99.1071,13.3788
4740,58.6343,110.21,88.7908,52.0489,35.3332,99.8637,12.6492
4770,58.9122,108.748,88.6695,54.5352,37.4056,99.0757,13.0391
4800,61.0765,105.448,88.2645,53.0953,36.4329,101.312,12.6729
4830,59.8877,107.396,91.8543,51.9831,35.0031,97.3125,12.7919
4860,58.6524,105.615,89.4806,53.0086,36.7858,98.8274,13.0956
4890,59.9985,107.525,89.904,52.7088,36.5357,100.994,12.8307
4920,61.3457,109.928,91.105,53.8325,35.9149,100.102,13.2549
4950,61.3168,107.001,92.3573,51.979,37.2776,98.373,13.1688
4980,52.3816,96.6565,78.9669,53.8147,35.968,97.9273,11.389
