Time,FC,PAS,PAM,PAD,temp,SpO2,FR
-1,106,113,70,55,36.5239,93,25
0,116.6,124.3,77,55,36.0125,93,27.5
30,116.291,126.134,75.7441,55,35.5012,93,27.4116
60,114.543,121.768,78.6571,55,34.9899,93,28.1827
90,114.864,123.619,76.9725,55,34.4785,93,27.413
120,116.918,125.983,78.6005,55,33.9672,93,27.8941
150,116.568,125.313,75.9416,55,33.4559,93,27.0579
180,114.506,126.605,78.8191,55,32.9445,93,27.6174
210,118.048,121.499,77.6814,55,32.4332,93,27.4046
240,117.634,122.518,78.2323,55,31.9219,93,27.4779
270,117.223,122.688,76.0594,55,31.4105,93,26.8387
300,115.499,122.141,77.6971,55,30.8992,93,26.9595
330,117.84,123.784,78.8353,55,30.3879,93,28.0208
360,127.059,124.169,86.5279,55,29.8765,93,28.1025
390,127.686,126.388,83.5453,55,29.3652,93,27.9628
420,129.458,125.008,83.2596,55,33.1826,93,27.8222
450,132.342,125.232,87.2021,55.55,37.3318,93.93,27.9693
480,120.711,123.462,78.7754,56.0966,37.4659,94.9754,27.6188
510,116.79,126.186,78.432,56.3515,37.5223,99.4493,28.3932
540,116.744,128.562,78.9272,55.8862,36.8867,98.4447,27.1534
570,118.106,100.06,63.2408,44.4949,36.6736,96.3901,27.0471
600,112.863,102.67,61.2531,43.3371,37.464,95.0228,26.2922
630,111.192,99.4557,62.6576,42.8393,36.2827,90.3083,25.7966
660,112.551,100.91,60.1946,44.1256,37.2814,89.4423,24.3968
690,114.094,97.3067,61.5322,43.7024,38.0948,87.0312,24.0223
720,104.763,86.7458,56.9128,39.6683,37.7772,84.6199,22.9529
750,94.3366,86.9134,35.7221,38.3874,36.8362,85.0973,22.5888
780,90.369,84.026,31.7356,36.438,36.5018,88.6102,21.6502
810,86.562,84.6767,33.6569,37.3206,36.612,89.5209,22.0647
840,87.9856,108.912,34.2416,37.5765,37.8519,86.5653,21.0566
870,87.4376,109.859,33.5298,38.4256,37.2586,84.5706,20.277
900,83.9098,109.334,48.2916,36.6163,37.9581,80.265,20.454
930,85.7467,111.747,50.809,38.461,37.9718,79.8496,20.5239
960,87.6819,112.927,48.2449,48.9978,38.3108,82.2656,20.3212
990,92.163,113.94,65.0013,48.7736,37.7223,80.2606,20.0035
1020,93.693,110.423,67.0464,49.6332,38.5184,75.4166,19.4557
1050,90.5332,115.656,63.7275,49.8486,38.4363,76.777,19.9766
1080,86.8428,94.8478,61.1881,43.9319,37.9496,72.1377,20.4728
1110,92.033,102.806,63.1152,40.9682,37.079,72.4606,21.2752
1140,93.7395,102.515,64.2873,40.229,37.8093,69.4446,21.3361
1170,92.6089,103.418,62.8299,41.1782,37.7612,66.8742,21.9252
1200,92.149,100.66,61.9557,41.0496,37.7854,66.4774,22.1606
1230,110.005,126.654,76.6898,40.541,37.3986,66.2114,27.065
1260,97.228,108.308,68.0829,42.1502,36.9911,61.8804,26.1028
1290,98.4144,109.843,65.3857,42.1739,37.6925,60.0482,26.595
1320,100.769,109.034,68.6216,40.2068,38.4807,58.0646,26.9371
1350,85.2362,96.2595,57.6688,40.7513,37.7924,62.5061,20.7847
1380,88.0072,98.0677,58.1265,40.0407,38.0001,59.3214,19.8371
1410,112.518,125.026,72.9957,40.2834,38.0367,59.3644,25.213
1440,118.497,135.842,80.8197,42.4305,37.7962,60.4531,27.4544
1470,122.915,138.789,85.2454,41.7585,37.173,59.2097,28.2864
1500,124.897,136.611,85.1067,41.0054,37.0517,59.6316,28.9482
1530,102.873,112.006,68.9447,40.9125,37.3451,61.7319,23.8319
1560,104.13,114.711,69.575,39.8214,38.1341,59.9101,22.9639
1590,99.6358,113.549,67.2497,41.5448,37.3766,58.8263,23.4957
1620,101.372,110.244,68.6483,40.3522,37.6033,60.2991,23.9137
1650,86.9938,96.3172,57.5268,40.7176,37.1451,63.0186,20.6533
1680,85.0643,94.9262,57.0541,41.0429,37.9253,59.8153,19.9398
1710,84.1764,94.2955,57.4933,41.528,37.3871,62.4613,19.6549
1740,86.2133,96.2189,58.2321,40.3591,36.9694,60.2271,19.8624
1770,85.6297,95.0191,55.9078,40.3082,37.2996,61.2403,20.0216
1800,93.6948,103.02,62.2255,39.9458,36.8854,62.9473,21.9417
1830,76.3403,80.3165,48.5647,40.1567,37.9187,62.0799,22.2939
1860,71.6565,82.6191,48.7657,41.8041,37.2979,63.1296,21.1337
1890,74.6026,80.9388,50.1112,40.0359,38.2873,62.0364,21.6157
1920,72.8324,80.8312,52.0298,41.9022,37.8411,60.4852,22.3764
1950,76.4073,81.0406,50.0538,41.2372,37.2742,61.6071,22.1468
1980,71.6223,81.3827,50.4203,39.9864,38.0364,62.2411,22.3474
2010,72.2131,83.6458,51.7449,41.489,38.1943,60.5364,22.213
2040,76.3587,79.885,48.5891,39.7262,37.0478,59.1545,22.2654
2070,77.3457,82.2427,51.0223,41.6644,37.7871,59.6652,21.5072
2100,71.5221,84.4372,48.0662,39.9293,36.6713,61.4598,21.399
2130,92.8054,99.8889,59.2194,39.688,38.2783,63.248,22.3125
2160,92.6087,100.001,60.7268,41.3657,37.1962,61.4068,22.2695
2190,91.3487,101.969,60.7546,41.2497,36.6046,59.4686,21.789
2220,91.962,100.05,61.2442,41.8081,36.6725,61.4007,22.596
2250,88.35,98.7594,59.1389,39.7813,37.2379,59.3578,21.4486
2280,89.5935,98.417,61.8111,40.226,37.1576,59.3392,22.5223
2310,92.1015,102.217,60.699,40.7562,36.9888,62.8152,22.7318
2340,89.5053,104.284,59.8883,39.9138,37.0193,62.4566,22.5881
2370,89.9444,100.099,61.8732,41.3377,37.248,62.3221,22.2831
2400,92.8418,103.473,61.7232,40.325,38.1233,60.4522,21.9958
2430,89.2178,100.934,59.8802,39.8509,36.6339,61.8385,22.0242
2460,89.9737,101.17,60.5921,41.841,37.2958,61.7282,22.6048
2490,92.5118,100.539,61.8996,40.3339,37.718,60.7186,22.5627
2520,88.3785,99.0015,60.861,39.8088,36.3967,59.3909,21.7848
2550,93.418,101.004,61.8695,40.4102,38.073,63.1459,21.8492
2580,87.6453,101.614,62.147,41.0508,36.4617,59.5641,21.7777
2610,90.9058,102.952,59.4745,40.7423,36.656,62.7265,22.2615
2640,93.1759,99.6702,60.7963,39.9508,37.0405,63.0427,21.5955
2670,89.956,98.4356,60.6714,40.7239,37.2159,59.3426,22.2908
2700,90.0664,98.6346,62.9448,41.0902,37.3577,62.1919,22.8001
2730,86.3533,97.0512,56.7402,40.3767,37.4023,60.6705,20.2834
2760,92.3,107.678,61.2558,45.1593,36.9917,62.0359,20.6067
2790,97.3094,110.063,64.8453,47.2114,37.1969,60.751,20.3403
2820,92.3832,109.788,66.2341,48.0115,37.0425,60.0369,20.0585
2850,92.7538,112.783,65.321,48.9163,37.5363,60.3629,20.6856
2880,95.0715,111.176,68.2529,47.6696,37.653,63.4092,21.3091
2910,94.4482,110.806,65.2962,47.5471,36.3019,58.8433,22.5222
2940,97.3387,109.242,66.5352,49.4541,37.5597,61.5432,23.0198
2970,94.9661,111.911,68.0837,48.6036,37.3237,62.0174,23.5776
3000,96.1302,106.686,68.2312,47.3109,37.168,60.6523,24.2256
3030,96.2004,108.946,68.6371,47.0759,35.8755,62.3724,24.5751
3060,93.5903,111.421,65.7183,47.195,36.1425,60.3784,24.7657
3090,92.4994,112.37,68.5753,48.4956,37.2027,60.4944,25.5612
3120,95.4577,106.863,69.2266,47.475,35.9041,61.3866,26.3611
3150,96.8431,112.528,65.9643,48.0934,36.38,62.8833,27.1229
3180,93.9574,110.551,65.8912,48.5304,36.5262,59.5413,27.4313
3210,95.4175,109.679,65.6042,48.6873,36.5486,62.4119,26.7934
3240,93.2539,108.498,68.7577,48.7976,35.5996,61.6777,26.7592
