Time,FC,PAS,PAM,PAD,temp,SpO2,FR
-1,86,133,90,70,36.5167,100,16
0,94.6,146.3,99,70,36.0055,100,17.6
30,94.3491,148.458,97.3852,70,35.4942,100,17.5434
60,92.9313,143.32,101.131,70,34.983,100,18.0369
90,93.1914,145.499,98.9646,70,34.4718,100,17.5443
120,94.8577,148.281,101.058,70,33.9605,100,17.8522
150,94.5742,147.493,97.6392,70,33.4493,100,17.3171
180,92.9013,149.012,101.339,70,32.9381,100,17.6751
210,95.7747,143.003,99.876,70,32.4268,100,17.5389
240,95.4385,144.202,100.584,70,31.9156,100,17.5858
270,95.1054,144.403,97.7906,70,31.4044,100,17.1767
300,93.707,143.759,99.8962,70,30.8931,100,17.2541
330,95.6063,145.693,101.36,70,30.3819,100,17.9333
360,103.085,146.146,111.25,70,29.8707,100,17.9856
390,103.594,148.758,107.415,70,29.3594,100,17.8962
420,105.032,147.134,107.048,70,33.1797,100,17.8062
450,107.372,147.396,112.117,70.7,37.3318,101,17.9004
480,97.9351,145.314,101.283,71.3956,37.4659,102.124,17.676
510,94.7545,148.52,100.841,71.72,37.5222,99.4078,18.1717
540,94.7171,151.316,101.478,71.1279,36.8866,98.4699,17.3782
570,95.8218,117.77,81.3096,56.6299,36.6735,96.4077,17.3101
600,91.5683,120.841,78.754,55.1563,37.4639,95.0878,16.827
630,90.2124,117.059,80.5597,54.5227,36.2827,90.1689,16.5098
660,91.3149,118.77,77.3931,56.1598,37.2814,89.3881,15.6139
690,92.5668,114.529,79.1128,55.6212,38.0947,86.946,15.3742
720,84.9962,102.099,73.1736,50.487,37.7771,84.5035,14.6898
750,76.5373,102.296,45.9284,48.8567,36.8362,85.1673,14.4568
780,73.3183,98.8979,40.8028,46.3757,36.5018,95.5704,13.8561
810,70.2296,99.6638,43.2731,47.4989,36.6119,96.7,14.1214
840,71.3846,128.189,44.0249,47.8247,37.8519,93.6723,13.4762
870,70.94,129.303,43.1098,48.9053,37.2586,91.6779,12.9773
900,68.0778,128.685,62.0891,46.6026,37.958,87.1986,13.0906
930,69.5681,131.525,65.3258,48.9503,37.9717,86.9023,13.1353
960,71.1382,132.914,62.0291,62.3609,38.3108,89.7028,13.0055
990,74.7738,134.107,83.5731,62.0755,37.7223,87.6972,12.8023
1020,76.0151,129.966,86.2025,63.1695,38.5184,82.6341,12.4516
1050,73.4515,136.126,81.9353,63.4437,38.4363,84.2424,12.785
1080,70.4574,111.635,78.6704,55.9133,37.9496,79.3994,13.1026
1110,74.6684,121.001,81.1481,52.1414,37.079,79.892,13.6161
1140,76.0528,120.659,82.6551,51.2005,37.8092,76.7945,13.6551
1170,75.1356,121.723,80.7813,52.4086,37.7612,74.1761,14.0321
1200,74.7624,118.476,79.6573,52.2449,37.7854,73.8949,14.1828
1230,89.2498,149.07,98.6011,51.5977,37.3986,73.7543,17.3216
1260,78.8831,127.478,87.5351,53.6456,36.9911,69.2395,16.7058
1290,79.8457,129.284,84.0673,53.6758,37.6925,67.4116,17.0208
1320,81.7559,128.332,88.2277,51.1723,38.4806,65.2739,17.2397
1350,69.1539,113.297,74.1456,51.8652,37.7924,70.0447,13.3022
1380,71.4021,115.425,74.7341,50.9609,38,66.6153,12.6957
1410,91.2884,147.155,93.8516,51.2698,38.0366,66.6567,16.1363
1440,96.1393,159.884,103.911,54.0024,37.7962,67.8224,17.5708
1470,99.7239,163.353,109.601,53.1471,37.1729,66.4805,18.1033
1500,101.331,160.79,109.423,52.1887,37.0517,66.9293,18.5269
1530,83.4632,131.83,88.6432,52.0705,37.345,69.1827,15.2524
1560,84.4832,135.014,89.4535,50.6818,38.1341,67.2189,14.6969
1590,80.8366,133.646,86.4639,52.8752,37.3766,66.0485,15.0373
1620,82.2453,129.757,88.262,51.3573,37.6033,67.6273,15.3048
1650,70.5799,113.364,73.963,51.8224,37.145,70.5465,13.2181
1680,69.0145,111.727,73.3552,52.2364,37.9252,67.0972,12.7615
1710,68.2941,110.985,73.9199,52.8538,37.387,69.9374,12.5791
1740,69.9466,113.249,74.8698,51.3661,36.9694,67.5302,12.712
1770,69.4732,111.837,71.8815,51.3014,37.2995,68.6197,12.8138
1800,76.0165,121.254,80.0042,50.8401,36.8853,70.4551,14.0427
1830,61.9365,94.5318,62.4403,51.1086,37.9186,69.5224,14.2681
1860,58.1364,97.2419,62.6987,53.2052,37.2979,70.6511,13.5256
1890,60.5266,95.2642,64.4286,50.9548,38.2873,69.4756,13.8341
1920,59.0904,95.1376,66.8955,53.33,37.841,67.8076,14.3209
1950,61.9908,95.384,64.3548,52.4838,37.2742,69.0141,14.1739
1980,58.1087,95.7868,64.8261,50.8918,38.0363,69.6957,14.3023
2010,58.588,98.4504,66.5292,52.8042,38.1942,67.8627,14.2163
2040,61.9514,94.024,62.4717,50.5607,37.0477,66.3768,14.2498
2070,62.7522,96.7989,65.6001,53.0274,37.7871,66.9259,13.7646
2100,58.0273,99.3818,61.7994,50.8191,36.6713,68.8557,13.6953
2130,75.2949,117.568,76.1392,50.512,38.2782,70.7785,14.28
2160,75.1353,117.701,78.0772,52.6472,37.1961,68.7986,14.2525
2190,74.1131,120.017,78.113,52.4996,36.6045,66.7146,13.945
2220,74.6107,117.758,78.7425,53.2103,36.6724,68.7921,14.4614
2250,71.6802,116.239,76.0357,50.6307,37.2379,66.5954,13.7271
2280,72.6891,115.836,79.4714,51.1967,37.1575,66.5755,14.4143
2310,74.7238,120.309,78.0415,51.8715,36.9887,70.3131,14.5484
2340,72.6175,122.742,76.9992,50.7994,37.0193,69.9275,14.4564
2370,72.9738,117.816,79.5512,52.6116,37.2479,69.7828,14.2612
2400,75.3245,121.786,79.3584,51.3228,38.1232,67.7722,14.0773
2430,72.3843,118.799,76.9888,50.7193,36.6339,69.2628,14.0955
2460,72.9976,119.076,77.9041,53.2522,37.2957,69.1443,14.4671
2490,75.0567,118.334,79.5852,51.3341,37.718,68.0587,14.4401
2520,71.7033,116.524,78.2498,50.6658,36.3966,66.631,13.9423
2550,75.792,118.881,79.5465,51.4312,38.0729,70.6687,13.9835
2580,71.1085,119.599,79.9033,52.2465,36.4616,66.8172,13.9378
2610,73.7537,121.173,76.4672,51.8539,36.656,70.2176,14.2474
2640,75.5955,117.311,78.1666,50.8464,37.0404,70.5576,13.8211
2670,72.9832,115.858,78.006,51.8304,37.2158,66.5791,14.2661
2700,73.0727,116.092,80.929,52.2966,37.3576,69.6428,14.5921
2730,70.0602,114.229,72.9517,51.3885,37.4023,68.0069,12.9814
2760,74.8849,126.736,78.7574,57.4755,36.9916,69.4751,13.1883
2790,78.9492,129.544,83.3725,60.0872,37.1969,68.0935,13.0178
2820,74.9525,129.22,85.1581,61.1055,37.0425,67.3256,12.8374
2850,75.2531,132.745,83.9841,62.2572,37.5362,67.6761,13.2388
2880,77.1335,130.854,87.7537,60.6703,37.653,70.9517,13.6378
2910,76.6278,130.418,83.9522,60.5145,36.3019,66.0422,14.4142
2940,78.9729,128.577,85.5452,62.9416,37.5596,68.9453,14.7327
2970,77.048,131.718,87.5361,61.8592,37.3236,69.4552,15.0897
3000,77.9925,125.569,87.7257,60.2139,37.168,67.9873,15.5044
3030,78.0494,128.229,88.2477,59.9148,35.8754,69.8369,15.728
3060,75.9318,131.142,84.495,60.0664,36.1424,67.6928,15.85
3090,75.0467,132.259,88.1682,61.7216,37.2026,67.8175,16.3592
3120,77.4468,125.777,89.0056,60.4227,35.904,68.7769,16.8711
3150,78.5708,132.444,84.8113,61.2097,36.38,70.3862,17.3586
3180,76.2296,130.118,84.7172,61.766,36.5262,66.7927,17.556
3210,77.4143,129.092,84.3482,61.9657,36.5486,69.8794,17.1477
3240,75.2247,126.401,88.0608,62.106,36.1113,69.0899,16.8703
3270,75.5412,126.651,87.1817,59.5381,35.9872,69.3904,17.3321
3300,76.6459,129.461,85.2044,62.1781,36.1077,67.4993,17.265
3330,77.5063,128.742,85.7797,59.9492,37.5194,67.7358,17.6636
3360,76.8638,127.417,85.9984,61.2304,35.6793,70.9989,17.4522
