Time,FC,PAS,PAM,PAD,temp,SpO2,FR
-1,86,190,134,111,36.5239,98,18
0,94.6,209,147.4,111,36.0125,98,19.8
30,94.3491,212.083,144.996,111,35.5012,98,19.7364
60,92.9313,204.742,150.572,111,34.9899,98,20.2915
90,93.1914,207.855,147.347,111,34.4785,98,19.7373
120,94.8577,211.83,150.464,111,33.9672,98,20.0838
150,94.5742,210.704,145.374,111,33.4559,98,19.4817
180,92.9013,212.875,150.882,111,32.9445,98,19.8845
210,95.7747,204.29,148.704,111,32.4332,98,19.7313
240,95.4385,206.003,149.759,111,31.9219,98,19.7841
270,95.1054,206.29,145.599,111,31.4105,98,19.3238
300,93.707,205.37,148.734,111,30.8992,98,19.4108
330,95.6063,208.132,150.913,111,30.3879,98,20.175
360,103.085,208.78,165.639,111,29.8765,98,20.2338
390,103.594,212.511,159.93,111,29.3652,98,20.1332
420,105.032,210.191,159.383,111,33.1826,98,20.032
450,107.372,210.566,166.93,112.11,37.3318,98.98,20.1379
480,97.9351,207.591,150.799,113.213,37.4659,100.082,19.8855
510,94.7545,212.172,150.141,113.728,37.5223,99.4197,20.4431
540,94.7171,216.166,151.089,112.789,36.8867,98.4627,19.5505
570,95.8218,168.243,121.061,89.7989,36.6736,96.4027,19.4739
600,91.5683,172.63,117.256,87.4621,37.464,95.0692,18.9304
630,90.2124,167.226,119.944,86.4574,36.2827,90.2087,18.5735
660,91.3149,169.671,115.23,89.0534,37.2814,89.4036,17.5657
690,92.5668,163.613,117.79,88.1994,38.0948,86.9703,17.296
720,84.9962,145.856,108.947,80.0579,37.7772,84.5368,16.5261
750,76.5373,146.138,68.3823,77.4727,36.8362,85.1473,16.2639
780,73.3183,141.283,60.7509,73.5385,36.5018,93.5818,15.5881
810,70.2296,142.377,64.4288,75.3197,36.612,94.6489,15.8866
840,71.3846,183.126,65.5482,75.8363,37.8519,91.6418,15.1607
870,70.94,184.718,64.1856,77.5498,37.2586,89.6473,14.5995
900,68.0778,183.836,92.4438,73.8984,37.9581,85.2176,14.7269
930,69.5681,187.892,97.2629,77.6212,37.9718,84.8873,14.7772
960,71.1382,189.877,92.3544,98.8865,38.3108,87.5779,14.6312
990,74.7738,191.581,124.431,98.4339,37.7223,85.5725,14.4025
1020,76.0151,185.666,128.346,100.169,38.5184,80.5719,14.0081
1050,73.4515,194.465,121.993,100.604,38.4363,82.1094,14.3831
1080,70.4574,159.479,117.131,88.6625,37.9496,77.3246,14.7404
1110,74.6684,172.859,120.82,82.6813,37.079,77.7688,15.3181
1140,76.0528,172.37,123.064,81.1894,37.8093,74.6945,15.362
1170,75.1356,173.889,120.274,83.1051,37.7612,72.0899,15.7862
1200,74.7624,169.251,118.601,82.8456,37.7854,71.7757,15.9556
1230,89.2498,212.958,146.806,81.8192,37.3986,71.5992,19.4868
1260,78.8831,182.112,130.33,85.0667,36.9911,67.1369,18.794
1290,79.8457,184.691,125.167,85.1145,37.6925,65.3078,19.1484
1320,81.7559,183.332,131.361,81.1446,38.4807,63.2141,19.3947
1350,69.1539,161.852,110.395,82.2435,37.7924,67.8908,14.965
1380,71.4021,164.893,111.271,80.8094,38.0001,64.5313,14.2827
1410,91.2884,210.221,139.735,81.2993,38.0367,64.5732,18.1533
1440,96.1393,228.406,154.712,85.6324,37.7962,65.7169,19.7672
1470,99.7239,233.361,163.184,84.2762,37.173,64.4032,20.3662
1500,101.331,229.699,162.919,82.7563,37.0517,64.8442,20.8427
1530,83.4632,188.329,131.98,82.5689,37.3451,67.0539,17.159
1560,84.4832,192.877,133.186,80.3669,38.1341,65.1307,16.534
1590,80.8366,190.923,128.735,83.845,37.3766,63.9851,16.9169
1620,82.2453,185.367,131.412,81.438,37.6033,65.5335,17.2179
1650,70.5799,161.949,110.123,82.1756,37.1451,68.3957,14.8704
1680,69.0145,159.61,109.218,82.8319,37.9253,65.0166,14.3567
1710,68.2941,158.55,110.059,83.8111,37.3871,67.8014,14.1515
1740,69.9466,161.784,111.473,81.452,36.9694,65.4436,14.301
1770,69.4732,159.767,107.024,81.3493,37.2996,66.5113,14.4155
1800,76.0165,173.22,119.117,80.6178,36.8854,68.31,15.798
1830,61.9365,135.045,92.9666,81.0436,37.9187,67.396,16.0516
1860,58.1364,138.917,93.3514,84.3683,37.2979,68.5022,15.2163
1890,60.5266,136.092,95.927,80.7997,38.2873,67.3502,15.5633
1920,59.0904,135.911,99.5999,84.5662,37.8411,65.7155,16.111
1950,61.9908,136.263,95.8172,83.2242,37.2742,66.8978,15.9457
1980,58.1087,136.838,96.5189,80.6998,38.0364,67.5658,16.0901
2010,58.588,140.643,99.0545,83.7324,38.1943,65.7695,15.9934
2040,61.9514,134.32,93.0134,80.1748,37.0478,64.3133,16.0311
2070,62.7522,138.284,97.6713,84.0863,37.7871,64.8514,15.4852
2100,58.0273,141.974,92.0125,80.5845,36.6713,66.7426,15.4073
2130,75.2949,167.955,113.363,80.0976,38.2783,68.6269,16.065
2160,75.1353,168.144,116.248,83.4835,37.1962,66.6867,16.034
2190,74.1131,171.452,116.302,83.2494,36.6046,64.6443,15.6881
2220,74.6107,168.226,117.239,84.3763,36.6725,66.6803,16.2691
2250,71.6802,166.056,113.209,80.2858,37.2379,64.5275,15.443
2280,72.6891,165.48,118.324,81.1834,37.1576,64.508,16.216
2310,74.7238,171.87,116.195,82.2534,36.9888,68.1708,16.3669
2340,72.6175,175.346,114.643,80.5533,37.0193,67.793,16.2635
2370,72.9738,168.309,118.443,83.427,37.248,67.6512,16.0439
2400,75.3245,173.981,118.156,81.3832,38.1233,65.6808,15.837
2430,72.3843,169.713,114.628,80.4263,36.6339,67.1416,15.8574
2460,72.9976,170.108,115.991,84.4428,37.2958,67.0254,16.2755
2490,75.0567,169.049,118.494,81.4011,37.718,65.9615,16.2452
2520,71.7033,166.463,116.505,80.3414,36.3967,64.5624,15.6851
2550,75.792,169.829,118.436,81.5552,38.073,68.5193,15.7314
2580,71.1085,170.856,118.967,82.848,36.4617,64.7449,15.68
2610,73.7537,173.105,113.851,82.2254,36.656,68.0773,16.0283
2640,75.5955,167.587,116.381,80.6279,37.0405,68.4105,15.5488
2670,72.9832,165.511,116.142,82.1881,37.2159,64.5115,16.0494
2700,73.0727,165.846,120.494,82.9274,37.3577,67.514,16.4161
2730,70.0602,163.184,108.617,81.4874,37.4023,65.9108,14.604
2760,74.8849,181.051,117.261,91.1397,36.9917,67.3497,14.8369
2790,78.9492,185.062,124.132,95.2811,37.1969,65.9957,14.645
2820,74.9525,184.599,126.791,96.8958,37.0425,65.2431,14.4421
2850,75.2531,189.635,125.043,98.722,37.5363,65.5867,14.8937
2880,77.1335,186.934,130.656,96.2058,37.653,68.7967,15.3425
2910,76.6278,186.311,124.995,95.9586,36.3019,63.9854,16.216
2940,78.9729,183.681,127.367,99.8074,37.5597,66.8304,16.5742
2970,77.048,188.169,130.332,98.0909,37.3237,67.3301,16.9759
3000,77.9925,179.384,130.614,95.482,37.168,65.8916,17.4424
3030,78.0494,183.184,131.391,95.0077,35.8755,67.7042,17.694
3060,75.9318,187.346,125.804,95.2481,36.1425,65.603,17.8313
3090,75.0467,188.941,131.273,97.8728,37.2027,65.7253,18.4041
3120,77.4468,179.682,132.519,95.8131,35.9041,66.6654,18.98
3150,78.5708,189.206,126.275,97.0611,36.38,68.2426,19.5285
3180,76.2296,185.883,126.134,97.9432,36.5262,64.7209,19.7505
3210,77.4143,184.417,125.585,98.2598,36.5486,67.7459,19.2912
3240,75.2247,180.573,131.113,98.4823,36.1113,66.9722,18.9791
3270,75.5412,180.93,129.804,94.4104,35.9873,67.2667,19.4986
3300,76.8927,186.453,127.791,98.5966,35.6039,65.4142,19.7314
