Time,FC,PAS,PAM,PAD,temp,SpO2,FR
-1,69,142,102,80,36.9263,99,16
0,75.9,156.2,112.2,80,36.4093,99,17.6
30,74.7946,155.518,111.254,80,35.8923,99,18.0089
60,74.3297,159.005,113.38,80,35.3754,99,17.7261
90,75.435,159.552,111.717,80,34.8584,99,17.5942
120,77.0453,153.282,112.975,80,34.3414,99,17.5921
150,74.4559,157.558,112.268,80,33.8245,99,17.3801
180,75.1063,157.845,113.108,80,33.3075,99,17.5109
210,76.2299,158.63,110.847,80,32.7905,99,17.5635
240,77.5716,155.654,111.576,80,32.2736,99,17.4122
270,77.2198,159.279,111.707,80,31.7566,99,17.2935
300,77.7096,157.591,114.021,80,31.2396,99,17.4491
330,76.8077,153.655,109.62,80,30.7226,99,17.8332
360,84.7184,155.281,123.595,80,30.2057,99,17.7142
390,83.6459,157.145,120.698,80,29.6887,99,17.2949
420,74.733,158.732,109.667,80,29.9498,99,17.6943
450,77.6123,156.147,112.097,80.8,30.5104,99.99,17.8472
480,77.706,155.207,115.582,80.8774,30.5337,102.222,18.1467
510,75.2743,159.447,114.536,80.8791,30.7161,99.1654,17.5131
540,77.6118,156.208,115.093,82.7363,30.8455,97.5944,17.1042
570,74.9946,124.055,93.0697,66.0018,31.6809,95.6542,16.6624
600,73.0257,122.546,88.7435,63.1285,31.5725,93.0446,16.2542
630,73.6723,129.431,88.2126,63.0476,31.3675,93.0691,16.098
660,71.6684,124.322,87.7189,63.7826,31.4602,87.7132,16.0696
690,73.0721,128.686,90.5529,62.6887,32.556,89.0037,15.1891
720,70.1358,116.353,74.3638,53.8872,32.0992,84.8239,15.2845
750,62.6779,110.17,46.7634,54.1527,33.6304,83.78,14.6921
780,59.5638,107.585,49.6689,55.5751,33.871,100.039,14.2913
810,59.4252,103.293,48.9065,55.6879,34.2823,99.8007,14.1973
840,60.7343,109.739,47.0658,53.5995,33.9172,99.1435,13.2976
870,59.2626,103.903,46.2108,55.6323,34.8328,95.4682,12.8103
900,58.9553,106.915,47.8228,69.227,34.0781,94.8672,13.1594
930,58.3659,109.07,47.2255,72.3636,35.2195,89.025,13.4158
960,60.482,140.123,70.4866,69.8896,35.7806,93.7942,13.7293
990,63.9836,143.085,94.5453,70.2852,35.5019,93.1755,13.8441
1020,63.775,138.121,92.1181,72.1613,35.5351,88.3244,13.2935
1050,63.561,143.691,91.8834,72.2747,36.6127,90.4923,13.8489
1080,60.5083,130.775,81.9696,59.682,36.9998,85.5341,13.3131
1110,63.1236,126.653,86.9574,58.0339,37.1905,86.6377,14.7263
1140,63.1646,129.47,88.2766,58.3663,37.0465,83.9334,15.2147
1170,65.3516,130.821,87.8914,60.4783,37.104,81.6696,14.8152
1200,63.1145,128.132,88.8571,61.7394,37.9636,79.3879,14.7067
1230,78.0663,155.009,109.54,58.8537,37.525,80.172,17.8158
1260,66.5121,144.923,94.637,60.8725,38.1222,74.787,18.3358
1290,67.0227,145.341,95.3605,59.7283,37.3057,73.4361,17.6581
1320,67.3473,144.933,94.2107,61.713,38.4249,73.2698,18.376
1350,58.5043,117.406,81.3192,59.6541,38.5303,73.0746,14.129
1380,56.9988,121.006,84.9073,60.0173,37.598,76.4488,13.7641
1410,72.7087,154.242,104.883,60.184,37.5267,78.0348,17.2159
1440,79.7056,162.465,112.86,61.2947,38.096,77.0499,19.2813
1470,82.2333,171.804,119.217,61.0426,37.3405,73.4033,19.5963
1500,84.7245,165.54,120.325,58.0659,38.5594,77.7077,19.91
1530,66.6565,137.765,98.9285,58.3666,37.4923,78.3542,16.2829
1560,68.1517,141.136,98.2291,60.7302,37.0873,77.7758,16.1596
1590,68.5379,138.421,96.1808,60.8536,37.8444,73.86,16.1311
1620,68.5923,134.087,98.3635,59.5466,37.2323,76.8957,16.0754
1650,59.7954,117.948,80.2072,61.6069,37.142,78.1183,13.3314
1680,56.6057,119.122,82.2687,60.7346,38.551,76.0625,13.3868
1710,58.7048,114.69,83.5487,59.3631,38.7353,75.434,13.1108
1740,56.9098,115.195,81.6614,61.5318,37.8391,75.7657,13.3014
1770,57.6504,112.386,82.4976,59.6722,37.9999,78.0295,13.3457
1800,63.3959,128.449,88.9608,61.4401,38.0265,74.7855,14.8798
1830,49.9299,102.053,68.9136,58.8129,38.6745,78.8948,14.8872
1860,51.6786,99.5297,72.7755,58.7634,38.1961,75.6878,14.4641
1890,48.9257,102.815,71.3346,60.6412,38.2935,75.142,14.4682
1920,49.5035,97.4656,71.6347,61.4684,38.2883,78.5828,15.0421
1950,49.5982,97.6769,70.8926,60.7274,38.1616,75.8773,15.189
1980,50.7124,99.9275,71.8482,59.7603,38.0861,75.2366,14.9641
2010,49.6338,101.758,73.3596,59.6906,37.4081,75.3003,14.4722
2040,48.5004,100.985,70.336,59.0958,37.8289,77.8312,14.5236
2070,49.3991,102.56,74.212,60.1592,38.2286,75.6708,14.595
2100,50.0069,102.758,70.0369,57.9708,36.9349,77.754,14.7888
2130,62.1819,128.836,85.1446,57.9128,37.8787,78.9447,15.0491
2160,62.7753,122.847,87.4482,61.3666,38.152,78.2947,14.7897
2190,60.4756,125.863,86.159,59.8669,37.3526,75.6404,14.6932
2220,59.7113,126.143,86.0029,59.6995,37.4506,76.72,15.0639
2250,61.0895,123.214,89.5018,58.2396,37.2958,74.7155,14.7282
2280,62.7503,121.909,87.246,60.6526,37.4464,74.7585,15.1341
2310,59.8995,120.936,88.1536,59.1711,37.9053,74.4141,15.3665
2340,63.0225,124.128,88.9958,61.696,36.8479,75.0335,14.9961
2370,61.1161,126.852,88.998,61.1305,36.788,78.194,15.4399
2400,60.7294,128.705,89.6678,58.4625,36.9022,76.7622,15.3835
2430,61.3204,126.479,86.3066,60.0754,37.9975,74.5474,15.4126
2460,60.7757,122.375,87.9271,58.8035,37.7746,76.7705,14.7979
2490,61.9813,126.933,87.3492,58.0533,37.5963,76.2508,15.3987
2520,61.5465,123.167,88.2962,61.2058,37.1424,77.7103,15.5059
2550,60.9044,123.212,88.6109,61.1512,38.4727,74.9602,14.9587
2580,62.1372,123.251,85.4001,61.8877,37.5222,78.5141,14.8403
2610,59.7946,124.514,86.3837,60.6706,37.0066,78.8803,15.297
2640,62.1965,124.267,87.4103,58.7444,37.9145,75.6725,14.6764
2670,63.1737,121.464,84.2284,59.1032,37.2653,78.0737,14.7437
2700,60.8477,128.905,86.7817,57.9329,37.1328,77.4801,14.6478
2730,58.5394,117.99,80.1238,61.1788,36.6608,77.1685,13.6035
2760,60.4334,127.729,93.8841,71.1336,36.6117,78.1715,13.2812
2790,66.0943,133.846,93.6605,70.1603,36.9827,75.0132,14.0188
2820,66.3301,132.632,93.2152,71.2319,36.561,76.8321,14.0065
2850,66.0028,134.596,97.9924,67.8485,38.0973,74.8716,13.9856
2880,68.9772,138.953,95.0379,68.2075,37.2642,77.1861,13.2865
2910,67.981,136.272,94.1552,68.3484,37.6634,76.0194,13.9854
2940,70.2304,137.338,97.4527,69.6145,37.585,78.4261,13.602
2970,69.9531,136.113,94.7488,71.605,37.7115,75.1402,14.177
3000,70.3217,135.701,97.9316,69.6748,36.7316,75.1783,13.8112
3030,71.1326,139.473,96.7797,67.9997,36.9392,78.163,13.4536
3060,73.1134,134.388,98.7233,71.185,37.8261,77.8208,13.5282
3090,71.7784,137.698,96.6367,68.1161,36.4294,78.4018,14.1632
3120,73.1085,133.486,98.4367,69.2631,37.1481,77.8743,13.9899
3150,72.7302,140.748,95.096,69.0546,37.7881,78.7719,13.5733
3180,70.8477,139.02,95.8249,68.4884,38.0018,76.2428,14.1526
3210,73.2223,134.464,94.3501,68.9297,37.6539,78.0652,13.5715
3240,73.559,138.365,94.6839,70.714,37.5246,75.0497,13.328
3270,71.0594,140.655,97.6283,71.6652,37.8256,74.7399,13.4923
3300,73.0439,133.568,96.0645,71.7744,37.5804,79.0234,13.3912
3330,74.2637,136.818,94.4294,70.2846,36.5878,75.4259,13.9254
