Time,FC,PAS,PAM,PAD,temp,SpO2,FR
-1,121,85,50,42,35.5549,92,27
0,133.1,93.5,55,42,35.0571,92,29.7
30,130.32,92.0841,55.7463,42,34.5593,92,29.1259
60,135.724,94.8443,54.7385,42,34.0615,92,29.0732
90,130.23,92.5341,55.6998,42,33.5638,92,30.2341
120,129.846,93.5353,54.8605,42,33.066,92,29.326
150,132.09,94.3302,55.3603,42,32.5682,92,30.4313
180,132.216,95.033,54.1491,42,32.0705,92,29.8249
210,131.449,93.3179,54.6498,42,31.5727,92,29.6374
240,134.649,92.7578,55.6882,42,31.0749,92,29.6088
270,132.094,94.6212,56.2241,42,30.5772,92,29.4318
300,130.081,95.7008,56.364,42,30.0794,92,30.0619
330,134.23,92.7893,55.1998,42,29.5816,92,29.1645
360,146.153,94.6101,60.7935,42,29.0839,92,30.2525
390,145.026,91.7609,59.7342,42,28.5861,92,30.358
420,132.859,95.6648,61.0257,42,28.8666,92,29.4155
450,135.948,95.8894,60.5257,42.42,29.4357,92.92,30.3288
480,134.32,93.3392,55.528,41.6872,29.8735,90.8002,29.2737
510,131.737,92.9707,55.4956,43.124,30.4057,101.077,29.5891
540,134.353,94.6878,55.2094,43.1982,30.386,102.565,29.8641
570,129.169,75.4997,44.4267,34.1933,30.6958,97.0933,28.5151
600,128.154,77.6601,44.0665,33.4775,30.0483,98.8474,27.7599
630,127.306,75.7219,44.7271,34.5154,30.7147,96.7042,26.6735
660,125.189,74.9557,45.4444,32.6431,31.1076,94.0528,25.9624
690,126.07,75.0072,43.059,32.6094,31.7842,91.5101,25.402
720,115.473,63.3547,42.208,29.1109,31.6898,88.7774,25.8775
750,105.111,63.2842,24.9028,28.3524,31.9306,87.2005,24.5636
780,106.261,62.4683,26.3403,28.2554,33.1952,90.111,24.3818
810,101.288,64.6075,24.5611,27.5753,32.5056,85.7988,23.6216
840,104.511,63.6931,25.5435,36.4424,33.6755,84.2541,23.0054
870,103.616,65.3254,24.5843,36.4545,33.0926,83.4574,22.9436
900,99.1023,65.2224,37.1613,37.209,34.4649,81.424,22.1441
930,98.1163,65.294,37.8021,36.6709,34.798,78.0448,22.6937
960,100.981,80.3839,35.8866,36.1621,34.6317,81.1034,23.2331
990,110.77,77.5204,49.436,37.7476,35.3588,77.298,23.4777
1020,105.777,80.3928,49.6031,36.9742,35.019,78.093,23.4645
1050,106.549,78.0384,47.2968,36.9066,36.0662,73.8108,23.0403
1080,101.263,66.9421,44.0101,31.3517,35.3308,74.1814,22.6707
1110,111.382,75.5547,46.0288,32.3378,36.5154,70.5953,25.2
1140,110.903,71.6234,46.6805,30.6077,36.4763,70.0585,24.9292
1170,106.578,75.5755,46.0914,31.6013,35.7841,68.559,25.5777
1200,105.63,73.247,46.5566,32.4937,37.0007,67.882,24.707
1230,133.958,87.7009,56.8796,32.3663,36.3713,67.3997,30.657
1260,118.471,71.3238,43.6559,32.2066,36.7339,64.8513,30.816
1290,117.477,71.7993,43.424,32.6418,36.8741,61.8423,30.3341
1320,112.453,75.6161,43.7697,30.7538,37.3018,63.1333,31.1194
1350,96.5863,67.2968,41.4031,32.6532,37.3538,63.6916,24.1071
1380,100.418,69.1464,42.1499,31.7393,37.8312,63.1262,23.3552
1410,131.625,87.7762,53.4028,32.1477,37.4301,60.9903,30.1761
1440,142.184,96.4704,58.1299,32.0679,37.4997,61.9207,33.0088
1470,148.804,97.2944,61.8663,30.6077,37.3847,64.5038,34.4495
1500,143.092,100.419,62.0037,32.1296,37.4217,61.2685,33.3929
1530,116.858,82.6414,50.4759,31.3743,37.1169,63.0991,26.6249
1560,114.453,82.1817,51.1975,32.1225,37.3952,64.596,27.0931
1590,115.87,79.742,49.3096,31.2116,37.2697,64.6004,26.9149
1620,115.152,82.2905,49.5782,31.2956,37.5743,60.6443,26.5571
1650,99.4433,67.6371,42.2765,32.3752,36.7596,64.5422,22.7614
1680,100.664,67.1648,41.5135,32.4973,36.9425,61.0122,22.9914
1710,95.7953,64.9086,40.6736,31.4063,36.9691,61.6049,23.0718
1740,95.5919,65.3873,43.5464,31.1152,36.2607,61.7725,22.9267
1770,100.978,66.127,42.5032,31.142,37.2971,65.0494,22.2191
1800,105.493,75.1568,45.7795,32.3276,36.7931,63.4973,25.3027
1830,90.081,59.5912,36.7126,32.5863,37.5494,62.3653,24.7198
1860,86.38,58.9594,35.6701,31.352,37.4694,65.1246,25.1339
1890,90.3715,57.1103,36.2283,32.1999,37.0232,64.3934,24.264
1920,85.9713,59.7574,36.0312,31.1121,37.1526,62.5937,24.3325
1950,84.7679,56.2721,38.0734,32.5293,37.4383,61.17,25.5063
1980,88.7021,58.436,36.2236,32.6031,36.1573,61.4463,24.6935
2010,90.6172,56.7711,38.4722,32.3535,36.6366,61.041,25.1125
2040,90.8925,60.4108,37.5368,31.0495,37.1763,63.9704,24.9199
2070,86.7784,56.764,37.2793,31.4853,36.27,62.0243,24.7352
2100,84.6829,58.0814,36.2556,32.0666,37.5818,62.3291,25.194
2130,102.789,72.1078,46.5031,30.6395,37.1542,64.6115,26.0972
2160,103.132,74.0598,44.9363,30.8349,37.4277,60.8394,25.3207
2190,106.236,73.1835,46.0015,32.6325,37.5206,62.0571,25.4024
2220,103.442,72.4261,45.7878,31.0867,35.8673,64.8284,26.2094
2250,102.358,70.8032,45.338,30.8284,37.3022,63.0429,25.029
2280,106.167,71.32,46.6043,32.1406,36.4012,62.5899,26.0849
2310,103.969,71.748,44.1085,32.4273,36.2296,65.0699,26.0622
2340,103.761,70.7715,44.2309,31.4781,37.4119,64.9322,25.7972
2370,108.826,73.5101,45.3553,30.6201,35.9928,61.3124,25.0154
2400,102.265,72.7109,44.3602,31.8666,35.8847,61.7214,25.325
2430,105.301,72.6652,44.1174,32.1316,36.0311,62.2295,25.7114
2460,105.21,70.9508,44.8718,32.037,36.847,63.5512,24.9803
2490,105.761,72.182,45.881,31.6957,36.5208,62.131,25.6229
2520,106.127,71.7627,45.5923,31.8542,36.0542,64.8324,25.1244
2550,104.043,70.1755,45.2003,32.1551,37.2752,63.8754,25.5207
2580,102.306,69.7087,43.7485,31.5771,36.44,62.8239,25.0496
2610,102.236,69.9898,44.33,31.729,37.0191,60.5853,24.917
2640,103.153,71.0066,45.3881,32.135,37.2479,61.7453,25.3123
2670,102.291,70.2003,45.174,31.2034,36.3313,60.8315,24.8706
2700,103.395,73.0764,45.0798,31.0033,37.2539,63.1375,26.4
2730,97.1145,65.251,43.3044,31.0813,36.0149,60.8365,24.754
2760,112.133,76.603,46.5929,35.5061,36.4429,62.5206,25.3033
2790,107.819,79.5604,47.4786,35.9865,37.2666,63.3012,25.5791
2820,107.483,79.4219,48.9823,36.2291,36.4687,60.7895,26.2007
2850,107.935,79.208,47.9137,36.4722,36.8863,60.6375,27.0173
2880,111.652,76.6572,48.7141,36.8906,35.9482,61.9331,27.5753
2910,109.802,79.7557,48.556,37.0588,36.4209,62.7982,28.6214
2940,107.807,76.6456,48.9169,36.322,37.0232,60.8608,28.8671
2970,107.098,76.8406,48.3349,36.2406,37.016,62.8975,29.572
3000,109.899,78.8004,49.11,35.7694,36.7897,65.1612,30.1268
3030,113.685,77.6801,49.0374,35.9663,37.5472,64.7018,30.9743
3060,112.764,78.2278,50.5844,36.7806,36.5177,62.718,31.0047
3090,112.528,79.0976,50.0034,36.1007,36.8773,60.7415,30.4475
3120,115.119,79.286,49.0823,37.0094,35.8055,65.087,30.7656
3150,118.42,81.4208,49.5916,36.3371,36.1458,61.0374,30.4444
3180,116.803,81.6374,49.3818,36.9235,36.3421,62.982,29.9306
3210,120.602,81.6804,48.3049,37.6296,36.5953,63.9699,29.3381
3240,116.253,81.7317,50.1634,36.6535,36.6005,59.7082,28.68
3270,119.344,78.0348,50.5518,36.1374,35.9158,60.0236,28.7193
3300,118.359,80.0105,47.9855,37.0792,36.6687,59.4371,27.6963
3330,122.065,77.6386,48.9669,37.2905,35.6904,58.2552,27.7279
3360,118.601,79.5955,50.1391,37.2056,36.421,57.1495,26.3623
3390,122.095,81.6463,48.8563,36.9584,34.9927,54.0005,26.6839
