Time,FC,PAS,PAM,PAD,temp,SpO2,FR
-1,61,96,66,54,35.9671,96,18
0,67.1,105.6,72.6,54,35.4635,96,19.8
30,66.7409,106.898,73.4222,54,34.96,96,19.7034
60,67.3733,105.638,74.3326,54,34.4565,96,19.46
90,66.4554,106.715,73.6128,54,33.9529,96,19.9515
120,67.0816,104.207,73.8526,54,33.4494,96,19.858
150,68.5996,105.65,70.8783,54,32.9458,96,20.0485
180,68.4476,103.296,72.5921,54,32.4423,96,20.0535
210,65.532,107.659,71.744,54,31.9388,96,19.3412
240,65.9812,104.222,73.496,54,31.4352,96,19.4626
270,67.4308,106.825,72.2167,54,30.9317,96,19.7733
300,65.4368,107.839,74.3477,54,30.4281,96,19.9506
330,68.0361,105.16,73.3792,54,29.9246,96,19.33
360,72.3432,103.374,81.4416,54,29.4211,96,20.1418
390,73.3456,104.301,78.4324,54,28.9175,96,19.6246
420,66.2267,107.169,78.3257,54,29.3216,96,19.3377
450,64.9439,106.039,79.025,54.6017,28.9064,97.8563,19.5876
480,68.487,102.543,72.7396,52.9985,29.6561,98.3736,19.4802
510,65.8487,105.498,72.7011,55.1196,30.7005,98.7543,19.6961
540,66.0231,101.932,72.9187,52.8798,30.6474,95.7617,20.206
570,68.8325,83.3744,57.9175,43.2896,31.5584,94.3355,19.2348
600,66.1936,89.0404,60.5808,44.0326,31.5981,89.8277,18.9981
630,64.6523,83.9705,57.5119,43.0225,32.3982,89.1653,18.7387
660,64.7266,82.859,58.581,44.2833,32.627,86.3403,17.9181
690,62.3516,86.2498,56.0303,43.6163,32.4062,84.1395,17.9247
720,87.3854,41.4494,56.0631,24.8136,33.3727,85.4405,17.0492
750,86.2583,44.0836,56.0134,26.5033,32.7898,95.4456,16.5167
780,88.4614,40.9644,58.6232,25.9966,34.1445,91.3447,16.0706
810,86.0048,43.1878,58.4704,25.6662,34.6994,93.273,15.1521
840,84.6541,38.4339,71.5965,26.7897,35.0574,89.0395,14.5892
870,84.8517,39.7493,70.8887,25.7237,34.6245,86.6492,14.6983
900,85.171,44.5986,70.6801,35.2886,36.81,85.4176,14.366
930,85.0813,41.2878,70.6893,37.5494,36.0609,82.2782,14.763
960,86.6988,61.2903,72.2212,36.0129,36.7971,80.9412,14.3078
990,86.0572,64.8835,74.9906,35.7676,37.2229,80.4707,14.4289
1020,86.3852,59.8222,73.9913,36.9075,36.901,77.1492,15.6414
1050,85.0415,62.6116,74.3175,37.5672,36.5366,74.5183,14.624
1080,84.4261,63.6124,74.7481,36.3735,37.1759,75.1395,15.3398
1110,85.4522,62.2771,73.1804,36.9582,37.1408,74.2177,14.3657
1140,85.4947,59.3923,73.687,36.2917,37.2106,69.1928,14.1381
1170,87.211,62.6054,71.6115,35.68,38.4701,68.3064,15.1629
1200,84.8958,59.2724,71.7571,35.8919,38.6174,66.2609,14.341
1230,59.3322,83.8336,72.6493,47.876,38.0708,63.6747,15.0908
1260,58.2617,74.7059,62.2708,43.6477,37.0412,64.1106,14.9255
1290,51.4616,68.8291,44.1493,40.106,37.1991,62.0748,15.3728
1320,51.0383,75.2472,43.3035,39.3452,37.4688,84.1919,14.6292
1350,52.9949,73.2911,45.9663,39.5443,37.1686,84.2457,14.3906
1380,52.4651,73.2932,45.8372,38.8335,37.2092,85.7506,15.2519
1410,52.0165,68.9888,45.0029,39.1509,36.5947,84.8872,15.5311
1440,52.4621,72.4704,44.9156,40.5995,37.8014,83.6023,14.7901
1470,52.0479,74.8741,43.029,40.0549,38.497,84.841,14.9905
1500,50.7072,72.0545,44.1886,40.8431,38.1892,86.8439,14.784
1530,56.1639,67.3191,60.926,41.145,36.9296,87.8172,14.5684
1560,54.4174,67.1268,62.2799,38.8717,37.6496,86.811,14.0828
1590,54.0037,71.2422,62.1983,40.7376,38.2496,91.2171,14.0354
1620,52.1283,59.6994,53.3253,35.9978,37.4301,89.8865,14.6373
1650,55.1051,65.5557,58.9034,32.8912,37.2918,90.3606,15.7704
1680,54.0388,63.2065,58.1764,34.4551,36.3765,91.0961,15.5973
1710,55.3827,63.7558,56.8171,35.0721,38.3728,87.327,16.3271
1740,56.3773,65.3984,56.9963,34.1215,37.1604,88.4545,15.8794
1770,68.5,79.6794,70.8253,34.653,37.8038,87.9587,19.7084
1800,60.0647,65.0033,62.2825,34.8483,36.6559,87.5025,19.335
1830,57.7169,62.5081,61.8774,34.5762,36.6959,90.4829,19.5964
1860,59.0867,65.7572,61.4971,34.5577,37.6833,88.2989,19.0401
1890,59.4682,66.1167,60.397,34.1711,36.2727,89.4989,18.8582
1920,60.1957,62.6807,63.2587,32.7707,36.7282,89.8083,19.5991
1950,57.8242,62.3825,62.0875,33.3691,37.1964,91.912,19.0269
1980,57.6058,64.2158,63.4265,34.3097,36.1598,95.8377,19.6272
2010,57.7323,66.4914,61.6592,33.6361,37.4679,93.6715,18.8767
2040,57.6659,63.8273,60.6584,34.7215,37.4437,94.5213,19.4003
2070,69.3013,75.3816,73.2107,33.9723,38.0339,95.1268,20.8084
2100,68.1454,77.9957,71.2201,34.3085,35.634,93.8634,20.3568
2130,67.0625,78.8717,72.1064,33.5556,36.9186,93.6056,20.2169
2160,67.9491,77.1128,73.0481,34.8378,36.6272,93.7904,20.2897
2190,68.8808,76.1695,72.3223,33.2135,36.5505,95.4608,21.0067
2220,67.0525,74.854,71.8531,33.0985,37.4663,93.0725,20.6003
2250,69.5958,78.5856,72.7826,34.7258,37.1638,95.5252,20.474
2280,69.1678,77.6604,70.8263,32.8647,36.5939,92.3016,21.0349
2310,66.6289,78.1384,70.542,33.6094,37.048,92.3824,20.4798
2340,69.873,77.5156,71.8121,33.3764,37.6913,94.7748,20.7109
2370,68.8128,76.5117,71.441,34.081,36.6148,95.5216,20.6088
2400,69.4803,79.1146,71.9257,32.7881,37.4162,95.7316,20.8069
2430,68.0926,78.898,73.5127,34.2291,36.9009,95.8336,21.006
2460,69.3566,76.1148,70.658,33.8378,36.7322,96.1918,21.0022
2490,67.3673,75.9163,71.5478,34.8947,36.3299,92.9406,20.5601
2520,67.2943,78.1826,71.6719,34.763,36.3729,93.6384,21.0897
2550,71.2691,82.2127,76.4226,32.8966,36.8791,95.8009,21.3066
2580,73.0754,84.8834,77.6469,35.0587,38.0001,95.1437,20.8664
2610,71.1543,80.7705,77.5914,34.4875,35.9211,91.925,21.4191
2640,73.7134,82.5284,75.9978,33.8113,37.917,93.1686,20.9073
2670,71.3728,84.29,75.1645,34.9233,35.4847,93.1011,20.9528
2700,70.5428,81.2685,74.8842,34.7013,36.567,95.3527,21.1964
2730,73.5611,83.4368,74.9325,33.4349,36.7399,95.574,21.729
2760,72.6067,81.2678,75.8677,33.8337,36.189,93.8829,21.2132
2790,72.2442,83.1172,75.7371,34.7996,37.0774,95.9561,21.5371
2820,73.1797,84.9088,76.5859,35.1498,36.7393,92.8688,21.5735
2850,73.7007,82.033,75.1779,35.0093,37.2455,95.0167,20.9987
2880,70.8101,80.7874,77.1393,33.3754,36.2462,94.0558,21.1216
2910,72.8421,84.4152,75.6717,33.9304,35.4628,91.747,21.0489
2940,70.4973,83.3737,75.7949,35.0206,37.0331,93.8765,21.665
2970,73.0159,83.3854,77.4945,33.792,36.1639,93.4105,21.3365
3000,72,85.7168,77.453,33.6041,35.2509,93.6396,21.6704
3030,73.6952,83.5997,75.946,33.9978,36.2606,94.0464,21.4599
3060,75.596,86.3582,78.2852,34.6438,36.5464,93.4539,21.9139
3090,74.3283,83.5246,77.522,35.052,36.6483,92.6608,22.0184
3120,75.3725,87.4596,77.5389,34.7228,35.9822,93.6707,21.1667
3150,74.6407,86.1698,78.4343,35.0028,38.0468,93.2373,21.7662
3180,76.914,86.6414,77.9091,35.0188,36.9993,94.6601,21.1468
3210,77.9738,86.88,79.566,33.7948,35.2453,92.7354,22.0331
3240,79.2126,84.9414,78.7101,33.2523,38.1166,92.3201,21.3182
3270,78.774,85.8299,79.8978,34.3557,35.9153,92.4498,21.3818
3300,80.6615,85.1325,80.0446,34.6346,35.6887,94.7262,22.067
3330,79.2981,85.0646,77.4771,34.8794,35.8831,94.584,21.5818
3360,80.442,83.5992,78.4234,34.9538,35.5669,94.2543,21.4436
3390,78.3108,86.7674,77.5815,34.7983,34.9974,92.4288,21.3176
3420,80.2065,86.8786,78.9164,35.2372,35.4475,90.0538,21.023
3450,79.669,87.159,78.4076,33.266,34.799,87.0138,21.2107
3480,77.3512,87.255,79.2244,33.5794,36.2074,89.1412,20.7822
3510,77.3708,83.2123,77.7747,33.9316,35.1698,86.6108,20.2664
3540,78.5098,87.358,80.0002,33.6933,35.7345,89.827,20.8487
3570,76.5907,84.9039,79.4611,34.8472,35.4548,88.4512,20.5988
3600,74.5299,84.6365,79.1832,34.3392,36.9683,85.7166,20.2577
3630,75.4788,84.4011,78.6631,35.3374,36.5192,90.2455,20.2406
3660,75.3121,87.3611,78.4241,35.0891,36.0622,88.0711,19.9985
3690,74.8484,84.2614,79.2471,33.4681,35.7932,88.8474,20.4426
3720,74.4871,84.504,80.1386,34.4155,35.9215,89.3267,20.7089
3750,73.2844,84.0865,77.8142,34.6873,34.794,90.0644,21.4495
3780,72.6624,84.3489,78.606,34.6585,37.3625,89.1447,21.137
3810,73.066,84.5471,78.7246,34.7343,35.8267,86.9291,21.015
3840,73.8086,83.552,79.547,33.7583,35.4704,89.3103,21.1258
3870,74.619,87.1596,77.0558,34.8649,36.0122,88.3864,20.8838
3900,72.6573,87.3459,79.438,34.9429,36.6426,87.1134,20.815
3930,74.5377,86.1735,79.3149,33.8413,37.3836,89.2807,20.9702
3960,75.4166,84.7066,78.5624,33.2002,36.0497,88.659,21.2428
3990,75.4112,85.061,77.6573,35.5572,35.916,87.3096,21.071
4020,73.9175,87.2074,77.2076,33.9479,35.0998,88.7575,21.6185
4050,75.1016,85.0461,78.0541,34.6032,37.4291,90.8382,21.671
4080,57.5686,68.9114,64.7814,35.262,35.6141,88.6982,21.0983
4110,59.7428,70.1268,62.7721,35.4709,35.3072,88.3523,21.4054
4140,58.1656,69.0289,64.8887,34.2202,35.8561,90.412,21.0867
4170,58.8124,69.7683,64.7075,34.0171,35.9605,91.8026,21.0216
4200,60.6041,68.0425,62.1487,33.9468,35.8934,95.5424,20.9079
4230,60.5698,71.7257,62.0523,33.3253,35.3841,97.6564,21.2701
4260,59.4246,70.391,64.8041,33.3262,36.4547,96.1283,21.137
4290,59.6331,68.5911,64.1181,35.2248,37.6985,94.6705,21.6657
4320,60.7284,68.0855,62.5265,34.1232,36.832,96.8001,21.2864
4350,59.6366,70.0705,63.7108,35.3966,36.3322,96.1934,21.2346
4380,57.5141,64.9416,61.016,34.9501,36.8289,94.6971,16.542
4410,55.0562,67.2066,62.5116,35.5476,35.602,98.382,17.0392
4440,55.2487,63.7137,59.499,34.7711,36.8357,95.0707,16.8786
4470,54.9708,66.9692,60.6148,35.2986,37.4454,95.8346,17.1379
4500,54.8317,67.4861,60.8733,34.305,36.5362,97.3155,17.129
4530,55.6268,66.4199,61.6094,35.3206,36.4275,96.8616,17.1289
4560,56.5179,66.2376,60.6151,33.9261,35.4317,98.2033,16.5089
4590,55.4542,64.4625,62.5,33.3924,36.5462,98.4235,17.3172
4620,54.9851,65.0704,60.6213,34.8766,37.6748,96.4399,16.4559
4650,56.6262,64.191,62.3585,33.4788,36.3256,98.5458,16.5424
4680,57.9803,64.8056,60.8504,33.1652,36.2055,94.968,17.3436
4710,56.1272,64.055,59.5374,33.8875,36.6178,95.4444,16.7952
4740,55.3425,66.5039,59.6825,35.5273,36.3705,94.4581,16.5261
4770,56.8171,68.1233,60.2258,33.6907,35.2622,96.1377,16.7242
4800,55.9543,67.5408,60.4582,33.3508,35.2804,94.5404,16.8475
4830,56.5117,63.974,61.7773,35.2525,37.8637,95.5595,16.5002
4860,56.5898,65.2107,59.5712,33.3958,36.0158,95.4933,16.8367
4890,58.0434,65.9594,61.491,33.9662,35.4954,97.5391,17.3398
4920,57.484,68.3539,59.4722,35.2546,35.2367,95.8144,17.3348
4950,55.1451,63.8175,61.8903,33.209,36.2257,95.01,16.9249
4980,49.4835,56.8619,54.8424,33.5024,36.355,97.189,14.057
