Time,FC,PAS,PAM,PAD,temp,SpO2,FR
-1,77,144,103,77,37.1093,100,15
0,84.7,158.4,113.3,77,36.5897,100,16.5
30,83.2059,154.499,111.194,77,36.0702,100,16.6503
60,86.2851,162.123,111.865,77,35.5507,100,16.5709
90,85.2484,155.798,111.265,77,35.0311,100,16.2323
120,85.6086,159.311,113.988,77,34.5116,100,16.4279
150,85.6417,155.093,113.384,77,33.9921,100,16.8597
180,82.8252,158.181,115.806,77,33.4725,100,16.4684
210,86.2489,156.218,112.919,77,32.953,100,16.1129
240,85.54,162.151,111.608,77,32.4335,100,16.6471
270,82.6445,154.824,112.135,77,31.9139,100,16.5356
300,82.7892,154.454,114.006,77,31.3944,100,16.8711
330,84.6985,154.696,112.865,77,30.8749,100,16.724
360,94.8797,155.094,127.391,77,30.3554,100,16.3689
390,92.6076,161.507,123.542,77,29.8358,100,16.6218
420,83.6276,160.341,125.692,77,30.5522,100,16.8898
450,82.7264,163.448,129.272,77.5239,31.2528,102.374,16.416
480,84.4752,159.692,113.905,76.908,31.4196,100.212,16.3927
510,81.8475,154.772,116.719,78.3075,32.1959,101.384,16.9869
540,85.8396,161.077,110.894,77.7481,33.2898,95.6024,16.3793
570,84.1674,123.98,90.6738,59.9288,34.4074,96.7796,15.6468
600,82.2878,128.055,93.8662,62.5552,34.4787,94.2312,15.1209
630,80.1275,126.66,93.7545,61.699,34.5019,93.0322,15.2428
660,79.1689,119.146,95.0374,60.1419,36.7676,90.748,14.0487
690,79.1034,130.861,88.6225,62.1721,36.038,84.8414,14.1725
720,75.9536,111.53,82.187,58.1146,36.6953,84.616,13.4507
750,68.0141,104.963,49.2188,52.6434,36.2905,84.5124,13.189
780,68.1532,104.67,48.8079,51.7213,37.3433,93.223,13.5223
810,66.6213,106.597,47.5766,51.1767,37.1123,92.9517,13.175
840,65.9145,101.947,47.8973,52.0507,37.1044,91.2909,12.6523
870,64.8878,105.211,49.5515,52.2401,37.0746,87.5546,11.9867
900,65.5308,107.788,47.428,68.5303,37.5666,84.4318,11.8871
930,65.9971,101.414,47.6332,68.3887,36.4434,82.0313,12.1817
960,65.5541,136.601,69.0531,67.9637,38.8728,84.5064,12.6242
990,69.0141,136.329,92.7665,67.7885,36.4352,80.4831,12.5935
1020,68.9854,137.806,93.3749,67.6181,38.5939,78.5498,12.5339
1050,68.6006,135.784,91.4427,68.0278,38.1701,77.1374,12.2267
1080,65.0517,113.428,84.8577,63.0054,36.6302,75.0133,12.6012
1110,70.3713,126.206,89.7693,58.2966,38.0513,75.2053,13.4
1140,69.6772,123.763,90.5405,55.5948,37.2899,73.4959,13.5465
1170,69.355,127.658,87.864,55.2832,37.0927,68.3901,13.6314
1200,69.9247,124.27,88.5683,58.216,37.2373,68.8338,13.9539
1230,84.1767,150.778,109.815,58.2383,38.2907,67.9165,16.5464
1260,75.231,139.196,88.2431,55.2881,36.6536,62.6389,16.8643
1290,75.5339,137.435,90.0942,56.8715,38.5757,63.6542,16.5153
1320,73.3954,136.117,87.1573,57.5414,38.1491,62.3793,16.9431
1350,72.6196,138.611,90.2164,58.1665,37.1846,59.4493,16.4962
1380,73.7684,137.386,87.4929,58.2402,37.1529,62.2468,16.7247
1410,75.0391,137.323,91.1503,57.0915,37.6923,65.7605,16.7872
1440,72.8643,139.667,88.2145,57.8306,38.1387,65.5221,16.7514
1470,74.2104,137.547,88.766,57.739,36.5802,66.7017,16.7546
1500,75.23,141.188,88.8835,56.4904,36.3374,66.7772,16.5839
1530,87.2018,161.327,109.575,57.7734,37.7648,64.3411,18.009
1560,86.6341,160.09,108.929,57.8054,37.0874,64.1576,17.5906
1590,87.971,160.589,110.088,58.0298,37.2806,64.5843,17.5651
1620,88.2195,161.22,108.3,55.9664,37.7605,65.0845,17.7167
1650,86.5591,157.818,106.784,55.2913,37.7925,67.2141,17.5366
1680,86.3747,159.475,109.791,57.893,37.2524,67.7282,17.8352
1710,88.5873,161.749,107.954,55.7718,38.1594,64.4001,17.8034
1740,87.8132,161.074,109.313,57.1671,36.091,67.807,17.7543
1770,87.4034,156.829,108.095,56.3505,37.1599,65.1604,17.9904
1800,88.5917,157.829,108.877,57.8296,37.3177,64.9664,17.726
1830,87.514,161.039,108.514,56.1955,38.0076,67.1926,17.664
1860,87.8717,159.611,109.871,58.1451,38.3206,64.7715,17.6895
1890,88.8185,161.001,109.001,57.3949,35.736,65.5944,17.5403
1920,87.0415,156.952,109.849,58.1388,37.1503,64.5286,17.6999
1950,86.0309,161.309,108.875,57.5376,37.4056,63.1152,17.7273
1980,86.0068,161.521,107.338,58.1026,37.7198,64.1736,17.9351
2010,91.4266,169.711,115.226,57.1948,36.8546,66.5213,18.273
2040,90.3392,167.685,114.748,58.0619,37.7608,64.1985,18.5637
2070,91.4477,169.557,116.033,55.7449,36.8948,65.8889,18.2722
2100,91.5999,169.431,114.696,56.014,36.9324,68.0072,18.5703
2130,91.3242,166.613,115.638,56.5508,36.0597,67.1405,18.2534
2160,92.44,164.816,114.51,57.1953,37.238,65.5655,18.106
2190,91.1347,164.717,114.724,57.476,37.9451,63.5815,18.1371
2220,92.2496,166.483,115.291,55.8286,37.4678,63.5697,18.1909
2250,92.5802,167.854,116.363,55.6454,37.444,65.6206,18.3645
2280,91.95,168.785,114.182,56.2158,36.6527,65.2603,18.3508
2310,92.4019,168.644,114.446,56.7161,36.7025,66.267,18.1965
2340,92.2337,164.51,115.473,57.1305,36.943,67.3328,18.2026
2370,90.6156,167.434,115.28,58.3716,36.7685,65.6866,18.4036
2400,92.1691,168.384,117.438,58.1474,36.3132,65.2373,18.0863
2430,90.4126,168.206,115.835,57.4338,37.149,67.8343,18.4312
2460,90.9011,166.758,114.57,57.6406,36.9992,63.2541,18.1121
2490,92.0572,166.928,113.909,57.4177,36.8074,64.578,18.0617
2520,93.4691,167.699,120.132,57.3599,36.7425,66.8139,18.4872
2550,92.6551,168.165,117.627,55.2529,36.4275,66.4984,18.5253
2580,94.7598,172.143,118.164,57.5931,35.9583,67.3766,18.4903
2610,95.4384,172.279,117.628,56.3535,37.1882,65.1011,18.6075
2640,95.1946,168.456,118.385,56.7859,36.7658,63.9026,18.5309
2670,94.3132,169.497,119.369,55.4889,37.2491,67.2119,18.4141
2700,93.7327,168.227,117.315,56.679,36.6245,63.7675,18.5472
2730,92.8798,169.328,116.661,57.495,36.0149,65.9593,18.0902
2760,95.1925,166.97,118.223,57.2193,36.6556,64.913,18.6642
2790,93.0737,167.097,116.376,55.2244,37.3772,65.8971,18.661
2820,93.1665,171.71,117.887,55.3124,37.4508,67.1277,18.136
2850,92.6736,172.458,119.46,55.8182,36.0968,64.1161,18.2875
2880,93.9808,171.107,120.178,58.0892,35.7488,67.3178,18.393
2910,93.9142,172.589,118.356,55.3437,36.098,63.1736,18.0807
2940,95.3646,169.733,116.409,58.343,37.79,63.251,18.0875
2970,94.9138,172.299,117.26,56.196,35.4892,66.1303,18.4695
3000,93.5416,170.908,118.799,56.9074,36.7415,67.9781,18.2822
3030,94.7874,170.717,118.329,55.7678,36.2281,63.6024,18.4012
3060,97.062,168.343,118.868,58.1593,37.1136,67.1561,18.5348
3090,96.2276,167.622,117.123,57.2138,36.3278,63.8589,18.3873
3120,95.7722,171.738,121.159,55.9478,36.2501,63.967,17.914
3150,96.4611,172.6,118.866,55.9563,35.7527,63.5738,17.3575
3180,96.9194,168.074,120.532,57.883,36.6618,63.3427,17.5292
3210,96.7892,170.213,118.706,56.0866,35.5203,65.0881,16.7979
3240,95.358,171.096,118.554,56.7366,36.8376,65.9988,16.2884
3270,96.3966,167.856,117.373,58.5147,36.7634,67.9157,16.0844
3300,96.8971,171.707,120.826,57.0666,35.54,65.9316,16.1672
3330,96.7027,171.736,117.274,58.4689,36.0127,65.713,15.4969
3360,94.4704,170.218,120.099,58.3412,35.45,69.9699,15.7194
3390,94.2544,172.837,119.811,59.0716,36.3363,68.1538,15.4099
3420,92.8611,168.366,120.082,57.4381,35.2121,70.0979,15.2983
3450,93.6517,170.817,121.185,58.7899,34.8381,70.3073,15.4294
3480,93.1641,167.979,117.796,58.1783,36.9116,72.134,16.0085
3510,94.6468,169.264,121.987,57.0055,35.7936,73.6702,15.5687
3540,73.9269,136.732,95.7815,57.8656,36.7306,74.948,15.4382
3570,74.6005,138.949,94.1914,57.6755,36.5768,76.6532,15.9078
3600,74.7481,135.098,94.3238,58.6026,35.6858,75.8852,16.6075
3630,75.8747,136.987,95.3633,57.5213,37.1307,75.4145,16.808
3660,74.6905,138.953,95.484,58.5601,35.7481,78.8399,16.7382
3690,76.1254,139.921,96.5798,58.1883,35.9246,75.2205,17.5023
3720,75.5953,134.528,96.5384,58.5337,36.0123,79.5148,17.3521
3750,75.5183,134.222,98.3238,56.4514,35.0978,80.9887,17.3212
3780,73.9542,135.242,95.2007,58.417,35.2511,81.3652,17.1814
3810,73.8014,136.311,97.9736,57.1272,37.7663,78.7981,17.4416
3840,69.9053,132.151,92.8934,58.0035,36.3467,79.6366,14.4984
3870,70.4932,128.635,94.2542,56.489,36.4396,82.8122,14.5441
3900,72.3478,133.326,92.8677,56.1821,34.844,83.2593,14.2416
3930,71.6211,129.129,93.3055,57.3967,35.7696,84.348,14.2284
3960,70.8055,131.266,94.3409,56.4297,37.3297,87.6057,14.698
3990,72.8887,131.143,91.4754,57.3995,35.9463,84.4971,14.7313
4020,71.5862,131.416,91.3157,57.7646,36.4429,87.4894,14.3644
4050,71.4751,129.601,94.5222,57.9222,37.7046,87.6174,14.2786
4080,71.1813,131.285,92.6696,56.2417,35.4139,84.0308,14.4135
4110,71.7887,128.78,94.8741,58.3463,35.9729,87.4621,14.3993
4140,71.5922,132.878,95.2434,56.9112,35.9342,87.2221,14.5523
4170,72.795,131.053,92.2888,58.6599,35.1998,84.1979,14.6532
4200,71.5954,130.747,95.0809,59.0842,37.2257,85.9473,14.2799
4230,70.1902,129.961,95.1471,58.8928,36.2606,85.5426,14.6983
4260,71.2894,129.993,92.021,57.7724,36.0951,85.1245,14.758
4290,71.0552,131.357,94.6961,58.3932,37.1409,86.8882,14.2475
4320,70.964,131.453,91.6262,58.8648,36.3679,84.516,14.5338
4350,72.4737,128.555,93.408,56.4561,37.4399,84.3547,14.302
4380,70.5076,129.992,94.564,56.592,34.9292,85.0511,14.5214
4410,71.7253,128.567,92.6765,56.4431,36.2101,85.5559,14.3775
4440,63.9199,116.522,81.9377,56.0309,35.1703,87.3,12.6341
4470,70.5183,134.736,87.658,61.3648,34.9165,86.3934,12.3076
4500,70.4562,135.292,96.4081,67.424,36.5929,85.3584,12.1182
4530,71.6793,137.447,94.8746,68.0784,36.5938,85.1528,12.2288
4560,69.0417,136.582,95.1276,65.2059,37.8732,88.3184,12.3738
4590,69.5982,139.216,97.0189,66.1846,34.994,82.9906,12.464
4620,70.6504,134.524,95.2142,68.2541,35.4485,84.5323,12.6395
4650,69.7835,134.215,97.3002,68.1487,35.7189,80.3469,12.5258
4680,70.7162,135.54,97.0372,66.8167,36.0855,84.4854,12.4127
4710,70.7196,137.309,97.496,67.3846,36.8375,81.1409,12.3513
4740,71.042,136.67,95.485,67.3591,35.1794,82.5507,12.3351
4770,70.4087,135.28,95.2345,65.6452,35.7706,83.9822,12.6578
4800,71.3253,136.701,95.8048,65.419,35.3625,82.7093,12.5426
4830,69.0972,135.768,95.7204,68.0598,37.2287,81.2239,12.4337
4860,69.6978,137.173,94.9162,66.2916,37.5205,83.3781,12.3449
4890,69.3174,133.287,96.3211,66.622,35.85,81.5958,12.2113
4920,71.8586,138.113,95.0835,65.4866,36.2049,83.8828,12.2123
4950,69.7659,134.639,94.2501,65.5246,36.6731,83.0412,12.1804
4980,71.9456,138.631,95.9883,68.1303,35.9033,81.2767,12.5449
5010,69.619,138.469,94.7542,67.1213,35.7928,83.6012,12.2118
5040,69.7735,134.337,95.3823,66.6859,35.6524,79.844,11.9535
