Time,FC,PAS,PAM,PAD,temp,SpO2,FR
-1,110,150,103,85,37.2933,96,20
0,121,165,113.3,85,36.7712,96,22
30,119.688,164.576,110.717,85,36.2491,96,21.7947
60,120.607,165.559,113.873,85,35.727,96,22.4309
90,123.538,162.453,112.188,85,35.2049,96,22.4347
120,119.323,162.406,114.947,85,34.6828,96,22.2739
150,122.572,167.711,115.744,85,34.1607,96,21.6531
180,122.371,161.213,114.049,85,33.6386,96,21.5334
210,118.483,167.168,114.107,85,33.1165,96,21.519
240,121.465,168.684,111.9,85,32.5944,96,22.5133
270,122.668,164.499,111.335,85,32.0723,96,21.7778
300,119.895,162.763,111.19,85,31.5502,96,22.4218
330,120.597,167.915,115.699,85,31.0281,96,21.7285
360,130.891,166.708,122.134,85,30.506,96,21.4983
390,135.145,168.861,127.643,85,29.9839,96,21.6786
420,118.376,166.033,125.697,85,30.2177,96,21.5766
450,121.143,164.655,126.203,85.0857,29.8891,95.1548,21.7411
480,124.708,165.209,113.148,83.531,31.1657,93.7408,21.6831
510,120.547,166.726,113.714,84.7065,31.2555,103.316,22.2067
540,117.69,168.949,109.447,86.1558,31.2344,99.4444,21.6757
570,120.624,135.26,90.5781,67.8415,31.0422,95.7611,20.7226
600,118.695,133.484,93.5774,68.4846,31.9484,93.7415,20.5311
630,117.394,132.394,86.8808,66.1235,31.5773,90.5695,19.8596
660,115.284,127.179,94.4677,67.554,32.3814,91.4683,19.0839
690,116.94,127.655,93.9048,67.3519,32.4273,89.9065,19.2076
720,100.301,121.482,81.1762,56.8014,31.657,87.5179,18.5588
750,93.0942,115.213,46.4388,55.7519,31.7812,84.1022,17.2209
780,88.4416,117.554,48.645,57.2481,33.7056,88.1175,17.9414
810,89.5558,108.56,47.4558,58.2826,33.4625,87.8585,17.443
840,89.8209,148.74,47.1727,72.7232,34.4342,84.8138,17.64
870,87.3051,141.986,49.2908,75.6454,33.3033,84.309,16.0902
900,88.409,143.593,67.9789,75.7459,34.4338,78.2308,16.3329
930,84.5144,145.696,70.5436,75.1009,35.1309,76.4901,16.978
960,88.1782,146.601,68.5676,74.7725,35.3109,80.7347,16.8318
990,95.0632,145.595,93.6892,74.5179,34.7094,76.7105,16.4456
1020,93.1057,145.631,91.1583,74.9882,34.5779,73.765,16.5306
1050,90.7864,145.729,92.6313,75.5155,35.2507,73.4361,16.4792
1080,82.9395,135.527,84.6353,63.6551,34.8274,66.9186,16.3416
1110,94.8114,137.077,87.5132,64.2713,35.3627,65.0471,17.9006
1140,92.9707,137.337,87.0185,61.7774,35.6775,64.1366,18.2196
1170,92.2031,138.655,89.1101,62.9942,36.2992,60.8346,17.8275
1200,94.4343,133.601,86.8138,64.3737,37.1791,59.5758,18.0489
1230,115.59,162.469,105.046,63.8037,36.2853,57.3817,22.0122
1260,98.7046,148.607,90.6684,64.3746,36.8484,54.4718,21.5093
1290,99.8727,149.822,89.7167,61.3941,37.753,53.4249,21.8963
1320,97.8508,150.299,89.6901,61.5314,36.4774,50.9571,21.4447
1350,101.153,148.355,92.8898,63.6798,37.473,52.8471,21.7229
1380,99.2747,145.6,93.037,61.8992,37.5189,53.1889,22.1493
1410,100.862,145.502,92.8916,64.0017,36.7162,55.5941,22.1123
1440,100.307,147.055,93.3114,63.8744,38.0681,57.2214,21.7726
1470,99.7649,147.873,90.4181,63.8087,37.5573,53.9712,21.4598
1500,101.296,150.155,90.7793,62.4952,37.9585,54.5053,21.8095
1530,114.374,172.095,106.936,62.2503,37.6302,54.0011,23.0834
1560,115.49,171.938,109.962,63.8778,38.4642,54.5529,23.3714
1590,116.168,168.21,106.973,64.3605,36.2156,53.5655,22.9253
1620,116.011,167.289,107.277,61.3088,36.502,55.8903,23.0331
1650,117.154,170.847,107.503,61.5428,37.3265,55.0009,23.6707
1680,116.705,167.434,108.616,62.7046,37.0384,58.4094,23.367
1710,115.702,167.547,107.697,62.5794,37.4188,55.7055,23.0377
1740,117.842,170.922,106.252,63.9908,37.0505,58.3991,22.9554
1770,116.234,168.341,106.143,61.3967,37.626,58.1679,23.3418
1800,117.544,169.712,109.716,63.8937,37.7267,55.3503,23.6446
1830,115.214,171.067,106.723,64.4521,36.8351,54.3159,22.9715
1860,116.492,167.423,109.541,64.2253,38.2892,58.3063,23.2023
1890,115.592,166.14,107.224,62.1639,36.4435,57.4441,23.0741
1920,118.7,170.378,109.94,62.7764,36.7449,55.2678,23.6455
1950,114.912,169.468,109.263,62.7978,37.1693,56.289,23.5406
1980,115.331,168.498,108.413,61.768,36.5954,56.0715,23.4362
2010,123.156,178.69,116.526,61.8689,36.4098,55.4966,23.6457
2040,121.65,175.338,115.072,61.351,37.757,57.9584,24.2925
2070,122.038,177.742,114.058,63.6096,37.6822,55.9113,24.3555
2100,121.233,173.59,112.99,63.2723,37.1654,54.8233,23.9025
2130,121.916,173.685,115.172,63.2376,37.9723,57.0719,23.7079
2160,121.302,174.61,113.464,61.3075,35.153,57.8732,24.074
2190,123.696,174.184,114.026,62.8447,36.262,55.7095,23.8665
2220,124.089,176.225,116.886,63.1627,35.239,58.4108,23.998
2250,121.315,176.632,113.129,61.5867,37.1709,54.9845,24.264
2280,120.09,175.935,116.284,61.9271,36.9998,57.5545,23.8442
2310,124.151,173.69,116.192,64.3288,36.8084,55.1397,24.2213
2340,123.324,174.676,114.183,63.8393,36.2126,55.1592,24.23
2370,124.151,175.668,116.486,62.5593,35.4238,54.7712,23.8177
2400,122.693,173.244,114.813,61.6685,36.6748,55.875,24.1108
2430,121.803,174.645,115.19,62.268,37.2538,54.0994,23.7454
2460,120.465,175.794,112.636,63.2441,36.7105,55.5905,24.1235
2490,123.285,174.695,112.86,64.3236,35.9999,54.8566,23.5718
2520,124.528,180.289,114.969,61.5052,35.8597,57.1396,24.0003
2550,127.072,177.363,117.717,62.3212,36.5935,56.2813,23.8931
2580,124.242,178.963,118.484,61.3661,36.8738,57.0058,24.0902
2610,125.83,180.316,116.574,64.5001,36.1001,53.7286,23.9037
2640,125.226,176.243,116.184,62.8752,36.265,58.2323,24.0828
2670,124.98,180.028,118.216,63.1822,36.4541,58.0801,24.2936
2700,127.563,180.982,118.014,63.78,35.9611,55.286,24.2512
2730,124.142,180.862,117.647,62.0937,37.1134,56.5324,23.6334
2760,127.22,182.008,116.64,63.1294,35.7703,54.283,24.5097
2790,123.648,181.962,114.901,63.4484,35.4982,55.9447,24.7836
2820,127.181,177.287,114.83,61.4326,36.95,57.3516,24.985
2850,124.13,178.691,115.681,64.0635,36.7201,57.5815,25.4844
2880,127.219,177.479,117.37,64.7753,37.5114,56.1158,26.6474
2910,126.765,179.472,116.953,62.2441,35.8717,56.0396,26.7744
2940,124.556,179.392,116.641,62.2242,35.082,54.4722,27.0414
2970,126.694,178.636,114.563,65.1752,36.6952,54.1855,27.4744
3000,124.854,180.942,115.138,64.9261,36.7859,57.682,28.0784
3030,126.616,178.637,116.597,64.9043,37.1255,55.664,28.9301
3060,129.176,182.168,118.439,63.7772,34.8976,57.5946,29.5129
3090,130.026,181.833,118.698,64.6171,35.7588,53.7869,29.8705
3120,132.679,177.528,118.004,63.1342,37.0645,57.1383,29.2629
3150,134.754,177.817,114.92,63.3712,35.5809,54.8479,29.792
3180,132.766,177.361,116.223,63.6767,34.9626,56.1254,29.7253
3210,136.93,179.475,117.106,64.0451,36.175,56.2247,29.3671
3240,136.558,178.358,117.725,63.6631,36.5381,57.0632,29.8508
3270,136.742,181.32,116.249,64.2253,35.5289,56.1347,29.5643
3300,138.081,181.81,115.271,64.3899,36.9442,56.0446,29.871
3330,140.617,182.829,117.448,63.0423,36.9821,56.8651,29.2427
3360,136.084,178.033,118.069,62.0815,35.8874,56.9239,28.5964
3390,138.62,177.479,118.512,62.2412,35.8359,54.2884,28.131
3420,137.306,180.609,119.354,64.5888,35.1795,53.4437,28.2182
3450,132.756,177.67,116.617,64.1158,36.2533,52.734,27.0964
3480,130.703,179.376,116.928,63.8406,36.0927,50.7268,26.7772
3510,133.792,180.871,120.146,64.9278,35.9354,46.9635,27.3156
3540,108.54,142.475,94.0815,65.0061,36.7626,49.6203,26.8561
3570,103.329,143.766,94.0897,62.5074,34.6484,46.4345,25.8924
3600,103.987,148.228,96.1475,62.2909,35.2406,46.3614,25.5401
3630,104.074,145.613,94.4318,62.6032,36.6576,44.672,25.1459
3660,101.683,148.592,95.5247,64.4995,36.9013,42.1361,24.7729
3690,101.787,146.815,93.2387,64.4675,36.7629,43.4867,23.5265
3720,100.519,146.896,93.9124,63.6748,36.2459,42.3752,24.0171
3750,100.562,144.482,96.875,62.6741,36.8212,40.7204,23.5739
3780,100.707,145.586,97.1477,62.9874,36.8701,38.6486,23.9883
3810,98.3782,144.421,94.8586,64.2143,36.7296,42.5751,23.6874
3840,92.702,136.07,92.8484,62.1324,35.9515,43.3304,17.8501
3870,93.0448,140.157,92.1983,64.7069,35.8869,40.8989,18.0401
3900,92.7155,142.385,89.215,61.9942,35.5131,45.0829,17.7487
3930,95.1492,136.574,89.3674,63.2735,36.9551,46.3322,17.908
3960,97.0517,139.519,91.7647,65.0149,35.7692,45.942,17.8573
3990,92.5738,136.505,90.5967,62.7067,36.3651,49.4562,18.0701
4020,94.2464,142.075,92.4169,64.2193,35.5639,46.3136,18.0638
4050,95.2227,136.442,89.725,62.1139,37.8046,49.9537,18.2129
4080,94.5656,137.008,92.8545,64.507,35.9254,49.4711,17.925
4110,94.3648,139.763,92.6306,62.1616,37.5404,53.0589,17.718
4140,95.8192,139.377,89.2153,64.738,36.3581,54.3947,17.8933
4170,93.3617,140.54,91.6635,62.4456,35.7966,54.2078,18.2898
4200,94.2552,141.755,92.5647,64.8715,34.8292,58.5216,17.909
4230,95.7143,137.459,91.8095,63.9396,36.9924,63.123,18.0051
4260,97.1867,142.078,91.4039,64.9355,34.6532,63.15,17.6135
4290,96.5365,135.868,90.6646,63.2126,35.5127,65.2013,17.909
4320,93.9795,136.814,91.0871,63.4532,36.4824,65.7629,18.1806
4350,93.2992,139.845,91.2313,62.4192,35.2172,71.9258,18.2714
4380,94.2488,137.853,93.0498,63.159,35.8175,73.164,17.648
4410,94.2438,141.853,91.8815,63.6987,35.027,73.1958,17.9714
4440,83.0622,124.552,79.7065,63.1683,35.3881,76.3027,15.0124
4470,95.6399,135.393,89.6438,74.3836,35.6479,80.8155,14.9132
4500,96.4101,144.059,97.1748,72.9326,36.8862,82.2993,14.7359
4530,93.8206,141.062,96.9875,74.1478,36.3136,83.4866,14.7644
4560,94.2302,142.475,96.4169,74.7918,36.9015,84.332,14.6167
4590,95.2978,141.376,97.1587,74.49,36.7383,79.5017,14.9944
4620,92.7449,140.715,97.1496,72.1391,35.9927,79.8186,15.2105
4650,94.5599,140.872,95.522,74.0506,37.6127,82.8026,14.8529
4680,92.5666,144.168,94.5427,73.6889,36.6407,81.4344,14.6287
4710,96.4649,143.388,97.3649,73.9434,34.6835,79.1529,14.6164
4740,93.1746,140.19,94.1187,74.3094,35.9047,80.9136,15.2143
4770,94.9055,146.855,95.4099,73.8095,36.4582,82.9463,15.1961
4800,96.9308,141.515,94.8265,73.5812,37.8084,81.3432,15.1485
4830,94.2869,143.575,94.9246,73.4746,36.4991,81.1165,15.212
4860,94.6216,145.002,95.7485,74.7885,34.836,81.6427,15.1192
4890,92.4088,141.016,94.5917,74.5751,35.7229,81.2252,14.8909
4920,94.1979,146.231,97.4918,73.0083,36.9868,78.6423,14.7436
4950,92.3847,143.213,97.1459,74.2237,36.0583,80.7956,14.5031
