Time,FC,PAS,PAM,PAD,temp,SpO2,FR
-1,80,181,115,85,36.7697,95,19
0,88,199.1,126.5,85,36.2549,95,20.9
30,88.8957,198.039,124.161,85,35.7401,95,20.528
60,88.6245,203.605,125.782,85,35.2253,95,20.7658
90,88.3547,194.302,125.024,85,34.7106,95,20.435
120,89.1625,195.165,123.776,85,34.1958,95,20.602
150,87.3066,197.159,126.923,85,33.681,95,20.6539
180,89.095,198.663,127.492,85,33.1662,95,20.6875
210,85.9019,197.04,124.92,85,32.6515,95,20.3881
240,89.2286,203.011,123.509,85,32.1367,95,21.1281
270,86.2436,199.159,128.537,85,31.6219,95,20.6564
300,87.485,196.149,126.948,85,31.1071,95,20.7155
330,86.7427,197.06,128.262,85,30.5924,95,20.8266
360,95.2123,196.077,140.73,85,30.0776,95,20.4153
390,96.3486,197.947,142.034,85,29.5628,95,21.0774
420,86.5543,199.397,137.281,85,29.8107,95,20.417
450,87.8107,196.932,139.057,85.85,30.3567,95.95,21.4492
480,86.805,203.927,125.688,84.7552,29.9735,98.0237,20.7029
510,87.783,199.731,126.499,85.6326,30.2292,98.8794,20.6384
540,86.4669,197.367,127.478,83.9192,31.2161,97.5676,20.9202
570,88.4902,165.549,103.899,67.3334,31.6857,91.2373,19.7321
600,85.1429,158.437,105.134,71.0346,31.2645,89.1911,20.0605
630,86.057,158.899,104.323,69.8698,31.4373,89.4187,19.4841
660,84.8855,158.119,102.217,67.66,31.3345,85.7967,19.2519
690,84.1017,162.893,102.431,66.8327,32.5998,86.0263,18.0319
720,76.4691,132.955,94.4085,63.1778,32.1644,82.4125,18.3559
750,70.1216,138.939,54.6987,56.7595,32.6775,78.2676,17.5119
780,67.2251,132.033,54.8063,57.9536,32.9436,95.2594,17.3984
810,68.5419,135.425,56.9106,59.6209,32.9708,95.8183,16.4284
840,66.3116,179.195,82.5433,57.7546,33.4311,92.4385,16.572
870,65.1624,171.812,79.932,60.0216,33.461,91.3703,16.2147
900,66.9167,172.681,84.6428,58.1265,34.1993,88.9961,16.4734
930,67.238,176.361,80.9266,58.8222,34.3733,86.4342,16.3056
960,67.2601,177.095,81.4189,77.2667,34.2998,85.4637,16.3618
990,70.0677,178.126,105.499,75.3446,35.1772,84.0864,16.0333
1020,71.0009,180.535,108.316,76.1993,35.8985,84.7933,15.9168
1050,71.9785,180.917,111.627,73.2319,35.7153,80.0488,16.2605
1080,63.1704,146.236,100.07,70.6136,36.449,80.8183,16.3207
1110,73.0114,157.465,104.348,63.1043,36.5472,77.1648,18.0316
1140,70.0422,156.089,101.762,65.3888,36.9495,75.1694,17.7566
1170,71.8648,162.432,106.049,63.855,36.7003,73.4838,17.7044
1200,69.1701,157.982,101.09,62.8508,36.6577,70.481,18.1535
1230,84.7709,196.288,124.937,62.9859,37.5112,66.4464,21.6988
1260,75.3805,176.82,96.6843,65.6536,37.9772,65.6374,21.8593
1290,76.5165,169.794,95.9147,64.2752,38.1043,61.193,22.1888
1320,74.777,175.888,97.7791,64.2045,36.8289,63.9045,21.9306
1350,65.1708,146.438,94.1756,64.6339,37.4079,62.4402,16.9979
1380,66.098,149.332,92.0483,62.5601,36.6185,64.1037,17.1405
1410,83.9262,187.471,121.128,62.5628,36.4194,65.0466,21.4732
1440,90.3353,209.677,132.754,64.4292,36.9509,61.6095,22.6086
1470,94.9127,216.764,138.568,66.2795,37.2958,63.3686,23.6104
1500,94.9409,217.109,136.243,62.9337,36.0261,65.1404,23.3376
1530,77.3806,173.548,109.515,65.6978,36.546,66.0104,19.6262
1560,78.2273,177.08,111.761,65.8201,36.6069,62.8379,19.0749
1590,75.3533,172.984,110.955,64.9753,37.3518,63.1502,19.3164
1620,78.0168,177.058,109.342,63.3347,36.2988,65.2779,19.1477
1650,65.7932,149.205,96.9775,66.1932,37.1619,62.683,16.7165
1680,63.5648,142.526,95.4528,66.0368,37.0767,64.1033,16.4652
1710,63.5962,148.624,91.6907,63.2453,37.4258,65.7295,16.6208
1740,66.2695,142.507,94.3608,64.2023,37.0317,66.4611,16.4566
1770,62.9391,148.372,92.1221,64.1972,35.8515,62.8575,16.1129
1800,72.6492,160.029,100.7,62.5604,36.3947,62.5554,17.2331
1830,54.928,130.234,84.5278,63.7411,36.0562,62.6975,17.8752
1860,55.0416,133.945,82.9723,62.194,35.5954,63.4688,17.7335
1890,57.4728,127.05,80.9152,65.5949,37.2337,65.284,17.5202
1920,54.2815,133.346,84.0892,66.096,35.9563,62.5898,17.2474
1950,56.9975,127.057,79.3588,65.6292,37.0345,62.062,17.4188
1980,54.4717,126.247,84.8291,63.2604,35.7027,64.7709,17.5072
2010,54.6872,133.552,84.4704,65.8595,35.7592,63.0993,17.9194
2040,54.4178,133.853,78.8887,62.4609,36.9524,66.221,17.2235
2070,54.3075,124.701,79.2937,65.0198,35.9431,63.2278,17.726
2100,54.5591,127.36,83.8256,62.7865,36.2641,65.3615,17.6496
2130,69.4754,155.279,102.387,65.0235,35.7622,65.169,18.0895
2160,68.5117,161.415,99.1315,63.8126,36.9263,63.8415,18.0113
2190,69.8076,155.132,100.845,64.9768,35.918,65.3074,17.8766
2220,69.4917,161.975,103.318,64.9137,35.7988,65.3671,18.354
2250,70.0571,156.53,99.0953,63.2105,36.647,62.5007,18.4822
2280,70.9639,160.159,100.849,63.1546,36.5761,66.2495,18.1779
2310,69.273,155.192,98.2772,62.7667,36.3366,65.6552,18.3644
2340,70.7759,157.021,98.6255,63.9324,36.065,62.8199,17.6003
2370,69.9411,161.245,103.616,63.6678,35.8218,63.3515,18.1566
2400,67.0969,156.344,101.3,66.0491,35.5694,62.9623,17.6862
2430,70.7839,153.346,103.01,63.7255,35.9335,62.3655,18.0638
2460,71.1672,160.896,99.8844,65.5778,35.8104,65.2317,17.7598
2490,70.2787,160.96,99.6207,63.8854,36.5983,63.715,18.3187
2520,67.2477,158.893,100.2,62.3996,35.3181,62.5133,17.5048
2550,68.0331,155.554,98.4838,62.5078,36.0001,62.5085,18.0017
2580,70.5492,154.291,97.4452,65.4673,35.3088,64.4149,18.1015
2610,68.625,154.259,102.991,62.8174,35.3148,63.2823,18.0605
2640,70.5006,158.748,99.5545,66.0789,35.7596,66.0933,18.493
2670,68.5269,162.125,103.688,65.0242,35.7667,62.9776,18.2716
2700,70.2435,155.576,98.3996,64.9223,36.1777,63.3875,17.9079
2730,65.7824,150.523,96.3986,66.7786,35.2187,65.8448,15.9572
2760,70.7678,167.688,102.161,71.4216,36.5542,62.1382,16.6578
2790,70.7005,175.858,110.101,74.3428,36.8294,65.1765,16.937
2820,71.4559,175.971,110.047,76.5967,35.5963,66.2681,16.398
2850,73.9642,169.349,110.676,74.0388,35.2222,65.3225,16.2025
2880,70.9028,172.798,107.847,73.0181,36.3159,66.7344,16.8976
2910,72.3688,168.258,110.221,74.2179,36.932,63.678,16.6835
2940,75.2946,168.495,110.568,76.9409,36.8952,63.791,16.8499
2970,73.1141,171.3,108.193,76.3705,36.0924,62.4921,16.0985
3000,75.4271,176.638,108.875,74.8304,35.757,65.6148,16.5124
3030,78.0755,176.106,109.542,73.7816,36.568,62.7522,16.5487
3060,77.941,173.732,108.476,74.9991,36.072,62.0745,16.4662
3090,77.5385,172.547,109.171,75.2227,36.2659,65.5195,16.3829
3120,76.9561,177.052,110.477,75.4855,36.1752,62.0177,16.0761
3150,81.2929,176.256,111.197,76.6245,35.8785,62.8881,16.0977
3180,79.1267,172.074,111.586,72.9284,36.5204,62.3299,16.5314
3210,80.3276,169.48,107.029,76.5595,35.826,64.3546,16.4283
3240,80.0016,170.911,112.694,74.2307,35.0703,64.3913,16.961
3270,84.196,175.222,108.724,75.9297,34.9432,65.9408,16.519
