Time,FC,PAS,PAM,PAD,temp,SpO2,FR
-1,136,170,118,101,36.9653,99,32
0,149.6,187,129.8,101,36.4477,99,35.2
30,152.323,191.592,128.646,101,35.9302,99,34.4078
60,152.309,191.098,126.77,101,35.4127,99,35.5716
90,151.617,184.289,127.011,101,34.8952,99,35.2483
120,149.094,183.324,131.762,101,34.3777,99,35.552
150,149.646,189.44,130.365,101,33.8602,99,35.6208
180,146.291,185.066,131.301,101,33.3427,99,35.2846
210,149.059,185.047,129.718,101,32.8251,99,34.9976
240,147.147,190.407,130.41,101,32.3076,99,35.1445
270,151.603,186.836,130.282,101,31.7901,99,34.435
300,147.895,190.4,131.911,101,31.2726,99,34.7677
330,150.335,190.834,130.102,101,30.7551,99,36.0333
360,167.458,189.025,141.289,101,30.2376,99,34.9541
390,166.503,185.583,141.03,101,29.7201,99,34.8055
420,151.937,185.669,131.47,101,29.9801,99,34.5254
450,149.241,184.202,132.911,101,30.2401,99,35.7874
480,149.837,188.469,131.389,101,30.5001,100,36.0565
510,144.878,182.827,132.17,101,30.7601,96.8279,34.0075
540,150.302,154.933,101.92,80.8,30.7125,97.4203,33.1131
570,148.584,147.072,101.572,80.8,30.9725,95.2585,32.7441
600,142.004,154.904,102.405,78.9155,30.863,90.3077,32.6201
630,145.512,151.483,105.743,79.0091,31.7159,90.52,31.9951
660,128.984,124.478,94.3169,76.5496,31.1985,86.617,31.0927
690,118.005,127.43,58.3456,69.3587,32.3055,85.9327,29.16
720,116.756,132.245,53.6533,67.7234,31.5406,95.8945,28.8532
750,115.508,131.308,53.8937,69.6542,32.5289,91.1917,28.7751
780,114.259,131.819,56.5279,69.1242,32.3027,92.7539,28.3
810,113.01,131.832,55.5905,89.1486,33.6782,88.4332,27.7086
840,111.762,123.095,56.4487,90.2958,32.7562,86.4942,26.7826
870,111.762,129.375,82.1569,90.3095,33.7341,83.1907,26.6135
900,113.51,125.188,83.4131,89.7878,33.6413,87.1773,25.9311
930,122.054,157.272,111.146,87.9735,34.4,85.1884,26.3358
960,116.489,155.753,111.168,89.1294,34.66,79.9873,26.0906
990,119.24,159.495,110.053,89.5959,34.92,78.3162,25.6399
1020,111.633,130.174,100.339,82.3674,35.18,75.0532,25.0631
1050,118.343,145.264,103.637,74.1057,35.44,75.9023,28.3082
1080,121.71,145.483,104.947,76.1769,35.7,71.2122,27.9067
1110,120.962,147.025,105.181,75.8214,35.96,66.964,28.552
1140,119.042,146.985,105.424,77.3824,36.22,65.3365,27.4222
1170,121.44,147.19,103.454,76.7479,36.48,64.7802,28.3002
1200,124.537,151.877,105.491,74.5703,36.74,63.7744,28.7391
1230,112.392,136.105,96.3654,75.3944,37,58.5512,25.5691
1260,112.071,137.84,96.1832,75.4095,37,57.0728,26.3136
1290,108.548,137.061,94.1117,77.1875,37.2986,58.0114,25.8638
1320,113.287,133.724,94.9178,77.3159,37.8366,59.0558,25.6615
1350,145.248,175.781,124.079,77.3296,36.9992,57.858,33.7566
1380,139.796,172.09,121.196,74.5913,36.7751,59.2119,33.9514
1410,140.571,173.682,121.436,77.0421,37.2838,59.1525,32.9064
1440,143.71,174.908,123.047,75.8838,37.4335,57.5014,33.3789
1470,144.336,171.566,123.933,75.7471,37.5524,58.77,33.3287
1500,141.717,171.384,121.594,75.079,36.4393,58.4967,33.3062
1530,143.573,174.361,122.159,76.3888,37.7521,58.9303,33.4732
1560,143.483,175.128,123.764,74.5563,36.4785,58.4137,33.6203
1590,146.116,174.367,121.311,76.1793,37.146,57.7608,32.8593
1620,142.252,175.889,123.136,76.3022,37.5309,59.6434,34.0043
1650,146.328,174.095,122.332,75.9048,37.8709,59.5988,33.0092
1680,145.623,174.908,124.101,75.5088,36.4785,59.1548,33.4673
1710,142.635,171.499,121.601,75.3321,37.1266,59.005,32.69
1740,140.701,175.009,121.041,75.7959,36.7263,59.5838,32.9294
1770,140.645,176.082,121.097,74.4465,36.5193,59.2415,33.5841
1800,141.129,174.67,124.465,74.3366,36.3471,59.5401,33.3776
1830,142.156,174.013,120.805,76.7113,37.025,58.7732,32.9071
1860,140.26,177.368,121.197,74.8036,37.1513,58.6962,33.6853
1890,145.99,172.513,124.535,74.2784,37.9111,58.1966,32.9205
1920,141.276,176.304,124.174,75.5231,36.7483,59.5733,33.3835
1950,154.335,192.153,132.233,76.9624,36.2194,58.2829,36.6611
1980,154.878,192.141,135.794,76.2885,37.1802,58.0394,36.9751
2010,152.111,191.139,134.891,74.4131,37.3434,59.1545,35.9956
2040,155.475,193.064,133.655,77.0918,37.1396,58.4229,36.2291
2070,157.223,188.657,135.939,75.5394,37.3795,59.8543,36.1829
2100,156.17,189.098,136.408,75.2854,37.5029,59.6455,35.8043
2130,153.392,194.109,136.195,75.8751,36.8083,59.135,36.6471
2160,151.456,189.575,135.747,76.586,37.9051,58.3637,36.6628
2190,154.71,191.298,132.079,75.7265,37.1339,59.784,37.0461
2220,152.774,193.795,133.185,74.2377,36.1318,58.4509,36.3349
2250,156.3,188.971,134.096,74.6105,36.1854,58.7707,36.7276
2280,153.964,188.374,133.663,75.8337,36.5575,58.3675,36.1494
2310,152.589,191.125,136.303,76.7696,37.8429,57.8968,36.1806
2340,154.463,194.096,133.177,76.7388,37.5677,59.0255,36.9279
2370,156.537,193.456,133.296,76.1764,37.8442,59.4968,36.8506
2400,151.011,189.506,134.33,75.6122,36.5376,59.7724,35.7521
2430,154.334,189.107,133.316,76.5821,37.2133,58.4631,36.5297
2460,113.675,138.352,99.6308,74.3727,36.4666,58.2465,27.2826
2490,109.951,141.206,99.0839,76.9018,37.1031,58.0504,26.7177
2520,113.278,142.067,96.9771,75.8069,36.2153,59.6131,26.0407
2550,112.01,141.393,95.6388,76.83,37.7533,58.5358,26.8539
2580,113.348,140.351,96.3717,74.354,37.6999,58.0324,26.3095
2610,110.433,138.099,96.0729,74.3983,37.8728,59.6988,27.3595
2640,113.382,142.699,97.6639,74.1732,37.5957,59.4627,26.821
2670,114.439,142.295,98.3212,75.947,36.487,58.6352,27.4453
2700,116.214,136.891,96.8199,77.0314,37.2797,59.5214,28.1457
2730,119.083,142.251,97.2552,77.0275,36.2384,58.8308,28.1616
2760,116.143,140.175,96.0976,74.2824,37.0597,59.201,28.6757
2790,130.499,150.026,105.335,76.5766,36.5414,59.4387,31.4791
2820,127.582,150.937,105.872,76.4763,36.8187,57.9574,31.3426
2850,128.373,150.054,105.058,76.6678,37.0154,59.2982,32.3285
2880,130.321,150.625,104.242,75.8419,37.8615,58.2608,33.9004
2910,129.173,150.237,102.787,74.2868,37.3802,59.8809,35.1069
2940,133.237,147.077,104.574,76.8149,36.1588,59.2537,35.1857
2970,134.363,150.14,103.998,76.5222,36.7851,58.6176,35.855
3000,138.573,145.919,104.554,75.0175,37.5827,58.4983,37.099
3030,137.844,148.725,103.657,76.7919,36.4315,59.4753,37.2114
3060,138.613,150.426,105.219,75.2491,37.8583,58.9547,35.9992
3090,132.709,146.835,104.86,75.56,37.7064,58.5267,36.0085
3120,134.416,149.93,104.748,74.5635,37.3832,58.7303,36.444
3150,136.123,150.194,102.767,75.057,36.4191,59.4659,35.889
3180,135.155,149.127,101.611,74.9565,36.6011,59.6515,36.764
3210,134.3,148.079,105.215,74.8984,37.1143,59.0838,36.8936
3240,135.6,151.389,105.578,76.4154,37.1088,59.199,37.1603
3270,133.287,145.961,102.927,76.6797,37.4711,57.7916,35.0883
3300,136.636,148.051,102.491,75.0991,37.7652,55.723,35.2008
3330,130.575,146.352,102.527,75.5323,36.9755,53.9963,34.6498
3360,128.45,149.791,103.367,75.6863,37.0686,53.2074,33.0456
3390,117.252,138.818,92.9325,75.2484,36.1077,51.9967,29.8718
3420,126.596,163.38,103.19,80.2126,37.3921,50.6133,29.0749
3450,124.803,160.096,109.825,87.5694,36.972,50.2136,29.0293
3480,128.582,160.3,110.74,87.6213,36.751,48.3222,26.8368
3510,127.051,158.823,108.263,85.4358,36.4357,46.5585,26.2366
3540,124.279,160.671,108.924,87.8935,36.3415,45.5713,26.9827
3570,124.777,164.236,108.45,88.5666,36.4182,43.4523,25.43
3600,122.634,164.767,108.161,87.4861,36.6185,42.3886,24.1958
3630,122.573,163.859,107.837,87.1636,37.8142,41.8695,24.8126
3660,119.725,158.402,109.792,87.8299,36.8291,39.6272,24.6731
3690,121.986,163.355,108.126,86.7442,37.3076,39.3993,24.52
3720,123.624,164.451,110.204,87.18,37.7516,36.7931,24.281
3750,120.079,161.189,108.148,88.4638,36.6136,36.4597,24.6375
3780,120.249,160.443,110.916,86.5944,36.7668,35.1442,24.1913
3810,123.241,164.315,108.608,86.4609,37.3292,34.1095,25.1484
