Time,FC,PAS,PAM,PAD,temp,SpO2,FR
-1,99,147,106,90,36.6705,92,26
0,108.9,161.7,116.6,90,36.1571,92,28.6
30,107.659,164.223,117.066,90,35.6438,92,27.98
60,107.144,163.347,114.995,90,35.1304,92,28.6364
90,110.147,164.093,118.344,90,34.617,92,28.5787
120,106.891,160.577,117.853,90,34.1036,92,28.5022
150,109.066,165.713,114.111,90,33.5902,92,28.2596
180,111.321,164.097,114.122,90,33.0768,92,29.2581
210,109.396,165.695,117.561,90,32.5634,92,28.8154
240,108.035,160.368,116.294,90,32.0501,92,28.5668
270,109.583,165.441,118.564,90,31.5367,92,28.9785
300,110.381,164.374,118.128,90,31.0233,92,28.2976
330,106.761,165.161,114.186,90,30.5099,92,29.1755
360,117.629,158.035,130.336,90,29.9965,92,28.6054
390,119.347,159.296,129.989,90,29.4831,92,28.8456
420,118.935,165.48,128.808,90,30.7359,92,29.223
450,120.396,165.689,131.782,88.0297,31.1323,92.846,27.7587
480,104.849,158.176,117.337,88.0572,33.1056,92.5631,27.988
510,109.414,168.232,117.29,88.4173,35.1636,99.4789,28.514
540,108.335,161.232,120.967,90.885,34.8575,94.7987,28.037
570,104.883,127.369,90.5209,71.0185,36.9298,94.9857,27.8384
600,106.865,130.541,95.4686,70.7023,37.5081,92.0424,26.5427
630,104.009,128.329,93.548,72.1869,37.1853,86.6904,25.68
660,106.018,130.044,88.5802,70.5244,37.347,85.1983,25.1132
690,103.129,129.828,88.0647,72.4603,37.0569,80.7999,25.3187
720,98.7614,118.411,79.021,59.0563,37.2103,78.9073,23.3752
750,84.8178,103.359,53.5701,62.1202,35.7905,77.9108,23.1299
780,87.9998,105.244,52.4254,62.2951,35.5553,86.7499,22.6221
810,86.2153,109.26,54.4404,59.3633,37.5561,85.7993,22.5264
840,85.5612,109.062,79.3261,77.9658,37.0554,82.7933,22.2597
870,81.2667,107.87,79.2767,76.4004,36.1369,79.5605,21.5324
900,84.3482,139.781,78.3041,78.6122,37.2835,74.1433,22.2925
930,82.7984,146.642,75.9975,77.1107,36.3343,73.0161,22.2021
960,82.5182,145.784,76.5335,77.0981,37.515,72.9138,22.4524
990,88.9922,143.777,97.9729,77.9781,37.4192,71.102,21.5066
1020,88.8364,143.834,101.977,76.9775,37.6265,67.2085,21.8836
1050,87.1699,142.763,99.463,80.2132,37.497,65.4017,21.4174
1080,82.7772,135.033,84.1827,65.0587,36.2622,59.7419,22.1286
1110,90.1682,131.044,93.9452,67.9509,37.3381,57.3918,23.9388
1140,89.7653,130.339,96.0361,64.8555,37.0624,57.4438,24.22
1170,90.0026,131.344,96.195,64.5838,37.8901,52.1536,24.2478
1200,88.5616,134.447,92.583,66.9725,37.0727,50.3847,23.7197
1230,107.124,163.846,113.685,65.3269,38.0865,48.6953,28.9519
1260,93.9943,131.323,107.512,64.7014,37.9373,46.4024,28.8721
1290,94.8566,132.446,106.798,66.3286,37.4824,40.7758,28.9613
1320,93.8627,130.234,105.008,64.7335,38.0025,41.4016,29.3098
1350,94.9291,132.434,104.726,66.8574,37.603,39.8843,29.0938
1380,94.3772,133.14,108.017,65.7633,37.4454,43.071,28.4197
1410,94.0275,129.637,106.695,67.1904,37.4713,42.5745,29.0984
1440,93.3805,130.153,108.077,68.2682,36.2581,45.3895,29.3137
1470,92.0319,134.076,106.582,65.2269,38.2697,45.8134,28.9024
1500,94.0499,132.033,108.361,67.869,37.3353,45.781,29.3321
1530,108.253,159.081,121.757,65.3993,37.3822,46.1508,31.2852
1560,109.286,161.57,121.632,66.2382,36.0549,43.415,30.6751
1590,109.692,162.378,120.109,65.5088,36.5084,45.5209,31.6639
1620,111.866,160.791,122.992,65.4734,37.1199,42.778,30.974
1650,108.68,161.886,121.768,66.0526,37.3601,42.175,31.5549
1680,109.382,160.656,120.506,65.5864,36.5071,43.6823,31.0195
1710,110.532,160.72,122.12,64.4993,37.4824,42.2789,31.3205
1740,108.525,162.595,123.54,65.9335,36.5048,45.5307,31.3899
1770,112.124,158.453,119.482,66.5502,37.081,44.1223,30.7879
1800,111.665,161.79,121.088,67.7796,37.4777,43.0854,30.654
1830,110.067,162.5,119.133,65.3125,35.8973,46.395,31.0588
1860,108.145,162.385,122.821,66.8277,37.8447,43.6905,31.5766
1890,111.806,159.624,120.986,67.2824,37.8667,46.1892,31.1376
1920,110.899,158.504,120.329,64.7311,36.2265,42.7687,31.2464
1950,109.796,157.667,122.986,67.2527,36.973,42.6785,30.9815
1980,110.718,162.875,123.518,66.7327,36.2861,44.4211,30.932
2010,118.054,175.294,124.796,66.058,37.9979,46.4005,31.7201
2040,115.627,170.072,127.544,65.6877,37.5224,46.4781,31.3938
2070,118.654,174.05,128.986,65.2104,37.5532,44.7647,31.3716
2100,118.52,172.124,128.253,65.5432,36.6067,44.9108,31.8129
2130,115.215,172.796,129.587,68.0413,37.2555,43.6462,31.9434
2160,115.115,174.793,129.777,67.701,37.4814,46.5,31.7113
2190,117.687,173.992,128.077,64.982,36.4626,43.3935,31.8418
2220,117.86,175.424,129.11,66.284,35.802,46.8089,31.4858
2250,114.931,175.352,125.289,66.3214,36.9872,42.7438,32.1683
2280,116.016,169.226,128.195,67.7255,35.8845,43.2574,31.9763
2310,116.324,174.953,129.09,64.4445,35.1322,44.9038,32.0979
2340,115.054,171.659,126.153,64.9914,36.8646,43.9151,32.2166
2370,115.668,171.943,126.775,68.4509,37.3668,46.1054,31.4496
2400,117.517,172.224,129.824,66.9682,35.3873,43.6064,31.7519
2430,115.277,169.588,127.355,65.1025,35.4304,46.7778,31.6093
2460,117.101,170.319,127.319,65.9853,37.3275,43.5949,32.0196
2490,116.321,173.595,128.373,65.3006,36.1736,44.095,32.1507
2520,117.313,175.709,129.172,65.0021,37.384,45.1183,32.5316
2550,121.158,173.739,131.506,65.1814,36.8909,44.6784,32.5516
2580,117.831,172.993,127.572,67.2336,37.3202,44.0935,32.0294
2610,117.798,173.602,129.304,65.924,37.6907,43.2321,32.5204
2640,118.46,177.973,131.331,68.3283,36.6813,45.414,32.2274
2670,119.977,177.409,130.123,68.1104,36.1812,45.2626,32.5333
2700,119.013,178.849,128.982,64.9257,36.9026,44.0938,32.2565
2730,123.109,179.521,131.155,67.0037,36.5073,43.8992,31.9321
2760,123.306,174.77,127.375,65.6036,37.7834,45.7298,32.2701
2790,122.682,175.9,128.755,64.3497,36.0577,45.7124,32.6787
2820,125.477,174.216,126.918,65.1022,35.7079,45.3054,31.8412
2850,124.135,176.729,130.208,65.1819,36.0607,43.9416,32.3266
2880,124.88,176.483,130.66,64.9051,36.3659,45.1484,32.7243
2910,128.536,173,130.862,66.8304,36.0021,44.4157,32.9815
2940,128.614,176.566,127.812,67.9287,38.1487,46.2338,32.3504
2970,127.929,176.817,129.82,64.7206,37.632,44.5201,33.0264
3000,129.049,174.775,127.569,67.9657,37.6258,44.8598,32.8531
3030,131.356,175.603,129.151,68.46,38.1418,46.219,32.8068
3060,129.685,173.153,130.215,66.4055,37.2873,45.474,32.9497
3090,127.986,174.729,129.351,67.5744,36.7977,44.7634,33.8795
3120,128.838,177.693,129.872,69.1379,35.5694,45.7168,33.924
3150,130.118,174.067,127.883,66.6464,36.4841,42.7543,34.745
3180,131.53,178.296,131.583,68.7887,35.9312,41.9815,34.3462
3210,129.629,177.723,131.512,69.1133,36.2697,42.7204,34.76
3240,129.625,174.156,130.914,66.5495,35.7853,40.993,34.5485
3270,126.837,177.833,132.592,67.4049,35.8908,41.8321,34.3214
3300,126.984,179.2,129.575,69.03,36.2925,36.5254,34.7392
3330,123.469,180.122,132.599,68.0019,36.1738,36.6128,33.735
3360,124.614,174.001,130.34,68.7057,35.5701,35.8162,34.4668
3390,123.228,177.176,130.436,65.6849,36.5814,35.5214,33.6758
3420,120.528,174.202,129.15,67.228,36.4917,36.6393,33.5171
3450,119.34,177.715,130.52,66.8815,36.5043,38.6836,32.8252
3480,121.272,175.02,131.38,66.6031,35.2515,39.1924,32.1468
3510,120.711,181.28,129.037,65.6498,36.5455,41.5199,31.3016
3540,96.9629,144.187,104.359,66.4668,36.2464,41.8067,31.0203
3570,95.1351,143.991,107.667,66.7567,36.6614,43.8149,31.2392
3600,96.7153,138.379,103.307,68.6617,35.5305,47.669,31.4032
3630,95.2628,144.053,108.049,68.2194,36.1442,48.188,30.7247
3660,95.0788,143.873,105.734,67.0019,36.7477,51.9472,31.4141
3690,96.0468,144.571,104.34,65.8873,36.0499,53.3686,30.5626
3720,96.2102,145.232,107.58,68.1336,36.207,53.5699,31.2435
3750,95.6439,142.409,105.267,68.6907,36.1816,52.8229,30.8729
3780,96.8374,142.623,107.096,65.95,36.3359,54.5519,31.3984
3810,96.3964,140.688,103.221,69.0114,37.6638,60.4902,30.9511
3840,92.4998,139.103,97.6434,65.8669,36.6243,61.7345,24.8238
3870,89.9235,135.07,100.94,66.2712,36.4103,62.197,24.8533
3900,90.6211,135.817,97.7949,68.1338,35.1223,63.5921,24.6473
3930,91.193,137.14,100.468,66.7226,36.5915,66.3939,24.2682
3960,91.106,139.675,99.9433,65.1399,36.4779,69.926,24.8326
3990,92.2314,138.132,98.08,65.1927,37.0247,72.9762,23.8722
4020,89.9598,133.868,100.74,66.812,35.7003,72.0143,24.8657
4050,92.7483,139.115,98.782,66.8388,35.703,77.8975,23.9485
4080,89.271,135.728,97.5177,68.2429,36.1503,80.1459,24.5834
4110,92.2492,139.447,100.665,66.5835,37.1366,81.562,23.9086
4140,92.6032,133.648,99.3303,66.1503,36.4005,83.6992,24.2441
4170,91.0116,137.055,100.992,65.2094,36.9329,86.1037,24.7849
4200,88.8954,134.503,100.214,68.8539,35.5812,88.2857,23.9837
4230,89.852,135.12,99.4211,65.0348,36.0902,85.7319,24.8473
4260,93.1128,136.548,98.0061,66.8544,35.5119,89.2463,24.585
4290,88.8984,137.107,100.693,68.3232,36.3889,88.6008,24.1232
4320,89.2683,134.962,97.7335,66.7734,36.9628,87.9911,24.8009
4350,89.1267,132.851,101.532,65.5432,37.7957,85.8055,24.8026
4380,90.8421,134.742,98.6341,67.7123,35.9657,87.03,24.6488
4410,91.9521,133.183,99.6493,68.9954,36.4847,86.3823,23.9203
4440,80.8755,120.436,88.6618,65.5925,34.5921,85.6524,20.2601
4470,83.1904,134.535,101.066,79.7452,36.7448,89.2915,20.4567
4500,90.316,138.412,99.5338,77.4366,35.5387,86.0497,20.0817
4530,89.2262,142.166,104.342,77.3033,36.2363,87.332,20.4396
4560,89.6041,143.738,101.997,78.3695,36.9815,89.129,21.0116
4590,89.4926,138.012,103.626,77.3804,36.4198,85.2645,20.2071
4620,90.8055,142.838,102.037,76.0606,35.7005,82.126,20.587
4650,88.6572,137.488,103.723,76.3801,35.1261,84.0816,20.7642
4680,87.8639,144.549,100.773,79.941,35.393,85.8895,21.0934
4710,87.9868,142.375,101.185,78.3665,35.0914,85.2375,20.1543
4740,90.9775,139.043,100.13,79.6494,36.3258,83.6663,20.2076
4770,88.3688,139.015,100.772,77.4485,36.585,82.0253,20.6455
4800,90.5363,139.536,102.082,76.7662,35.6973,82.7443,20.5432
4830,87.7075,141.266,99.6961,77.4017,36.9148,83.9342,20.4998
4860,91.7931,141.608,101.025,79.4665,37.093,86.4562,21.0961
4890,91.4554,139.126,101.28,77.4426,36.9251,86.1782,20.7883
4920,90.4607,140.59,104.056,75.9368,36.0787,84.0552,20.9869
4950,90.1695,141.17,100.693,76.7961,36.1897,84.8112,20.3705
4980,88.6039,144.288,100.177,75.9873,35.7984,81.8954,20.654
5010,88.7039,141.178,104.268,77.2901,36.8822,81.9582,20.2222
