Time,FC,PAS,PAM,PAD,temp,SpO2,FR
-1,90,125,99,75,37.2264,96,24
0,99,137.5,108.9,75,36.7053,96,26.4
30,98.4964,140.559,107.068,75,36.1841,96,26.8322
60,97.0845,138.826,109.024,75,35.6629,96,26.9896
90,100.606,140.04,107.965,75,35.1418,96,26.4398
120,101.076,137.472,107.377,75,34.6206,96,25.7672
150,96.8495,137.998,106.656,75,34.0994,96,25.8602
180,96.9476,134.986,106.379,75,33.5782,96,26.3084
210,96.9031,134.866,106.855,75,33.0571,96,26.5576
240,99.2268,134.966,108.845,75,32.5359,96,25.8556
270,98.5259,137.954,109.349,75,32.0147,96,25.8749
300,99.7086,137.517,109.845,75,31.4936,96,26.2807
330,100.585,135.344,109.133,75,30.9724,96,26.4617
360,108.008,137.561,120.699,75,30.4512,96,27.0174
390,106.74,138.551,117.636,75,29.93,96,26.7231
420,109.588,140.457,107.875,75,30.637,96,26.7284
450,108.027,135.429,107.551,75,31.344,96,26.2065
480,98.3799,139.212,109.112,75,32.051,100,26.5402
510,100.513,137.255,111.04,75,32.758,95.8064,25.612
540,97.7973,108.919,85.2881,60,33.1374,93.7486,25.5509
570,97.8674,109.794,87.7766,60,33.8444,91.6341,24.7526
600,94.5073,113.094,86.4345,59.2607,35.2132,89.8827,24.1606
630,93.8307,107.614,85.0663,60.7108,34.6394,88.9011,23.6626
660,90.5807,104.969,72.232,52.0556,35.5953,85.3245,22.4103
690,79.4904,91.8305,45.7755,51.1626,37.3148,82.1645,22.0892
720,78.6706,92.3778,46.4956,51.2046,36.7213,91.1591,21.3644
750,77.8508,91.4122,47.3479,49.7446,36.318,89.149,21.8326
780,77.0309,92.1547,47.8184,52.3836,35.8663,85.9787,20.4207
810,76.2111,95.2245,70.0935,51.2336,35.814,85.5204,20.7147
840,75.3913,93.2826,70.8438,50.3199,37.0012,83.3189,19.887
870,75.3913,93.6547,68.7074,65.8934,37.8001,78.9222,19.4478
900,74.561,94.1389,71.5065,65.6837,37.7992,78.9505,20.3057
930,82.0324,118.504,90.5114,65.4406,36.29,76.3685,19.7054
960,81.1421,116.709,92.9003,65.9966,36.3343,74.6819,19.9388
990,79.8999,120.311,90.2738,64.6922,37.4319,73.9368,19.8395
1020,77.4735,107.286,77.7945,57.424,37.1552,73.6642,20.5658
1050,79.1795,114.181,84.78,57.2351,37.5518,67.7575,22.0034
1080,83.2077,111.491,85.6428,56.5588,36.7889,64.9567,21.9564
1110,81.4881,111.706,86.3106,57.4077,36.4866,64.7867,21.7784
1140,83.3913,110.717,85.3165,56.5068,36.3142,62.5422,22.3782
1170,83.4999,113.155,87.967,56.7437,36.744,59.8458,22.7595
1200,81.0812,114.411,89.8603,55.094,37.8127,55.6993,22.9331
1230,73.221,101.022,81.4333,57.0933,37.0103,54.4785,20.7813
1260,74.9956,104.181,81.1779,56.6617,37.8884,55.239,20.2604
1290,72.2662,102.686,81.4612,57.0196,36.1457,52.3811,20.4929
1320,73.5428,104.145,78.7537,56.3412,37.0464,51.4199,20.5894
1350,95.1462,130.912,101.964,56.9393,36.6079,52.5146,26.5406
1380,96.5949,133.093,102.378,56.2428,36.9218,52.6647,26.0997
1410,95.0292,131.713,102.539,56.3146,37.605,52.97,26.2676
1440,96.9123,134.082,103.974,55.581,37.3072,52.3418,26.7223
1470,93.9365,130.772,102.342,56.5933,36.4193,53.8586,26.3452
1500,95.1808,130.694,101.021,55.5879,37.27,53.4293,26.6865
1530,93.5493,134.312,104.272,56.2995,36.3289,53.3862,25.9862
1560,97.3505,134.625,102.364,57.0374,37.4139,53.1927,25.9879
1590,94.8161,132.417,104,56.401,37.0281,53.2585,26.1348
1620,96.1865,131.236,103.175,55.3498,36.519,54.118,26.3374
1650,97.0038,131.94,101.516,57.4503,36.4207,53.0856,26.4301
1680,94.5163,133.706,102.946,55.6409,37.2616,52.8891,26.0113
1710,94.7071,132.502,101.451,56.8501,37.7276,53.0294,26.2352
1740,94.8991,132.684,102.78,55.1856,37.3237,53.3675,26.1802
1770,97.1322,130.608,103.31,56.9635,36.7684,54.78,26.6896
1800,95.568,131.195,101.86,57.1771,37.7202,54.7692,26.0659
1830,95.44,130.564,101.731,57.2137,36.9779,53.8855,26.5528
1860,94.7789,133.251,104.279,56.9403,36.2923,54.0319,26.8019
1890,96.5896,134.229,101.366,56.7221,37.6945,54.6984,26.405
1920,94.198,134.351,101.77,56.9916,36.135,54.1294,26.5939
1950,105.424,145.085,113.025,56.0696,37.1806,53.2111,28.6495
1980,101.732,145.459,109.922,56.1073,36.5724,54.8716,28.5574
2010,103.054,145.097,110.485,55.358,36.8217,53.5935,29.1858
2040,102.588,143.675,111.315,56.2676,36.2957,54.2644,28.6401
2070,102.015,143.911,110.036,55.0866,37.6923,54.6833,28.8246
2100,103.441,142.75,113.064,56.3407,37.3737,54.6427,28.323
2130,105.642,146.518,110.936,55.8185,36.9049,53.7911,28.8325
2160,105.117,146.129,111.407,55.2408,36.1722,54.4986,28.9623
2190,102.105,144.77,109.916,55.7268,37.5648,52.992,28.6906
2220,104.361,146.805,113.212,55.2979,37.918,54.4693,29.0132
2250,104.444,145.582,112.57,56.6284,37.101,52.9627,28.3226
2280,101.367,144.662,111.921,57.1041,36.5715,54.8284,29.2892
2310,102.764,146.082,112.243,56.1633,36.5965,54.1927,29.1115
2340,101.739,145.664,110.632,56.8804,37.2503,53.1462,29.2241
2370,104.148,146.666,112.192,55.7581,37.161,53.6458,28.299
2400,101.979,144.324,110.008,55.2757,37.6877,54.0675,28.2964
2430,101.973,145.079,113.464,56.0865,36.7214,54.1599,29.2521
2460,76.6566,104.583,83.2829,56.7509,37.8875,54.8004,21.0732
2490,76.5934,103.639,82.0144,55.5434,37.9109,52.9964,21.169
2520,76.4357,105.169,82.6497,56.7625,37.5827,54.1167,21.457
2550,76.9106,104.191,83.6727,57.0354,37.4926,54.5904,20.8741
2580,74.3829,105.508,81.4008,56.8244,37.5141,54.8714,21.0513
2610,77.2248,107.651,83.9719,55.8688,36.1527,53.6173,21.2123
2640,74.0228,105.103,81.2846,56.4858,37.5876,54.4637,20.9235
2670,76.6712,105.113,81.2815,55.7311,37.1959,53.0559,20.7352
2700,75.5181,107.505,82.1247,56.1609,36.8496,54.2414,20.8207
2730,74.7411,106.351,83.0668,57.3643,37.2498,54.1898,20.9176
2760,76.859,103.314,83.9912,56.7325,36.8372,53.2309,20.9118
2790,80.0618,113.772,88.3868,57.1269,36.7353,54.6172,22.0281
2820,83.2986,113.722,87.2068,55.7663,37.6826,54.4341,22.6708
2850,80.3187,111.489,86.2093,56.1517,36.3126,54.4039,22.875
2880,80.9959,112.906,87.475,56.8931,36.8881,53.7381,23.693
2910,79.7089,113.224,89.2101,56.1281,36.1925,54.5695,23.4852
2940,83.1392,110.341,86.0225,55.192,36.379,54.7767,24.4036
2970,81.2511,113.165,86.8025,55.7359,36.2759,54.2407,24.8526
3000,81.6658,113.096,86.5115,54.9914,37.1245,54.0006,25.9145
3030,79.0753,113.875,87.9317,55.3065,37.568,53.7543,26.2266
3060,82.8901,110.671,88.7813,56.9541,36.9523,54.4452,27.1034
3090,81.8632,112.76,87.2869,55.2552,37.093,54.0566,27.0725
3120,81.9533,110.609,89.0409,55.5494,36.1953,54.8524,27.3844
3150,81.8358,111.902,86.3323,56.5462,37.0331,54.1515,28.5531
3180,80.4836,109.699,87.5402,55.4064,36.6926,53.3081,29.3309
3210,82.6137,113.909,89.2488,56.0493,37.3939,53.4246,28.8173
3240,80.2104,113.276,86.1505,57.2762,36.2682,54.656,28.3048
3270,79.1181,113.426,87.651,56.9607,36.8517,52.7235,28.07
3300,81.8509,110.268,86.8356,55.5798,36.5295,51.6616,27.5304
3330,79.5966,113.367,87.6234,55.897,37.6396,49.7816,27.4312
3360,78.8447,112.232,87.489,57.0227,36.9244,48.7104,26.7569
3390,70.7018,101.566,81.2593,56.7832,36.4894,47.2784,24.6841
3420,73.8767,110.368,95.6734,67.1739,37.1491,45.4896,23.6796
3450,77.8834,119.464,93.491,66.8881,36.6364,45.8312,23.8864
3480,78.9648,116.826,94.3032,64.8174,36.3705,42.9724,23.3153
3510,78.4549,120.043,92.8071,64.6054,37.3748,42.8985,22.2414
3540,78.7826,117.589,94.41,64.5191,36.0891,40.64,22.4887
3570,80.2205,119.372,92.2936,65.0012,37.3137,39.6908,20.6119
3600,80.366,116.954,95.0443,66.5153,37.3309,38.279,21.2165
3630,80.6943,117.585,94.2545,65.6482,36.8769,37.7945,20.639
3660,78.9536,117.663,95.2538,66.5988,37.8634,35.8904,20.9168
3690,82.8303,118.574,94.7515,67.1217,36.9919,37.0967,20.8972
3720,80.5521,116.002,92.6865,64.9708,36.3327,37.8309,21.1036
3750,84.0767,116.092,93.1564,66.4486,36.1166,40.0888,20.3868
3780,83.3167,116.095,92.1429,66.9252,36.6681,39.9321,20.8534
3810,82.0222,117.548,92.5806,66.8158,36.8947,42.4164,20.6698
3840,83.1651,116.635,93.1359,65.9365,36.9172,41.6601,20.8345
3870,83.9014,119.879,94.4592,65.7808,36.2772,44.998,20.2782
