Time,FC,PAS,PAM,PAD,temp,SpO2,FR
-1,72,150,108,84,36.7124,99,15
0,79.2,165,118.8,84,36.1985,99,16.5
30,77.9702,165.885,119.869,84,35.6845,99,16.1974
60,79.7762,166.275,119.174,84,35.1705,99,16.1214
90,80.143,163.234,116.783,84,34.6565,99,16.7366
120,80.1294,164.207,116.915,84,34.1426,99,16.8199
150,80.1907,168.521,118.937,84,33.6286,99,16.5299
180,78.5404,165.478,116.688,84,33.1146,99,16.2221
210,77.8004,169.081,120.681,84,32.6006,99,16.772
240,80.1843,161.277,116.523,84,32.0867,99,16.3595
270,79.9752,169.001,120.182,84,31.5727,99,16.3705
300,80.2537,164.73,117.438,84,31.0587,99,16.6148
330,80.4884,167.724,117.007,84,30.5447,99,16.5389
360,85.7955,169.035,130.755,84,30.0308,99,16.7899
390,88.3556,164.572,132.872,84,29.5168,99,16.2125
420,78.1144,161.319,116.647,84,29.8286,99,16.7909
450,79.1042,164.01,123.182,82.9177,30.7245,99.7287,16.6223
480,80.7642,168.306,120.503,82.8106,30.1736,99.7097,16.4329
510,81.0635,166.009,116.252,84.841,31.642,98.7595,16.2275
540,79.7012,166.492,120.483,82.7992,30.5468,95.6883,16.088
570,75.3349,126.75,92.6988,69.1916,30.6556,93.068,16.1852
600,80.7288,136.464,96.2628,67.8588,31.0984,91.1255,15.407
630,75.8033,126.887,95.6911,66.0772,32.4624,87.9696,14.5354
660,75.8087,128.51,90.3614,65.6813,31.4385,86.3253,14.5925
690,76.8142,131.937,95.3311,65.3021,33.0187,82.7674,14.3754
720,107.547,63.9391,93.8296,40.2392,32.0867,79.7436,13.9698
750,104.304,61.898,90.598,40.171,33.5103,95.9275,13.6915
780,102.306,70.0135,96.6289,41.7156,34.1714,95.8227,13.5332
810,102.787,66.1794,93.3917,40.9229,33.0545,91.8265,13.1566
840,99.9635,66.4707,92.8437,39.8517,33.4893,88.2156,11.9563
870,103.389,64.617,93.2562,42.2777,34.7703,90.2211,12.1538
900,99.7116,95.8689,96.1365,57.0713,34.3201,86.4895,11.8289
930,103.987,98.086,96.7069,57.0665,35.566,83.5706,11.8997
960,100.474,97.9295,116.681,59.3897,36.4773,80.6851,12.8512
990,102.41,99.4452,119.61,57.0508,36.3901,80.0772,12.0497
1020,102.101,100.603,121.233,58.9603,36.8566,74.3376,12.5043
1050,99.0534,95.9027,114.381,55.8957,35.8217,73.8598,11.8313
1080,101.48,100.836,114.931,58.5355,36.6719,70.486,12.4408
1110,101.602,96.0002,116.767,56.9863,37.2619,67.3027,12.4008
1140,102.963,100.699,122.043,56.3564,38.1898,67.468,12.3988
1170,99.6902,101.579,118.782,59.3327,37.245,62.5583,12.4359
1200,102.723,102.056,115.541,59.6265,38.1058,62.6381,12.9368
1230,71.6684,137.169,116.729,75.1803,37.2253,57.328,11.8229
1260,66.5352,114.991,100.766,71.295,37.5639,56.7757,12.5041
1290,60.1422,119.153,67.4762,63.0988,36.4339,55.3334,12.5628
1320,59.3295,116.527,70.5489,65.1745,37.272,80.4534,12.0536
1350,60.5849,118.636,67.1751,65.6483,38.0472,78.1194,11.9587
1380,58.1535,121.878,70.5768,62.6858,36.92,77.5483,12.0518
1410,59.3452,119.475,66.86,64.77,38.9396,79.8326,12.2889
1440,58.1255,117.062,70.9564,64.5643,36.611,78.2656,12.5648
1470,59.2264,120.205,70.6683,63.5531,37.6082,79.2313,13.0127
1500,59.7825,118.586,70.3207,63.8585,37.0937,82.5081,12.6387
1530,63.16,117.595,97.9211,64.833,37.674,84.4463,12.3949
1560,64.2461,112.001,94.6556,62.7805,38.1187,85.3951,12.7663
1590,63.9241,113.317,95.7058,64.4681,37.3543,85.394,12.6626
1620,58.7074,95.9044,84.1283,58.8395,38.0312,84.4283,12.8184
1650,64.7806,105.005,92.1493,54.9178,37.6413,85.6316,13.8572
1680,63.5928,101.838,92.5145,52.8297,38.1077,85.5665,13.7867
1710,65.1693,103.189,89.466,56.4493,37.382,84.7441,14.0167
1740,62.6407,106,90.0153,55.4821,37.7863,84.6348,13.5989
1770,76.5378,126.393,112.226,53.5437,37.6809,85.2285,16.9812
1800,68.2418,116.517,100.547,55.0678,38.7468,81.9004,16.9088
1830,65.93,114.169,99.9067,53.5902,38.1245,81.5792,16.3984
1860,66.2566,114.52,99.9578,55.1126,37.9834,85.5341,16.4855
1890,68.2203,117.629,98.1134,53.7172,36.2046,82.3658,17.0093
1920,67.8759,114.342,98.8497,55.0139,38.2683,83.5536,17.0078
1950,68.2944,115.069,96.9881,55.4371,36.9985,89.6014,16.9256
1980,66.8583,117.758,98.3442,53.7413,35.9976,87.9953,16.8774
2010,68.7887,119.661,96.2718,53.3164,35.8004,86.2164,16.804
2040,66.7956,118.248,97.404,53.6501,37.1587,86.6423,16.3684
2070,80.2697,132.178,115.118,55.0706,37.3223,87.923,18.0466
2100,77.7031,135.945,112.132,53.7011,36.7211,85.7962,17.4887
2130,78.7974,129.951,112.544,54.8492,36.2511,86.7824,17.8121
2160,80.6046,132.98,115.134,54.0032,37.2903,87.5175,17.4755
2190,78.2623,130.517,114.654,56.088,36.6506,89.3444,18.0182
2220,77.2511,135.555,111.891,53.6904,36.1668,87.1968,18.0777
2250,77.5979,133.154,113.729,54.1876,37.9438,90.1105,18.0011
2280,77.7261,134.166,112.155,54.0529,37.1874,87.5777,18.0826
2310,79.3132,129.925,115.315,53.9257,36.4069,86.3203,17.5584
2340,78.5596,130.977,113.481,56.0071,36.9452,89.4564,17.7184
2370,77.9262,131.204,115.179,52.9818,38.0059,89.8574,17.4834
2400,78.2956,136.306,113.432,56.3237,37.3816,89.9044,17.4941
2430,80.0047,134.141,113.344,56.4303,36.3523,86.3746,17.8538
2460,79.5785,133.37,113.677,56.4595,35.9037,87.533,17.767
2490,78.6898,130.628,113.994,54.1108,37.1919,87.7088,17.5311
2520,78.3256,135.163,111.908,55.8197,37.8079,90.0165,17.7145
2550,83.8049,138.192,119.074,55.741,37.3143,87.5416,18.2915
2580,81.9057,142.054,119.37,53.9199,36.5212,89.4448,18.3075
2610,85.0453,138.339,121.224,55.6243,36.5623,90.0207,18.6581
2640,81.8833,142.941,121.029,55.2164,37.7858,85.7676,18.3262
2670,84.9695,138.984,118.521,55.5308,37.6738,86.3361,18.6651
2700,83.4015,140.21,118.333,54.8743,37.3453,90.3673,18.2577
2730,82.8172,141.712,117.553,56.5019,36.5922,89.9448,18.107
2760,85.0926,140.837,120.431,56.0737,36.6551,86.7603,18.2639
2790,82.2702,139.566,121.589,56.7413,35.0316,89.7032,18.4986
2820,84.2592,136.57,122.052,56.9095,38.4159,86.7693,18.6252
2850,84.8523,138.167,117.964,56.2242,36.9716,89.4073,18.8166
2880,84.6463,139.371,121.116,57.0342,34.9383,86.4846,19.1844
2910,84.1635,137.131,117.444,55.5675,36.4692,86.0226,19.8965
2940,85.4934,137.32,120.148,56.6588,36.274,86.0627,20.2703
2970,82.7347,138.412,119.512,54.3955,35.4746,87.0638,20.6596
3000,85.3548,137.728,120.961,56.0929,36.5931,89.5845,20.7971
3030,87.2899,142.895,117.867,53.7459,36.1881,89.2304,21.0743
3060,88.9324,142.756,121.456,54.4117,35.6109,90.445,22.527
3090,90.8959,143.684,122.015,56.4601,37.0552,88.6847,22.9025
3120,92.1567,143.336,124.639,56.7033,36.4557,87.693,23.2419
3150,92.0451,144.276,121.951,54.1818,35.8484,88.9575,24.0091
3180,91.3452,147.575,121.222,55.3291,35.3821,86.7893,23.5871
3210,91.8564,141.311,124.335,54.1647,36.5271,83.4689,22.7871
3240,92.5328,143.283,122.492,53.7171,36.0445,80.8317,22.3804
3270,90.8411,145.304,124.515,57.1801,36.6065,81.4095,21.5112
3300,91.3521,141.001,123.341,56.7575,35.084,79.1088,21.4523
3330,90.6698,145.11,124.711,53.7839,34.9477,75.7186,21.0362
3360,91.0985,147.536,124.58,56.3019,36.1137,72.4769,20.0676
3390,90.9228,142.13,120.951,55.5033,37.3914,71.4445,19.6376
3420,90.7005,141.99,120.758,53.9559,36.7549,70.2583,19.5469
3450,88.2931,145.283,124.336,55.461,36.8315,65.6693,18.9814
3480,87.0554,141.631,122.229,54.0551,36.2245,63.1903,18.1581
3510,88.1677,142.667,123.615,55.692,35.2231,63.5668,17.7427
3540,86.4372,145.867,122.111,56.5572,35.7127,60.4196,17.6923
3570,87.6622,142.802,123.658,56.1316,37.3626,57.1527,17.6415
3600,85.1809,144.954,121.556,54.7435,35.7297,58.107,17.7684
3630,87.3763,141.081,124.459,56.8596,35.892,56.7156,18.0919
3660,85.9662,143.388,123.025,56.836,35.3098,61.5017,17.7826
3690,86.0867,145.107,125.105,57.1975,35.8358,57.0084,18.0375
3720,87.9121,142.206,125.077,54.0769,36.1787,58.9889,17.8148
3750,86.3935,141.979,121.543,56.037,36.1765,59.2043,18.2976
3780,87.2401,146.635,124.756,53.9747,37.6094,59.5147,17.7377
3810,86.7435,142.874,121.449,53.7243,35.7081,61.2517,17.8636
3840,86.3756,144.87,123.073,53.5269,37.7841,59.7142,17.856
3870,85.1907,144.014,120.789,56.355,36.445,62.1793,17.8714
3900,85.8222,144.915,122.998,53.9029,36.8508,60.226,18.2877
3930,85.5673,143.811,120.789,56.0905,36.8193,59.3549,17.6256
3960,85.9831,144.569,120.786,54.3801,35.7656,64.3929,17.9509
3990,87.7391,144.877,121.825,55.4369,38.0166,68.3174,17.7592
4020,87.0404,143.341,122.154,53.7082,35.9167,66.5185,17.8846
4050,85.0267,141.217,122.763,55.9897,35.9436,72.1908,17.0344
4080,70.2559,117.494,98.9243,53.9113,35.9063,74.1459,16.8889
4110,69.3104,118.395,99.2724,54.9369,36.2253,76.5371,16.6094
4140,69.8484,118.872,99.9197,56.4588,36.1479,76.9075,16.7042
4170,69.6219,114.432,98.7246,54.308,36.6836,79.4697,16.3681
4200,69.8606,115.708,98.554,55.6458,36.2105,82.5934,16.7875
4230,69.8805,117.236,97.9644,54.9184,37.0872,86.97,16.6171
4260,69.6838,114.115,98.7283,53.5231,36.2791,88.2035,16.443
4290,70.0317,117.588,99.5538,57.1864,36.5146,88.1412,16.4314
4320,67.926,113.907,101.153,54.4475,36.1838,94.7816,16.6697
4350,70.419,118.984,101.841,55.6297,36.5051,97.5275,16.3625
4380,67.0267,108.458,94.0889,55.298,36.383,95.8749,12.5396
4410,65.1344,114.187,94.3821,56.6952,35.6533,97.6195,12.851
4440,65.2104,112.12,97.7307,54.2894,37.0853,96.1441,12.7822
4470,66.3459,111.061,94.0599,54.0711,36.5121,93.7086,13.1267
4500,64.6847,108.937,95.9572,55.974,35.9535,96.6041,12.4965
4530,64.3515,113.412,98.1678,55.7989,37.8935,93.6649,12.6619
4560,66.1876,114.184,96.2627,54.7265,36.0115,96.6723,12.676
4590,66.6669,113.038,96.0841,56.7271,37.101,96.8077,13.1275
4620,67.2023,109.156,96.8101,55.9521,35.7039,96.2741,12.7107
4650,65.1117,111.632,98.4827,54.5166,35.5994,95.5557,12.5122
4680,64.652,107.851,95.8057,56.6257,35.2003,93.5204,13.1244
4710,64.2213,111.582,97.7329,56.6204,36.0352,96.6741,12.5396
4740,67.2627,110.213,97.5256,54.2608,36.7586,95.5634,12.5033
4770,64.4991,111.098,95.4828,55.7539,37.3245,96.1248,13.0296
4800,67.5191,107.981,96.9693,54.2708,36.3795,93.582,12.6559
4830,65.5855,114.071,94.4536,55.9774,37.1901,96.6084,12.7957
4860,65.2649,111.164,97.1256,53.937,34.8964,93.6884,12.5374
4890,66.9136,110.941,97.2623,55.273,35.8755,94.228,12.7117
4920,65.8239,113.861,96.574,56.3075,37.1021,92.9638,12.5541
4950,66.6069,108.428,97.6548,54.6367,35.5542,96.6496,12.7092
4980,57.1717,97.6841,85.5358,54.0578,36.932,94.0847,10.8039
