Time,FC,PAS,PAM,PAD,temp,SpO2,FR
-1,80,143,98,77,37.1819,100,15
0,88,157.3,107.8,77,36.6613,100,16.5
30,88.9367,159.468,109.01,77,36.1408,100,16.2433
60,85.9302,158.415,108.65,77,35.6203,100,16.1388
90,86.6511,160.154,105.716,77,35.0997,100,16.5133
120,86.2269,159.824,107.333,77,34.5792,100,16.6071
150,86.9372,155.29,109.176,77,34.0586,100,16.8722
180,89.4374,159.318,109.028,77,33.5381,100,16.7248
210,89.0558,158.066,107.343,77,33.0175,100,16.3254
240,87.8233,153.552,105.926,77,32.497,100,16.4766
270,86.193,155.175,106.687,77,31.9764,100,16.3783
300,86.3832,155.21,108.317,77,31.4559,100,16.6152
330,89.4918,160.475,107.246,77,30.9353,100,16.8836
360,96.2508,154.924,118.867,77,30.4148,100,16.4121
390,94.9462,153.81,118.071,77,29.8942,100,16.5401
420,88.7331,158.997,120.02,77,30.148,100,16.709
450,88.0628,157.711,122.347,77.77,30.7033,101,17.0033
480,87.7345,155.474,109.259,76.1292,31.6701,103.243,16.7866
510,88.5628,162.117,111.615,78.2486,31.1723,98.9765,16.4357
540,89.7646,161.134,107.787,76.9299,32.196,96.0551,16.6119
570,88.0624,127.529,88.0257,63.6894,31.19,92.3558,15.5851
600,85.9119,125.904,86.9053,61.8271,31.6904,85.8218,15.3489
630,84.1605,124.25,85.2878,61.9733,32.2978,84.4449,15.2741
660,85.1995,129.549,89.1112,62.6939,32.7772,79.6858,14.6258
690,83.7954,129.15,85.9369,62.7095,33.0516,74.7394,14.0536
720,76.6958,105.976,71.5543,52.1764,33.3461,70.2708,14.1372
750,70.7372,107.702,44.7351,51.6761,33.2265,68.319,14.0536
780,67.9965,107.923,49.3835,52.3437,33.3154,95.9895,13.7597
810,69.4182,103.777,46.465,53.7229,34.022,93.4613,13.061
840,68.0802,106.236,49.9822,52.9356,34.5617,90.2303,12.7183
870,66.7732,104.852,48.4689,53.2821,33.5969,86.8238,12.938
900,67.9703,108.377,45.2039,53.282,35.491,80.5973,12.5325
930,69.1136,108.688,49.0242,50.5295,34.6805,77.7961,12.6614
960,65.0688,141.114,69.1232,68.6067,35.6949,76.715,12.1646
990,69.819,139.38,88.9577,69.4243,34.8991,74.5051,11.9174
1020,68.95,138.188,92.0313,68.8974,35.6256,71.6277,12.0849
1050,71.1502,137.501,91.1145,69.0445,36.7184,67.5506,12.1951
1080,63.583,123.44,76.0438,56.3087,36.736,61.3917,12.2628
1110,71.3362,128.424,87.2255,58.1203,36.6001,58.8643,13.2273
1140,71.5725,132.996,82.4409,57.5713,37.4947,53.6642,12.9939
1170,70.3776,132.156,81.9671,58.4436,37.4588,53.7711,13.2151
1200,71.9947,129.832,84.3471,58.5284,36.9972,50.8564,12.7172
1230,85.275,154.58,105.836,57.4373,37.2366,46.9578,15.5079
1260,76.8151,146.53,98.103,56.6105,36.8943,38.6176,16.0514
1290,77.7356,144.841,94.2815,56.3723,37.2873,36.4145,15.3469
1320,75.4721,145.322,96.8589,55.8114,36.8484,35.5691,16.0857
1350,67.3026,117.531,81.4422,58.4228,36.2235,39.5405,12.0952
1380,65.7812,123.473,78.8861,56.0707,36.1263,36.7853,12.2475
1410,83.3803,154.426,99.7041,55.8576,36.6698,37.8298,15.44
1440,90.36,170.689,108.316,57.7221,37.6607,35.2389,16.9998
1470,94.5585,171.527,113.051,56.2233,36.3055,37.8194,17.8652
1500,94.3038,173.728,111.106,58.5627,36.3209,39.1731,17.8625
1530,76.8917,137.766,91.0749,57.439,36.6931,39.2568,14.345
1560,79.179,139.356,94.3365,55.4911,36.0933,37.236,14.3269
1590,75.7237,139.833,90.1897,57.5941,36.7294,39.9595,14.4579
1620,78.5234,140.049,92.8654,55.9218,37.2719,35.5925,14.6027
1650,64.4637,122.327,80.9512,57.0428,37.3927,37.4018,12.4899
1680,64.3211,115.348,77.6717,56.2433,36.5451,38.4436,11.6825
1710,65.3567,121.601,79.3084,58.0243,36.2351,36.3522,11.6832
1740,66.2161,114.491,80.2549,57.3189,36.4787,39.3702,12.0093
1770,63.7175,120.257,77.5888,56.3835,36.6422,37.999,12.0496
1800,70.7727,132.671,85.2967,58.1377,37.4116,36.4969,13.4177
1830,56.4978,105.303,65.443,58.9319,36.7996,40.5723,13.1344
1860,58.8063,100.444,69.462,57.8001,35.8739,39.6695,12.7357
1890,57.2234,103.807,68.941,58.1392,36.1168,37.0141,13.4484
1920,58.2771,105.419,68.301,55.8306,36.6107,36.7185,13.3281
1950,56.9343,102.56,68.9249,58.4416,35.7458,39.95,13.225
1980,57.8984,106.165,66.1489,57.4008,37.2887,35.9458,12.7535
2010,54.9908,106.376,65.9475,57.3848,36.2516,40.3838,12.8236
2040,57.6086,101.197,65.5216,56.69,37.2616,39.4956,13.014
2070,56.8486,107.328,66.025,58.746,36.155,40.4349,13.1846
2100,56.6147,105.946,66.5096,55.499,36.6528,38.5257,13.0963
2130,69.889,128.229,83.3807,57.3254,36.3672,40.0474,13.6985
2160,71.2266,129.692,80.6573,56.877,37.3428,37.4234,13.4504
2190,71.6334,124.108,80.243,56.5706,35.6082,37.4976,12.9879
2220,69.2931,125.719,84.1956,58.2175,35.6468,36.1548,13.4828
2250,70.6615,128.562,81.0669,55.9931,35.9675,40.2773,13.3965
2280,70.8158,129.522,83.2686,57.2877,36.5114,39.8427,13.5801
2310,70.0939,124.659,82.8057,57.0143,35.9363,39.1117,13.4543
2340,69.0408,123.615,84.629,57.9503,36.0527,38.8843,13.1726
2370,69.4854,129.132,80.112,55.6428,36.1181,37.5538,13.0313
2400,70.4899,125.558,84.5256,56.6484,35.5016,38.0258,13.5305
2430,70.3838,125.617,83.3809,55.93,36.2268,36.6863,13.3153
2460,70.8167,130.339,80.9314,59.2724,37.0598,36.1645,13.4016
2490,68.7133,129.147,79.5284,57.833,36.1957,36.272,13.4306
2520,71.3202,127.203,84.7709,57.0862,36.7562,39.2774,13.4868
2550,71.2542,124.718,82.7106,56.9368,36.1832,36.607,13.2984
2580,71.6921,126.356,79.812,57.6924,35.7877,37.1909,13.3456
2610,68.349,126.455,80.7707,56.8469,35.5216,36.8208,13.6919
2640,70.153,126.037,83.4666,56.7938,36.8094,38.395,13.5183
2670,70.2271,125.305,82.6231,56.8008,36.0541,35.9756,13.4874
2700,71.5511,125.226,81.0483,58.3297,36.3988,37.2883,13.141
2730,67.3298,119.575,79.751,59.263,37.102,36.2965,11.8549
2760,71.1084,136.782,89.2169,67.333,36.4925,40.7292,12.3955
2790,72.8207,138.32,91.8531,65.0025,36.6639,37.1829,11.8913
2820,71.4757,136.848,88.0094,65.0639,36.3064,37.7083,12.2191
2850,71.4797,139.77,87.8762,65.1005,35.8283,35.8067,11.5702
2880,72.0594,135.17,89.4008,66.6622,36.1157,39.2634,11.6213
2910,71.3139,139.7,87.462,67.5807,35.6675,39.8445,12.1592
2940,70.6782,135.145,87.5643,65.9415,36.0494,36.7272,11.8018
2970,70.832,139.197,87.2114,66.158,35.7343,36.3222,11.8416
3000,73.4769,135.689,88.7456,69.0359,35.6366,38.8708,11.9478
3030,74.0309,137.383,89.5954,68.9493,35.1489,37.9634,12.1133
3060,71.9685,137.024,88.3191,66.5124,35.7504,36.9852,12.0731
3090,74.6495,138.685,91.2317,68.8769,35.1079,39.118,11.7933
3120,72.6288,141.591,89.3162,69.323,36.7032,38.727,12.4973
3150,72.0833,137.168,89.0351,69.2349,35.9619,39.1274,12.4421
3180,73.8774,136.362,89.7754,68.811,35.6567,38.6075,11.8213
3210,74.7995,141.993,91.0245,67.8659,35.4538,36.9617,12.1293
3240,72.9565,142.767,91.1751,68.2027,36.2652,40.3845,12.6279
3270,74.5183,139.574,91.4914,68.8936,36.3199,40.2671,13.0874
3300,73.2465,141.459,93.1668,68.9939,35.7294,36.2232,13.3406
