Time,FC,PAS,PAM,PAD,temp,SpO2,FR
-1,53,114,75,57,36.5348,100,10
0,58.3,125.4,82.5,57,36.0233,100,11
30,57.0054,124.234,84.5322,57,35.5118,100,11.2443
60,57.086,128.526,81.9296,57,35.0003,100,10.8139
90,59.5248,123.755,81.168,57,34.4888,100,10.7767
120,59.2847,128.268,83.6761,57,33.9773,100,11.2026
150,59.4622,126.775,80.7036,57,33.4659,100,11.1626
180,57.5174,125.866,80.8937,57,32.9544,100,11.2077
210,57.3393,128.043,84.0561,57,32.4429,100,10.9077
240,58.8588,122.685,82.7835,57,31.9314,100,10.8591
270,59.6432,124.227,81.2715,57,31.4199,100,10.9081
300,58.639,125.444,80.6563,57,30.9084,100,11.0393
330,58.2312,125.247,81.0431,57,30.3969,100,11.2666
360,64.0202,127.715,92.2846,57,29.8855,100,10.7548
390,64.6304,122.855,89.0374,57,29.374,100,11.0513
420,58.261,128.05,84.171,57,29.6917,100,11.0074
450,57.4881,125.351,81.368,57.57,30.3064,101,10.8756
480,60.243,125.211,83.9364,57.4091,30.9845,102.464,10.8522
510,58.7111,128.41,83.3202,57.0272,31.2179,100.236,11.2266
540,59.0849,126.754,84.5995,58.5959,31.6413,97.6303,10.8584
570,57.1525,100.431,68.1912,45.4539,31.8145,96.2353,10.6344
600,58.4793,101.961,64.9191,46.2872,30.9614,93.6053,10.2944
630,55.593,99.4679,66.6047,46.1867,32.6031,88.8621,10.0057
660,56.678,98.9404,66.2232,46.2605,32.9825,89.2314,10.0839
690,56.0236,103.19,68.0831,44.7803,33.1579,85.2168,9.38184
720,53.6948,91.4412,60.9015,41.7292,32.4998,84.4995,9.3242
750,46.9782,88.3171,34.415,37.7545,33.2768,79.7171,9.29051
780,46.0588,83.8056,33.9875,39.0459,33.3892,101.953,8.74418
810,46.1498,83.1146,36.9675,39.1833,34.61,98.9498,8.65961
840,44.218,87.9633,35.4044,49.6177,35.1021,96.3648,8.5365
870,43.9039,86.7401,34.8148,49.5403,34.4315,90.1163,8.22817
900,46.2243,110.752,52.8189,50.5726,35.479,91.2292,8.10694
930,44.6435,112.654,50.8052,51.0644,36.06,87.8616,8.48014
960,45.886,110.171,51.5231,49.0379,35.9349,87.3138,8.42441
990,48.1705,111.653,70.1634,51.3512,37.0777,88.9557,8.46491
1020,48.0596,111.234,68.7028,49.3318,36.2629,86.3283,8.37097
1050,49.2558,112.11,68.3239,51.4115,37.357,80.9344,8.31372
1080,45.8104,102.199,64.5447,45.971,36.7327,81.0926,8.17113
1110,48.5094,103.045,65.656,41.651,37.45,78.5461,9.32
1140,47.976,101.388,69.012,43.8935,36.9689,78.5051,8.80833
1170,47.7461,103.843,68.6231,41.9661,37.1245,75.3,8.83773
1200,47.8485,105.158,68.4101,43.6162,37.0709,69.3123,8.85039
1230,58.8282,125.189,81.8717,41.9384,36.5669,69.0718,10.8974
1260,51.4371,110.849,75.2611,41.3995,36.7353,65.2773,11.2264
1290,50.7873,111.726,73.8642,43.4115,37.6721,65.9679,10.688
1320,50.8826,114.295,74.2139,43.605,36.9203,66.1953,11.044
1350,42.9507,95.7815,63.2686,43.3584,37.0002,63.3896,8.79139
1380,45.2391,94.7335,61.5057,42.7075,37.3427,65.8863,8.56163
1410,56.1756,122.305,79.4455,42.9184,36.0477,65.1935,10.7564
1440,62.9697,129.647,85.7867,42.5061,37.5575,64.6824,11.592
1470,64.0093,132.053,90.7225,42.5098,36.0952,65.9075,11.8794
1500,64.7999,136.316,87.5219,42.6494,36.9983,65.1156,12.3354
1530,51.6696,107.283,72.4419,42.6132,36.0291,63.0981,9.64464
1560,51.0579,110.1,71.7402,41.5091,37.6096,66.3778,9.90657
1590,53.0892,107.025,73.4199,41.8547,36.5617,66.249,9.97403
1620,52.0861,108.262,73.577,41.6469,36.2723,67.7382,9.96086
1650,45.3636,92.551,62.5746,41.7705,37.0403,63.8024,8.50675
1680,44.4243,89.6436,61.8615,43.7836,37.4471,63.4937,8.53687
1710,44.7014,93.2813,60.9644,43.1692,37.5914,64.4236,8.48498
1740,43.3172,94.2238,61.0835,43.7063,36.352,64.7517,8.54856
1770,43.875,90.0139,61.4689,42.3859,37.1851,64.193,8.31747
1800,47.7765,99.3767,65.8673,41.7948,36.9621,67.7468,8.8501
1830,38.5664,77.1198,51.8935,42.4037,37.3049,65.7302,8.84905
1860,39.3939,82.1818,55.7309,41.859,37.1598,65.3909,8.84758
1890,37.245,82.1674,51.9636,43.1751,35.9346,66.4129,8.84676
1920,39.6106,82.7608,54.4324,42.2869,36.2637,67.4,9.11585
1950,39.8323,82.1218,54.3476,42.8415,37.2292,66.3484,9.34053
1980,39.0295,78.1929,51.8155,42.8656,35.6905,67.8992,9.23999
2010,39.3408,79.7441,55.2776,43.9406,36.1136,67.5366,9.14697
2040,38.118,80.5886,54.5601,42.186,36.5083,64.5773,9.19138
2070,39.322,78.0632,52.7151,43.5808,35.5864,67.3245,9.01307
2100,39.4442,80.2344,53.0698,42.9149,36.9132,64.7376,8.88913
2130,47.8292,96.8271,67.089,42.9414,36.9608,66.8114,9.21618
2160,45.6943,99.0182,63.7622,42.5292,35.9663,67.0463,9.3525
2190,47.7297,95.5297,65.1442,42.8257,36.0755,66.4964,9.12434
2220,46.4899,98.3433,66.2781,41.7323,35.6387,63.225,9.33938
2250,47.9582,97.2953,66.9747,42.8909,36.789,67.0531,9.01348
2280,46.9799,98.3991,66.1092,42.7178,35.8687,67.1123,9.45521
2310,46.9239,98.7759,66.2873,41.7816,36.8081,63.9259,9.33166
2340,45.7082,100.445,63.5979,42.252,36.2277,67.1178,9.21136
2370,47.0794,100.343,64.3223,42.1573,35.8821,63.7661,9.41682
2400,48.4122,100.953,63.4013,42.5041,36.3558,66.6837,9.45035
2430,47.7548,98.3114,67.0355,41.8061,35.6912,66.1729,9.13477
2460,48.2447,100.031,63.6776,43.9687,36.6439,64.0282,9.08847
2490,45.9534,94.9181,66.6458,43.0686,36.9818,63.3753,9.45114
2520,45.994,96.2438,66.748,41.5395,35.6727,67.4425,9.2228
2550,47.6545,98.7342,65.2584,42.5209,35.6128,64.9505,9.27754
2580,46.5551,94.8891,63.2638,41.9246,36.8509,63.6313,9.02524
2610,47.1296,96.9072,65.2226,43.1176,35.9656,64.4449,9.08182
2640,46.2854,97.113,64.1863,42.3315,36.4037,63.3352,9.18948
2670,47.8629,100.9,63.2635,42.6267,36.3534,65.509,9.43601
2700,48.2032,100.493,65.5673,41.4054,36.983,65.8764,9.08499
2730,45.6582,93.2762,61.1388,42.0009,35.3654,67.7624,8.56106
2760,47.4841,98.0187,65.0767,46.3844,36.4133,65.1433,8.6072
2790,49.7814,107.437,71.3589,50.7258,36.1307,65.4441,8.29926
2820,49.7412,110.606,70.8894,50.0622,36.9207,67.6233,8.48999
2850,52.4882,107.413,69.6637,49.4317,35.6586,65.7259,8.48323
2880,51.3339,107.499,72.2532,49.6747,36.6434,67.4144,8.17335
2910,52.1195,106.407,70.2364,49.4041,36.7827,66.4155,8.31091
2940,52.3811,105.614,73.1756,48.6634,35.5873,64.3097,8.59446
2970,52.2254,105.808,72.5603,50.2412,36.547,67.1623,8.22264
3000,55.2416,107.132,69.6654,48.1628,36.853,66.7995,8.42298
3030,54.9821,108.93,73.0698,50.5231,36.958,63.4082,8.27175
3060,55.5054,109.862,72.9653,50.7879,36.9005,66.776,8.17107
3090,53.6474,105.125,70.1216,48.3146,35.5036,67.7063,8.54414
3120,56.0232,110.07,70.1311,50.1442,35.3533,64.2783,8.48732
3150,56.4686,105.316,71.2285,49.7531,36.2568,64.5869,8.30403
3180,55.3341,107.822,72.9127,49.0608,35.3257,68.7164,8.21455
3210,53.4988,108.084,71.3773,48.6769,35.8232,69.262,8.04637
3240,55.1997,109.826,70.5431,49.7013,35.1424,68.1991,7.76767
