Time,FC,PAS,PAM,PAD,temp,SpO2,FR
-1,120,80,55,48,39.1498,94,30
0,132,88,60.5,48,38.6017,94,33
30,134.463,87.0425,59.5554,48,38.0536,94,33.462
60,129.187,86.0044,61.9553,48,37.5055,94,32.6931
90,131.478,89.9902,61.5337,48,36.9574,94,32.8421
120,132.098,86.6864,61.0454,48,36.4093,94,32.7005
150,134.863,87.7947,59.1847,48,35.8612,94,33.0407
180,135.268,89.3916,61.4258,48,35.3131,94,33.7866
210,135.055,88.409,59.0606,48,34.765,94,32.1794
240,130.415,87.1766,61.8734,48,34.2169,94,33.1728
270,132.039,87.6303,61.4232,48,33.6688,94,32.9933
300,132.031,88.5348,61.8561,48,33.1207,94,33.6457
330,129.324,88.6204,61.1311,48,32.5726,94,32.554
360,147.423,89.2659,67.5861,48,32.0245,94,33.3524
390,147.587,90.1672,65.1835,48,31.4764,94,33.7039
420,144.688,88.4445,60.0268,48,32.0288,94,32.2268
450,145.857,90.0451,60.6309,48.3754,33.4306,96.1673,32.997
480,133.908,89.3577,60.7365,47.2405,32.3506,94.1873,32.3029
510,130.819,88.2642,61.3561,46.6797,34.1775,99.3588,33.2688
540,128.431,88.9175,61.3963,47.279,34.2882,97.3755,31.2456
570,130.007,71.0007,48.9132,37.3964,34.6805,90.2993,31.5749
600,131.234,66.6688,49.942,37.9599,35.0445,89.0147,30.5697
630,127.368,71.3321,46.4404,37.8522,36.2385,86.5599,30.0125
660,122.862,69.1238,48.2334,40.1221,37.1047,82.0872,29.8597
690,123.395,69.6137,48.7547,37.1284,35.8892,78.2773,28.6861
720,115.854,59.8314,40.3312,33.7084,37.1734,73.024,28.3325
750,106.027,61.6426,28.977,33.6086,38.4006,71.283,27.1792
780,102.227,58.8337,27.2128,32.3809,36.7888,86.4358,26.1631
810,103.968,55.6426,27.6104,33.9396,36.2732,84.8874,25.064
840,101.131,55.6979,28.5742,40.8423,37.508,80.9129,25.8365
870,100.137,59.9882,27.8328,42.4184,37.2635,75.1682,25.1299
900,99.8226,59.9655,37.9879,41.7636,37.9647,73.4583,25.2117
930,99.9827,56.6935,37.7809,41.689,36.506,71.846,25.15
960,99.9947,78.8948,37.9622,42.2119,36.0732,69.4151,23.9229
990,105.993,79.2492,53.7398,42.1784,37.7138,63.6199,23.8127
1020,108.872,75.5652,52.673,41.4347,36.1547,61.9853,23.8879
1050,105.639,81.3898,52.0519,40.399,35.8963,60.7988,23.9439
1080,96.8119,66.3191,45.3704,35.4974,37.6094,54.2905,23.4933
1110,108.496,70.8451,50.0215,36.1855,38.4324,49.5971,26.2459
1140,108.775,74.4216,46.7798,34.6611,38.301,49.2398,25.7332
1170,107.28,71.3791,47.2695,36.6096,36.5442,43.7333,26.1554
1200,107.869,70.4371,51.1783,36.3232,37.0064,42.0848,25.815
1230,132.072,86.9939,61.5943,35.9753,37.8899,35.6939,31.4165
1260,115.848,75.298,53.6118,37.198,37.2197,35.8536,31.4852
1290,114.764,74.2941,56.6027,34.3068,36.6204,30.7809,31.9831
1320,115.161,77.5523,54.2618,34.6987,35.9278,29.4101,31.8559
1350,115.751,74.3491,53.0855,34.8703,36.3814,29.5635,32.0301
1380,115.451,77.9353,55.6948,36.2305,38.2959,31.9251,31.5887
1410,115.984,78.5522,54.1001,34.718,35.8383,29.4371,31.9649
1440,115.398,76.4041,56.7268,36.8272,37.3423,31.7023,31.719
1470,114.475,77.6738,55.582,36.2672,35.7525,32.0006,31.9742
1500,115.79,75.0841,54.0877,36.5798,35.8044,29.9308,31.9946
1530,132.717,88.4813,59.1399,35.1213,36.3938,30.153,33.9812
1560,134.386,85.8158,59.2506,35.0643,36.9682,33.6463,34.5031
1590,133.07,88.7287,61.4179,35.2166,36.4438,30.4697,34.132
1620,133.472,88.9129,59.7621,35.1847,37.1586,30.609,34.4915
1650,135.247,86.4167,59.8197,35.2794,36.0542,32.9204,34.3159
1680,133.788,89.4943,63.5027,36.9775,36.8126,33.4524,33.9875
1710,133.486,86.6088,61.8712,37.5173,36.8934,32.0436,34.1218
1740,133.597,88.9617,62.5789,34.7064,38.2563,30.2179,34.1508
1770,132.716,86.6609,62.8677,35.2238,36.7514,34.8569,34.4192
1800,132.692,91.2698,61.8993,35.0133,36.8695,32.6509,34.5128
1830,134.434,86.1799,63.1447,36.7783,37.1911,30.9539,33.8658
1860,135.787,91.3667,60.5084,36.5204,37.2523,30.7631,34.4992
1890,134.671,91.5102,59.9999,34.4067,36.063,34.3192,34.1019
1920,132.888,88.3918,62.2389,37.0097,36.8381,33.5537,33.9729
1950,133.814,89.0854,59.1387,35.0399,36.9779,31.9792,34.3362
1980,133.059,89.8912,60.8241,34.2547,36.069,34.5731,34.2653
2010,141.303,92.0664,65.0345,37.3624,36.5815,31.6528,35.0016
2040,139.55,91.3014,62.8161,37.2242,37.091,30.7085,35.1221
2070,141.461,92.2983,65.594,35.7012,35.9919,30.7009,35.0929
2100,143.008,94.5771,64.3806,34.2555,35.8642,33.212,35.1015
2130,141.774,93.4704,63.8462,37.5733,37.9965,31.897,35.4602
2160,142.473,95.1816,65.6659,34.3287,37.6746,33.0142,34.7203
2190,139.901,93.9724,64.2336,36.1177,37.2323,30.399,35.1206
2220,140.099,95.3541,64.5362,35.1301,35.4584,34.012,35.2654
2250,141.677,92.8992,65.044,36.0792,34.9819,32.4843,35.3434
2280,142.098,93.3796,65.8793,35.1925,36.2263,31.8789,35.0168
2310,142.944,97.0828,66.4478,36.2339,35.9637,30.722,35.2899
2340,142.176,95.9863,61.912,37.2575,38.1509,32.9924,35.1219
2370,139.783,93.1972,62.2433,34.8055,36.6106,30.028,34.71
2400,143.076,96.9058,63.4954,35.1691,36.8351,33.5729,34.8737
2430,141.96,95.8598,65.8038,35.1283,36.231,30.1662,35.0716
2460,142.285,91.6986,63.5386,36.8438,38.2995,31.5801,34.6655
2490,140.505,93.9908,62.7288,36.6883,35.2301,33.9048,35.473
2520,142.715,93.923,63.7496,35.9221,38.2891,33.7898,35.611
2550,145.119,96.9077,66.5069,36.0559,37.5641,30.1884,35.4404
2580,146.087,95.5761,63.1084,37.3799,36.3447,34.6097,35.7147
2610,145.793,93.8005,64.4331,37.5291,35.7919,34.5806,35.5098
2640,143.762,94.1142,67.0034,35.2653,36.4297,34.3543,35.8752
2670,143.693,97.5634,64.4836,37.7419,36.7334,31.8739,35.5982
2700,145.793,96.1537,64.7072,35.2882,37.2723,30.0499,35.8321
2730,144.477,95.5759,66.2139,37.4834,37.2271,31.9176,35.955
2760,145.899,95.0626,63.8721,34.5839,35.1843,30.0023,35.4645
2790,145.883,95.5823,64.4448,36.0857,37.8532,30.4833,35.7638
2820,143.68,96.5127,62.8339,35.2002,36.6902,30.6106,35.5542
2850,144.635,98.7244,64.6002,34.7093,37.4549,30.6423,35.568
2880,143.501,95.5858,65.538,35.0994,37.0501,33.2699,35.5414
2910,143.233,93.3503,62.6583,37.6185,36.5993,33.5849,35.2625
2940,145.896,98.0104,64.6552,36.6305,37.4263,30.9871,35.4458
2970,145.233,97.0239,65.0227,34.6682,36.805,33.271,35.6734
3000,144.895,94.8361,66.8168,36.684,37.4712,30.9868,35.1314
3030,148.367,94.3865,67.1587,36.0978,36.6194,33.4852,35.1776
3060,148.905,93.9166,66.095,35.6913,37.7413,33.9337,35.3567
3090,150.375,95,64.2496,34.6443,34.5962,33.7474,35.2678
3120,150.414,97.1935,66.2292,35.4023,36.8077,31.5958,35.9979
3150,151.052,94.8542,64.5641,36.5218,34.7751,33.3738,35.7255
3180,151.204,95.7265,66.9675,34.63,36.5673,33.8643,34.6108
3210,150.114,97.2122,63.06,34.7324,37.3511,35.5744,33.9672
3240,151.833,99.0439,64.1994,37.3557,37.4296,40.6747,33.3983
3270,153.404,93.848,66.2405,34.608,35.8335,42.3273,33.087
3300,152.944,96.1925,65.7407,35.7481,36.6841,43.7173,32.1325
3330,151.731,96.0624,64.5355,35.9235,36.1393,46.5049,31.9147
3360,150.026,98.1693,66.0796,36.3725,36.1007,50.1616,30.829
3390,148.974,96.1961,65.0684,37.7883,36.2695,51.7263,30.4529
3420,147.62,94.4174,63.7434,37.5287,35.7628,52.3792,30.3631
3450,144.279,96.9297,63.75,36.0363,35.854,55.6032,30.2025
3480,144.531,93.6514,63.7767,37.8231,36.9415,58.3459,29.6372
3510,144.606,99.0145,67.9953,35.7064,37.0915,59.7775,27.6283
3540,116.994,76.1389,51.4502,37.6521,37.1414,64.6663,27.8584
3570,114.595,79.3792,51.81,35.4305,36.7567,68.272,29.3233
3600,117.392,74.4668,53.9287,35.6033,34.8968,67.9196,29.4913
3630,114.857,75.9568,53.0575,34.9753,37.6207,71.6375,30.3122
3660,115.367,80.0282,51.789,35.486,35.5344,72.227,31.0079
3690,114.287,78.0749,53.7268,36.497,36.6121,75.7656,31.3645
3720,117.784,75.9822,52.2323,37.8122,37.1938,77.1154,32.4928
3750,115.247,79.8516,53.9789,35.0047,36.9123,81.4584,32.6051
3780,116.293,74.2076,51.5718,34.6849,35.9549,83.602,32.6755
3810,115.582,76.4885,53.3176,37.3286,35.21,87.9024,32.5837
3840,110.876,74.5592,48.576,35.4146,35.6539,85.3565,27.7108
3870,109.493,76.9659,52.16,34.9464,35.94,88.7906,27.9414
3900,110.557,75.0874,53.0205,37.1675,35.8659,94.6645,27.6455
3930,108.513,75.5901,50.1638,35.3468,36.6995,93.9587,27.5992
3960,111.85,73.2791,52.0845,35.4829,36.8914,96.8581,27.8859
3990,111,75.4866,53.0603,34.7427,34.8703,97.1686,27.6821
4020,111.513,77.0598,50.153,34.6058,35.7364,95.2545,27.5573
4050,112.201,77.1235,51.76,37.6136,36.6855,94.2386,27.2485
4080,109.67,71.9708,50.2162,37.7795,36.4334,96.1397,27.5832
4110,112.052,75.7731,51.0966,38.1123,36.9203,95.417,27.7041
4140,110.053,77.3208,51.5886,37.632,35.1668,94.0208,27.2898
4170,108.974,77.6835,48.5574,35.9161,36.8835,94.7697,27.401
4200,110.371,76.563,49.4012,35.7907,36.2485,96.5443,27.9875
4230,110.976,73.6337,53.1237,36.3788,37.0398,93.1279,27.3822
4260,110.501,76.2873,49.0987,37.1454,37.0314,96.7241,27.2591
4290,110.204,76.8572,50.855,36.0751,36.6088,95.8798,27.7662
4320,111.575,76.9029,48.7808,37.6169,37.515,96.5047,27.5317
4350,109.473,76.3348,52.9974,34.9956,35.1887,94.2651,27.8965
4380,111.878,74.3881,51.3216,37.6128,36.9323,97.197,27.4643
4410,109.761,74.1562,52.2149,36.5727,36.0161,93.7602,27.3236
4440,97.7178,65.4165,43.3086,35.1363,36.3639,95.3315,23.7555
4470,109.418,77.1945,53.0641,40.2032,37.2279,96.7557,23.7688
4500,108.47,76.7747,51.8994,41.3557,36.5818,95.8459,23.5756
4530,109.699,76.8021,54.1687,40.6394,36.2171,94.0273,23.615
4560,108.318,76.1655,52.4668,42.1919,34.8424,92.512,24.1276
4590,108.975,77.5075,54.6591,40.6757,36.7425,91.8228,24.1528
4620,107.736,79.7087,51.6017,40.6574,36.4886,90.6722,24.1541
4650,108.426,74.8538,50.6506,41.355,35.4804,91.8742,23.8814
4680,109.736,74.109,51.2041,43.5841,34.8367,93.0274,23.8899
4710,109.809,78.5888,53.963,41.0645,35.978,89.6611,24.0021
4740,107.884,76.4877,54.5657,41.7779,35.4934,90.6635,24.0187
4770,108.436,76.5023,50.8514,42.3759,37.1518,89.9094,23.8201
4800,109.792,76.2714,52.7239,43.04,36.0415,90.8844,23.6442
4830,107.129,74.8509,53.1103,42.229,36.6939,90.4072,24.0349
4860,107.419,75.0475,51.5076,41.939,36.3027,90.0996,24.0898
4890,106.895,76.0402,52.6149,43.004,35.7411,90.4278,24.0543
4920,107.073,79.0105,53.3047,42.3635,34.6808,93.4505,23.5574
4950,107.555,77.0368,54.1835,42.6156,35.019,91.1372,23.6992
4980,108.025,78.2833,54.588,42.7719,35.17,91.6751,23.636
5010,108.55,74.4634,51.1567,42.0324,36.0053,90.4369,23.6647
