Time,FC,PAS,PAM,PAD,temp,SpO2,FR
-1,46,120,90,60,37.086,97,18
0,50.6,132,99,60,36.5668,97,19.8
30,50.2221,134.777,98.5682,60,36.0476,97,20.1573
60,50.0316,129.67,100.505,60,35.5284,97,19.6985
90,51.0031,133.636,99.6344,60,35.0092,97,19.5689
120,49.9096,132.385,101.164,60,34.49,97,19.8134
150,50.8828,129.594,98.9105,60,33.9708,97,19.4274
180,49.9522,129.965,96.7497,60,33.4516,97,19.6426
210,50.6445,132.107,98.9352,60,32.9324,97,19.7997
240,51.1544,129.962,97.7553,60,32.4132,97,20.2106
270,50.888,133.414,98.8717,60,31.894,97,19.3997
300,49.5034,133.91,97.6645,60,31.3748,97,19.3755
330,51.0303,135.103,97.8214,60,30.8556,97,19.8028
360,54.5808,129.66,106.406,60,30.3364,97,19.8494
390,54.547,129.936,109.971,60,29.8172,97,19.5319
420,54.9601,129.686,110.972,60,31.0143,97,19.4258
450,56.3966,133.756,110.814,60,32.2114,97,19.9373
480,49.5262,135.192,99.5437,60,33.4086,100,19.997
510,49.5238,134.233,100.26,60,34.6057,99.3673,19.1999
540,50.6562,104.097,76.6552,48,35.4568,93.3415,18.9363
570,49.54,107.364,80.0314,48,36.6539,91.7143,18.4233
600,48.7476,103.77,77.4005,47.6484,36.3023,90.1276,18.4945
630,48.2058,105.827,79.9618,47.2451,36.929,87.858,18.0428
660,43.3229,87.5485,70.8297,41.6566,36.4441,83.1881,17.6619
690,39.6098,90.4455,41.0115,39.8164,36.1109,83.4496,16.8651
720,39.1971,86.6381,43.057,39.7234,36.2141,92.8841,16.0545
750,38.7844,88.9129,41.7098,42.0856,35.4651,89.0043,15.6867
780,38.3717,90.9931,40.1221,39.9729,35.6791,87.1827,15.2904
810,37.9589,118.946,61.7185,40.397,37.0995,83.6333,15.6646
840,37.5462,113.996,61.2362,41.9314,36.7345,81.3423,14.3385
870,37.5462,114.002,61.6381,41.4478,37.3353,82.5202,14.5459
900,37.9268,115.796,62.8899,41.759,36.4648,84.3512,15.2637
930,39.7557,114.527,80.9474,52.9132,36.7144,78.3281,15.1236
960,39.5434,114.808,81.7815,53.0037,37.0926,78.3132,15.1595
990,39.5593,117.246,82.1542,53.646,36.2504,77.0149,15.2495
1020,37.2897,99.5455,77.1068,44.7595,37.6618,73.4801,15.0244
1050,40.8125,106.042,78.1401,45.2112,37.6563,72.482,16.8961
1080,39.6764,107.471,78.079,44.822,36.3994,70.3355,16.2989
1110,40.8421,105.491,78.9598,43.8826,36.5877,69.7304,16.9448
1140,40.0544,108.175,78.8595,44.1576,37.6453,63.8695,16.7311
1170,41.3574,108.111,80.6394,44.7051,36.1549,60.7146,16.6922
1200,42.0401,108.725,81.0533,44.0618,37.0006,58.2904,17.0521
1230,37.4773,98.221,72.0038,44.6658,36.2872,55.6594,15.2919
1260,36.8447,95.198,70.9335,45.39,36.1479,56.4544,15.6701
1290,37.9509,94.9905,71.6691,45.0585,37.1724,54.6792,14.9934
1320,37.3897,97.1834,70.3338,44.9332,36.4861,53.7707,15.4609
1350,48.3336,123.489,90.7055,44.66,37.7361,55.8752,20.0653
1380,46.7558,126.88,90.6976,44.6724,37.8873,55.353,19.5857
1410,46.7702,123.904,90.2441,45.6819,36.5778,55.5733,19.8423
1440,48.651,127.143,91.7569,44.867,36.9657,55.7363,19.4864
1470,48.2916,125.687,92.2564,44.7162,37.516,56.2627,20.0843
1500,48.2362,125.898,92.0985,45.2487,37.1513,56.2384,19.5322
1530,47.979,124.252,90.8762,45.0299,37.0961,55.3901,19.8314
1560,48.5592,126.896,93.3618,45.2432,37.6697,55.7875,19.6038
1590,47.4932,123.445,90.7522,43.959,37.4978,56.5531,19.8191
1620,47.9491,126.257,90.9975,44.3198,36.8949,56.6671,20.1571
1650,46.7834,126.153,90.0401,45.0418,36.175,55.5437,19.5892
1680,48.0739,125.539,92.2299,44.7233,37.0101,56.3107,19.5494
1710,47.5467,123.553,91.0336,45.2918,36.6199,56.1508,20.0369
1740,46.8696,124.7,90.7854,45.0924,36.4022,56.2154,20.098
1770,48.1052,124.812,92.5704,45.1555,36.4056,56.7333,19.6367
1800,47.242,123.022,91.359,45.5405,37.2632,55.4164,19.6619
1830,47.057,126.017,91.2936,44.8988,37.6777,56.5787,19.6342
1860,47.0864,123.798,93.3501,44.3152,37.2373,55.7147,20.0963
1890,48.5178,126.188,92.2982,44.7141,36.4199,56.1147,19.5127
1920,47.5371,123.765,91.0171,45.0568,36.5333,56.6054,19.7881
1950,52.7658,136.882,100.635,43.9401,36.9407,55.4523,21.6119
1980,51.5318,136.904,100.926,44.8587,37.8838,56.7338,21.7387
2010,52.1374,137.917,100.168,44.6901,37.4368,55.746,21.8258
2040,52.8383,136.491,101.34,44.4379,37.7,55.6863,21.8601
2070,51.0679,137.537,99.333,43.8968,37.3058,55.3247,21.2327
2100,51.0837,133.863,100.334,44.8032,37.6504,56.0302,21.9233
2130,52.635,134.193,100.598,44.7426,36.3562,55.7607,21.8366
2160,52.7615,135.633,100.6,45.488,36.3621,56.4012,21.2649
2190,50.8616,137.041,101.588,44.1851,37.3713,55.8451,21.3254
2220,51.6025,134.816,99.0531,44.8669,36.7912,56.8589,21.9265
2250,51.3188,134.497,101.438,44.005,36.7957,56.4539,21.5773
2280,51.9892,137.35,99.4888,44.723,36.7151,55.391,21.3728
2310,51.8993,136.325,99.4089,44.9342,36.8729,55.8866,21.718
2340,51.081,136.178,101.224,44.8645,37.7436,55.4934,21.9496
2370,51.4311,137.683,101.556,44.9243,36.385,56.9765,21.6461
2400,52.0239,135.809,98.6368,44.0585,36.7877,56.1704,21.5901
2430,52.412,135.765,100.864,44.3272,36.3481,55.4911,21.7718
2460,38.299,99.3906,73.5079,45.288,36.1047,55.9165,15.6126
2490,39.0546,99.4689,72.6602,44.2803,36.7559,55.6352,16.0122
2520,38.2024,97.8945,73.0898,44.0466,37.1837,56.1275,15.5961
2550,39.2029,101.622,74.3704,45.2977,36.8527,56.1907,16.1713
2580,38.2746,100.128,74.3634,44.1555,37.9011,55.622,16.1026
2610,37.0201,99.7806,72.173,45.71,37.7904,55.8149,15.5512
2640,37.6713,99.5662,74.8855,45.5288,37.0547,55.6787,16.1526
2670,37.3003,100.43,72.3226,44.0921,37.0969,56.8298,16.0823
2700,39.1766,98.886,74.5806,44.9462,37.6936,56.2074,15.9733
2730,38.9342,100.486,73.786,45.6015,36.3624,56.4293,16.0512
2760,37.1973,101.492,75.0599,44.6232,36.688,56.7539,15.6124
2790,41.1257,108.671,77.3211,45.8478,37.2312,55.7521,16.4774
2820,39.6066,104.544,80.0394,44.1658,36.7451,56.6169,16.9225
2850,39.7398,105.132,78.1506,44.0674,37.6449,57.0034,17.1333
2880,39.2203,106.607,79.4418,44.0383,36.8193,56.5523,16.752
2910,40.8421,106.3,79.166,45.0544,36.8811,56.7987,16.8416
2940,39.3466,104.468,79.2076,44.3424,36.2765,56.4539,16.6939
2970,40.2569,105.73,77.146,45.2825,37.037,56.1489,17.0125
3000,40.0329,105.927,79.5135,44.6126,37.7252,56.2947,16.748
3030,39.8673,105.187,80.0168,43.9206,37.2945,56.4189,16.8706
3060,39.4228,106.086,77.5744,44.1768,36.9105,56.9596,16.6981
3090,40.7362,106.776,78.6133,45.4341,36.1318,56.8595,17.0531
3120,41.6715,105.873,77.9526,44.9594,37.4206,56.5804,16.6444
3150,40.6839,106.869,79.7837,44.9893,37.6929,55.4235,16.7683
3180,42.8622,107.505,77.1737,44.917,37.5856,56.2206,16.9532
3210,43.0711,108.504,78.9913,44.6007,37.0082,54.1973,16.8391
3240,41.3168,106.661,80.179,43.891,36.5783,53.2015,16.7412
3270,42.841,104.532,76.9382,44.1483,36.3739,52.3343,17.4269
3300,42.6857,106.39,77.0849,44.2837,36.7729,51.3164,16.8315
3330,43.1374,106.959,79.5562,45.1329,37.1357,49.8661,16.8547
3360,43.278,105.337,78.2046,44.0482,37.5045,47.8212,16.7741
3390,38.2498,97.6257,71.162,45.5937,37.4732,46.6245,15.3899
3420,41.508,115.575,75.5959,51.5499,37.2575,45.3974,15.0497
3450,42.6754,115.499,84.3674,51.8733,37.5618,43.8946,15.9123
3480,41.5752,111.12,83.7476,53.1209,37.8537,43.3872,15.1903
3510,40.5258,114.405,82.9806,51.9046,37.419,40.6154,15.7202
3540,41.1364,115.501,81.5789,52.8954,37.5903,39.1674,15.7843
3570,40.9004,114.115,83.7208,52.2434,37.0476,38.5676,15.6513
3600,40.6671,115.775,82.7671,53.2888,37.8845,36.3715,15.6261
3630,41.7714,115.821,83.3158,53.8081,37.2748,36.7462,15.4292
3660,40.7497,111.717,84.0235,53.74,36.1582,35.0174,15.6899
3690,41.6311,115.464,81.964,52.2777,37.0345,33.7009,15.7355
3720,40.1512,112.652,81.7073,52.3949,36.6068,31.6977,15.421
3750,40.5516,113.652,83.5145,52.0151,36.9951,29.7379,15.4604
3780,40.335,111.729,82.6608,52.7304,36.604,28.3001,15.6433
3810,40.6662,115.504,81.5805,51.9827,37.55,30.0873,15.462
3840,41.0036,112.588,81.5027,51.878,36.7435,28.1242,15.4787
3870,41.3995,114.206,83.8673,53.5393,37.7534,28.5928,15.6386
3900,40.2798,114.653,83.6052,52.2682,37.6981,32.2939,15.7648
3930,40.7935,111.303,84.1437,53.5626,36.7929,32.9288,15.9312
