Time,FC,PAS,PAM,PAD,temp,SpO2,FR
-1,101,147,95,75,36.7539,98,19
0,111.1,161.7,104.5,75,36.2394,98,20.9
30,113.41,158.766,103.219,75,35.7248,98,20.9054
60,109.588,161.648,103.015,75,35.2103,98,20.5216
90,109.12,158.024,102.31,75,34.6957,98,20.9605
120,111.631,157.849,105.889,75,34.1811,98,21.1426
150,108.993,161.503,104.23,75,33.6666,98,21.3228
180,109.564,164.533,102.111,75,33.152,98,20.9054
210,113.775,160.193,107.101,75,32.6375,98,21.4173
240,110.185,158.314,102.104,75,32.1229,98,21.2705
270,113.722,159.33,106.471,75,31.6084,98,21.0267
300,110.944,164.925,102.399,75,31.0938,98,20.4114
330,112.904,160.827,106.496,75,30.5793,98,21.3888
360,121.683,164.538,114.012,75,30.0647,98,20.6074
390,121.654,160.767,114.106,75,29.5501,98,21.328
420,109.786,163.895,113.151,75,30.4814,98,21.3134
450,112.555,165.598,116.693,75,31.4126,98,21.3848
480,113.268,163.544,103.753,75,32.3438,100,21
510,108.636,163.656,106.942,75,33.2751,95.9595,20.3125
540,107.145,130.635,83.1714,60,33.8736,96.8197,19.4546
570,107.219,127.978,80.9358,60,34.8048,95.224,19.4558
600,107.846,127.199,83.5139,59.2907,35.1446,93.0419,18.7332
630,103.782,129.652,84.7024,60.9125,37.1778,91.6463,18.8816
660,98.7673,119.359,74.2315,51.8083,37.1916,89.8119,18.0301
690,90.6864,118.726,44.87,50.2956,37.9674,87.3685,18.0996
720,89.7425,112.354,41.8644,49.6396,36.4793,94.8262,17.0756
750,88.7986,108.247,42.5965,51.7031,37.9798,91.0583,17.0059
780,87.8547,110.597,42.9278,51.2394,36.6473,91.2208,16.6439
810,86.9108,140.556,42.1141,65.8631,36.9703,88.2715,15.764
840,85.9669,142.523,45.3485,66.0632,36.9371,87.6052,15.7854
870,85.9669,142.501,43.7147,66.4337,36.2662,88.0641,15.3402
900,87.9157,138.923,43.3977,65.9901,37.4075,90.4509,15.5209
930,93.962,139.852,84.107,67.0173,37.1614,89.4909,15.0351
960,93.3748,138.227,83.5465,66.933,36.2573,86.3957,15.0564
990,91.9289,136.342,85.4886,64.7493,37.7355,86.1105,15.5343
1020,86.0161,133.334,78.6487,57.4099,36.702,83.5643,15.3387
1050,90.6911,137.197,83.1551,56.0551,36.6401,83.1593,16.3305
1080,91.318,132.68,83.97,55.5755,36.8669,79.7104,16.4429
1110,92.5236,132.698,82.8358,54.9929,36.2402,79.1093,16.3865
1140,94.8698,129.981,81.1447,57.1502,36.6067,79.3865,16.9866
1170,94.8029,127.867,83.4686,56.9026,37.2652,74.764,16.8222
1200,96.4332,130.979,82.9347,55.4722,37.3779,72.8545,16.997
1230,82.9643,116.155,75.9781,56.5595,36.5956,72.8388,15.1225
1260,85.9018,116.152,75.8876,57.0053,36.7347,66.862,15.6433
1290,83.5266,116.236,76.1176,55.1621,36.096,70.868,15.4796
1320,86.3664,117.106,76.7319,55.002,36.9847,71.5343,15.2088
1350,110.902,150.162,97.7261,55.4887,37.0929,72.1124,20.0627
1380,108.254,148.831,96.5633,57.2321,37.0836,72.1405,19.903
1410,111.779,153.253,98.1919,55.2328,36.7503,70.8399,19.5149
1440,109.101,149.508,99.2955,55.315,37.6312,72.2558,19.4909
1470,108.89,151.113,97.9658,55.0206,36.0926,70.1676,19.5502
1500,110.036,147.927,96.7611,56.8414,36.4226,71.1957,19.8524
1530,110.919,149.733,97.404,56.4972,36.6671,70.22,19.9265
1560,110.675,150.555,95.9872,55.0128,37.5322,70.0375,19.4942
1590,110.398,152.706,97.5217,57.3486,36.9467,70.2627,19.3271
1620,109.633,148.833,97.0351,54.9582,36.4231,71.8229,19.9479
1650,109.1,148.119,97.6065,55.1363,36.7896,72.8425,19.8967
1680,110.783,147.956,97.7096,55.867,37.0111,71.8086,19.6644
1710,108.69,150.965,98.3043,57.247,36.8968,70.657,20.0134
1740,111.849,149.038,99.1246,55.879,36.7962,70.9196,19.6512
1770,110.129,152.459,96.6988,57.3184,37.7051,72.2875,19.3534
1800,108.556,151.48,98.7171,57.3746,37.3213,71.1297,19.596
1830,108.109,152.716,98.7635,56.0842,36.9003,71.6342,19.6236
1860,111.721,151.457,96.8697,56.9396,37.6772,70.7894,19.4656
1890,108.497,150.325,98.1158,57.0123,36.5993,72.6883,19.9317
1920,108.032,151.18,98.8751,55.9773,36.5574,72.0469,19.63
1950,120.612,166.809,107.466,55.1543,37.6438,71.8735,21.5434
1980,117.358,161.954,108.244,55.3364,37.4374,70.9957,21.8632
2010,118.93,164.102,105.381,57.0809,37.7787,72.5507,21.627
2040,116.901,165.321,106.418,55.8138,36.6286,71.137,21.7137
2070,118.703,166.823,105.449,56.1336,37.8042,72.9914,21.5586
2100,119.849,164.594,105.403,55.0629,37.2719,70.7404,21.2847
2130,117.813,164.007,105.61,57.411,37.7964,71.4779,21.7499
2160,120.199,162.967,106.642,55.0082,37.8563,70.2792,21.415
2190,117.195,163.385,105.523,56.9819,36.6547,71.4627,21.3256
2220,117.124,163.794,108.013,54.9437,37.8899,70.5583,21.1637
2250,119.06,163.156,106.047,54.8934,37.4787,72.0017,21.0756
2280,119.372,161.899,107.748,56.2635,36.7073,71.3254,21.5536
2310,117.412,163.751,104.801,56.3262,37.4697,70.953,21.3849
2340,116.202,165.329,107.229,55.6751,36.2905,71.9957,21.3524
2370,116.356,165.598,106.352,56.7369,36.1665,72.5858,21.6642
2400,119.968,164.054,107.361,56.1466,37.0723,71.8909,21.1081
2430,120.339,166.886,107.009,55.3392,36.7988,72.1224,21.675
2460,85.4201,122.829,76.3636,55.4086,37.2365,72.6196,15.8112
2490,88.464,120.325,79.0005,57.0329,36.4861,71.1773,15.8428
2520,86.0548,118.667,76.9569,55.0604,37.2574,70.363,15.8492
2550,85.5887,121.231,78.0702,55.0118,37.2228,70.9623,15.5853
2580,84.74,122.847,79.4371,55.2649,37.6734,70.6243,15.6847
2610,87.1874,123.157,79.0766,55.4702,36.9366,72.4157,15.4523
2640,88.1766,118.336,78.1706,57.3327,36.608,72.9217,15.4184
2670,89.3964,117.737,78.0467,55.1319,37.2675,70.873,15.5214
2700,86.0313,120.417,77.3211,55.5753,36.8636,71.3778,15.7361
2730,86.16,120.741,78.738,56.8837,37.0764,72.2091,15.4063
2760,84.7161,120.343,76.2018,56.6527,37.1707,72.3275,15.9092
2790,94.0669,128.938,82.8569,56.9445,37.3773,71.0676,17.1315
2820,91.3662,128.002,80.667,56.4473,36.1165,71.6005,17.1149
2850,91.8666,130.02,81.5608,56.7668,36.903,70.5917,16.8203
2880,94.6197,129.675,82.3367,57.4317,36.6534,72.0337,16.9541
2910,94.192,127.211,81.6161,56.8867,36.234,70.3043,16.876
2940,93.6055,126.896,82.2019,55.2171,37.6602,71.8692,17.0045
2970,94.0612,125.477,82.707,55.7028,37.8614,72.97,17.2227
3000,89.9208,127.367,80.7569,56.3761,36.8206,72.8691,17.2899
3030,91.6175,126.457,83.1559,55.0881,36.3598,70.663,17.9966
3060,94.3618,126.416,82.0394,56.2287,36.1331,72.4495,18.0398
3090,93.0771,126.021,82.7067,56.4548,37.7802,71.7048,19.0817
3120,94.3435,129.771,82.7391,56.2541,37.7684,70.4155,19.4587
3150,94.981,127.682,82.4681,56.4946,37.6829,72.5617,19.6508
3180,98.0818,130.484,82.398,55.8644,37.7735,72.4854,20.495
3210,96.6115,129.661,82.6754,56.1099,36.0772,71.0197,20.2034
3240,99.7997,129.526,83.2253,56.1269,37.2911,71.4779,20.5557
3270,98.2587,127.91,82.8076,55.0584,37.8935,69.7444,21.2119
3300,99.6975,125.531,80.7969,56.9578,36.1892,69.7427,20.7361
3330,100.407,127.697,80.5689,55.9669,36.6399,68.59,21.0028
3360,97.3221,130.421,80.4416,55.4476,37.5093,67.731,20.4065
3390,90.8317,115.433,75.8841,54.8779,37.4829,65.4602,18.8542
3420,98.0216,123.335,82.873,64.8245,37.1833,65.2089,18.9008
3450,98.5628,130.228,88.8868,64.3255,37.5468,62.0395,18.2151
3480,96.9478,134.076,88.0478,63.0207,37.3065,61.5942,17.2321
3510,98.9234,132.543,90.249,64.3236,37.0539,60.0824,17.055
3540,96.5921,137.588,89.6221,64.3472,37.3944,59.6081,16.7044
3570,94.8217,133.237,87.9534,64.6313,36.1362,59.6785,16.2057
3600,96.1532,137.555,86.7808,62.7878,36.6739,56.9185,15.6306
3630,96.8293,135.873,88.0247,65.067,37.4936,55.5859,15.9715
3660,93.9215,134.93,89.8856,64.9295,36.9569,55.3566,15.9357
3690,93.4752,132.582,89.9313,64.0233,36.6644,52.8995,15.7591
3720,94.1474,132.575,88.8261,63.1321,36.1944,52.7592,15.7624
3750,94.3013,137.299,88.3108,63.6752,37.166,52.1358,15.784
3780,94.1762,132.39,89.5144,64.4371,37.1436,50.5065,15.9612
3810,92.9051,133.463,90.1886,63.3134,36.7365,49.8763,16.1646
