Time,FC,PAS,PAM,PAD,temp,SpO2,FR
-1,106,138,104,81,37.2656,96,20
0,116.6,151.8,114.4,81,36.7438,96,22
30,116.84,154.487,112.418,81,36.2221,96,21.9883
60,116.677,154.827,113.82,81,35.7004,96,21.7589
90,113.993,149.252,116.39,81,35.1787,96,21.8363
120,115.171,155.313,117.205,81,34.657,96,22.4198
150,119.048,149.886,112.983,81,34.1353,96,22.3407
180,116.932,154.242,115.342,81,33.6135,96,21.9395
210,114.85,150.957,113.512,81,33.0918,96,22.4496
240,118.799,148.727,111.964,81,32.5701,96,22.2153
270,114.142,154.835,115.313,81,32.0484,96,22.2081
300,119.225,148.063,116.894,81,31.5267,96,21.6902
330,113.768,151.091,111.775,81,31.005,96,22.4562
360,125.785,150.403,124.46,81,30.4832,96,21.8315
390,127.263,154.005,125.24,81,29.9615,96,21.5468
420,114.544,152.522,128.362,81,30.6654,96,21.532
450,117.095,148.186,129.388,81.5492,31.9848,95.2141,22.218
480,116.8,154.545,114.893,81.659,31.6224,95.8957,22.1374
510,121.295,151.207,116.154,82.3914,32.3116,101.766,22.1756
540,119.472,155.501,114.249,79.8808,32.836,94.9826,21.9355
570,115.103,120.021,92.767,65.263,34.0891,92.7513,20.8789
600,110.331,117.009,88.7834,64.0219,35.4533,90.5078,21.163
630,113.705,123.539,93.0974,63.4739,34.5421,87.7719,20.0787
660,108.273,122.101,89.1772,64.8267,35.9486,85.533,19.8962
690,108.742,119.972,87.4491,63.6588,36.76,81.6846,18.9862
720,104.027,108.695,79.1592,54.9142,36.1209,81.6203,18.2973
750,92.4547,111.913,52.9944,55.1029,37.2767,77.813,17.8064
780,91.3781,101.998,56.2758,56.1831,37.9126,90.4976,17.9416
810,93.2439,102.037,52.6309,53.0014,38.0695,85.3613,16.6242
840,89.5531,135.486,75.5469,54.0929,37.9537,83.2222,17.0227
870,87.567,133.211,78.5884,53.1868,37.7123,77.6489,16.3212
900,91.1777,133.451,77.8762,72.0658,37.7491,75.4639,16.7611
930,90.2216,132.674,74.8643,71.351,38.2134,75.8833,16.387
960,87.204,126.767,76.6192,70.6724,35.9618,75.1525,17.3845
990,96.223,129.515,100.884,69.747,38.0809,73.5344,16.5959
1020,94.9271,127.007,99.074,70.8134,37.8736,67.0387,16.5874
1050,96.1048,129.797,100.211,71.8718,37.2518,68.0761,17.0447
1080,84.7154,124.853,82.9462,60.3174,39.0156,62.7894,17.0695
1110,95.5274,124.515,92.1966,59.0071,38.651,60.6824,18.2742
1140,93.5541,123.031,95.6202,60.2749,38.3827,59.4198,18.3876
1170,95.4107,120.327,92.9481,61.7197,37.465,56.2296,18.8522
1200,93.0786,123.274,94.5045,58.3308,38.6778,53.8216,18.3392
1230,117.349,148.707,115.882,61.0341,37.4014,47.0454,21.9866
1260,103.448,128.574,105.675,60.4531,37.8888,44.0395,22.2594
1290,103.204,124.671,104.368,61.2199,36.5667,44.7898,22.3624
1320,103.691,125.278,105.255,60.9543,36.9544,41.5438,22.2043
1350,101.259,127.6,103.193,59.4044,37.486,42.746,22.6492
1380,99.7669,122.9,104.887,61.5022,37.4309,42.3184,22.296
1410,103.079,126.895,103.931,59.2371,37.0815,46.8911,22.6167
1440,101.489,124.889,105.348,61.3244,38.1952,44.0161,22.1413
1470,101.424,124.515,105.413,59.6523,38.0897,44.3928,22.4406
1500,99.3603,127.307,105.082,60.3022,37.3251,43.3162,22.0223
1530,117.62,145.686,119.1,59.252,36.3668,43.8095,24.1355
1560,117.959,148.248,120.62,59.4574,37.7181,46.2486,24.1424
1590,116.416,145.07,118.527,60.7018,36.5707,44.848,23.5618
1620,116.618,149.112,120.819,60.0256,37.8591,46.4506,23.4695
1650,115.774,143.964,118.977,59.7362,36.5176,44.9572,24.0351
1680,116.167,143.98,117.692,60.1377,38.2313,45.5874,23.5033
1710,119.442,148.31,121.009,58.3314,35.7921,44.7865,23.7805
1740,119.586,150.343,121.664,60.0851,37.6859,46.6351,24.1042
1770,118.099,150.185,118.425,61.0329,37.0147,46.3485,23.8972
1800,118.008,147.915,117.804,59.9265,36.7282,46.7442,23.5564
1830,116.445,146.515,118.279,59.6856,36.9239,47.9928,23.7476
1860,117.503,149.121,121.559,58.9751,36.8048,44.0956,24.2
1890,117.75,145.803,120.601,61.6102,37.1291,46.392,23.7293
1920,119.414,148.045,121.258,58.841,36.2674,45.6165,23.7141
1950,119.391,147.659,120.867,59.5263,36.3252,47.5973,23.7973
1980,117.498,148.44,120.417,61.1389,36.8441,47.4824,24.0136
2010,122.858,155.398,126.451,61.2978,36.7255,45.0335,24.6918
2040,126.465,152.999,126.917,61.7834,36.3016,45.5861,24.5527
2070,125.922,153.202,127.029,60.8422,37.4815,44.8183,24.3712
2100,123.936,158.02,123.45,59.9596,37.536,44.8786,24.7193
2130,123.821,157.961,125.556,61.6512,36.3953,46.4353,24.9329
2160,126.395,154.233,127.344,59.5168,36.1232,47.6332,24.2906
2190,124.292,156.012,127.271,58.5678,35.2484,45.3607,24.5194
2220,126.838,154.419,127.399,60.0222,35.2313,44.4487,24.4631
2250,126.977,156.129,124.605,61.7689,36.9383,47.952,24.2759
2280,123.152,156.884,125.502,59.9915,37.0277,46.7777,24.402
2310,126.374,155.193,124.984,61.5558,36.9737,45.3367,24.5126
2340,127.13,153.42,127.441,58.3776,37.1565,45.6295,24.3409
2370,125.346,156.398,124.087,61.3249,37.4921,48.4481,24.6212
2400,125.907,154.982,127.996,60.3844,37.1439,47.9237,24.5727
2430,122.928,153.547,125.083,60.0203,37.6156,48.0694,24.8787
2460,126.512,157.18,127.349,58.4346,36.5767,45.0145,24.4563
2490,126.55,154.841,124.152,59.1292,35.7237,47.5106,24.2635
2520,128.739,159.759,128.034,58.7882,36.3873,46.788,24.6158
2550,129.565,161.195,128.95,60.159,37.3346,45.5284,24.6928
2580,128.612,156.17,127.351,59.0197,36.9353,46.4352,24.5089
2610,127.073,159.416,127.23,60.1305,36.7199,46.8073,24.5778
2640,126.437,156.771,127.173,59.4725,36.4118,47.3669,24.7662
2670,126.698,158.81,125.119,60.7506,36.1134,44.692,25.0811
2700,129.033,159.439,125.2,61.8232,36.6666,45.0642,24.9224
2730,127.718,159.774,125.556,58.5711,36.0737,45.9671,24.4526
2760,126.695,160.917,126.598,61.2812,34.8319,45.6081,24.5477
2790,129.755,157.559,128.556,58.3592,37.8271,48.1377,24.8341
2820,129.693,161.098,126.751,58.6339,36.7121,47.4063,25.2239
2850,128.552,160.606,129.474,59.6064,36.3601,45.8353,25.0758
2880,128.359,159.935,127.568,59.4033,37.6746,45.9087,24.9853
2910,128.37,156.284,128.084,58.5066,35.6341,46.1507,25.2071
2940,129.225,160.567,129.74,58.2038,36.5494,47.9532,25.2333
2970,129.827,160.316,126.575,58.8854,35.936,48.0134,24.9188
3000,130.353,157.725,129.329,59.2648,35.3139,48.0012,24.9642
3030,131.596,158.419,128.528,60.4561,36.3566,46.0301,24.8559
3060,134.85,158.056,127.642,59.7636,35.0202,45.2674,25.041
3090,131.857,159.075,129.616,59.0587,35.9964,47.3551,25.0198
3120,132.867,159.256,129.983,59.3367,37.2431,47.9767,24.7011
3150,134.619,158.968,129.758,58.8738,36.0102,46.7567,24.9508
3180,137.72,156.069,130.241,61.0773,35.3544,45.7658,24.7884
3210,139.107,157.476,128.455,61.8866,36.5865,46.5673,25.3109
3240,140.388,159.074,127.027,60.7509,35.0064,50.8038,24.8768
3270,140.317,160.593,128.703,59.2353,36.6331,52.9597,25.0799
3300,139.716,160.286,127.842,60.5866,37.5724,56.5586,25.0641
3330,139.855,158.76,128.648,62.2333,36.0083,59.6236,24.9587
3360,141.328,157.011,126.486,61.9075,36.6989,57.9598,24.724
3390,140.392,161.941,125.863,61.2699,35.9218,59.4842,23.807
3420,137.73,161.155,129.802,59.6841,36.8166,63.3163,23.5559
3450,135.5,159.337,128.477,61.7912,36.4698,61.9175,22.7584
3480,136.505,159.261,126.43,61.922,36.0312,64.7993,22.137
3510,138.054,162.414,130.501,60.407,35.425,66.4542,21.2918
3540,112.08,129.544,105.141,60.8093,36.6214,64.8095,20.5393
3570,108.334,130.305,101.798,58.9375,35.8876,66.6698,20.3399
3600,105.921,128.316,103.605,60.8578,36.6012,69.7212,19.7487
3630,104.533,128.731,103.386,60.4149,36.3316,68.4138,20.0606
3660,103.299,126.348,101.269,60.1347,35.0105,72.6213,19.8044
3690,102.42,125.727,102.427,59.8942,36.9021,70.4236,20.0544
3720,102.768,130.116,101.906,58.9055,36.322,72.1058,19.9586
3750,104.271,130.441,103.031,59.4297,35.9689,76.087,20.4692
3780,105.836,131.226,103.042,61.9313,35.4004,74.6698,21.0242
3810,103.73,129.28,103.345,58.9048,36.2108,78.4227,21.6049
3840,97.6165,120.133,99.0333,60.5187,37.4574,78.7154,17.5336
3870,97.7855,120.457,99.8049,61,36.5485,80.9436,18.0739
3900,97.1769,121.841,98.8811,60.7523,36.7198,82.4635,18.8322
3930,96.9577,122.677,101.388,60.8812,35.8922,79.8333,18.8609
3960,99.1442,123.244,101.175,61.5171,35.5873,81.9542,18.9564
3990,98.296,125.6,97.6697,59.9756,36.6308,86.442,18.9319
4020,96.8114,122.304,97.2203,61.8317,36.0946,84.2041,18.6727
4050,97.2399,125.034,100.607,60.2909,36.8646,82.9599,18.6536
4080,97.3035,125.307,101.313,60.6154,35.2928,77.4693,19.1748
4110,96.011,121.715,97.5596,59.9556,34.8938,79.5881,18.8115
4140,97.692,126.212,97.9364,60.3836,36.041,78.6867,18.6038
4170,99.4105,123.238,99.4782,59.9219,35.8399,77.9718,19.0132
4200,96.9958,123.257,97.4904,60.8897,36.0685,77.3978,19.0675
4230,97.9817,123.72,96.9471,61.3333,37.2327,75.929,18.4976
4260,99.6263,122.258,99.0149,61.428,35.3673,79.6714,18.5985
4290,98.7237,122.994,98.9792,62.4022,37.9181,78.474,18.5952
4320,98.0317,125.081,100.194,59.4798,36.5001,79.728,18.862
4350,98.9899,126.02,97.5777,60.0887,36.4042,77.3102,19.0179
4380,98.5599,125.636,98.5515,62.4224,34.9074,76.1589,19.0156
4410,99.0293,124.027,99.7801,61.1047,36.0335,79.1975,18.5414
4440,85.2064,109.899,87.4125,59.0335,35.9187,77.9803,16.2877
4470,94.6523,117.08,102.472,71.7254,36.3343,78.204,16.4711
4500,98.4903,124.742,101.807,71.918,36.0897,78.4444,16.7698
4530,95.6538,126.297,101.762,71.7849,36.0016,75.5913,16.4866
4560,97.9924,126.577,102.215,70.1772,35.607,79.4713,16.4771
4590,98.1078,128.058,101.527,71.4068,35.6806,73.539,16.4743
4620,94.3123,130.721,101.757,69.2302,35.9154,72.3634,16.8096
4650,96.1746,129.066,103.421,71.9417,36.1686,74.33,16.7166
4680,95.3046,125.875,100.865,71.0308,35.4419,73.0785,16.1884
4710,97.4935,129.706,99.5414,69.6812,36.8428,76.0783,16.7344
4740,96.0515,127.602,99.7555,68.6093,36.0585,71.7717,16.0475
4770,98.5025,130.584,99.452,71.944,37.1106,75.6321,16.0721
4800,97.8431,125.751,103.067,69.0472,35.3178,73.63,16.0733
4830,98.3289,127.677,101.354,71.2217,36.839,74.7825,16.2805
4860,98.0276,129.537,101.122,70.1597,35.249,74.2972,16.8177
4890,95.83,128.456,103.668,69.1888,36.2366,73.1596,15.9962
4920,98.5673,125.481,100.124,69.6385,36.0088,73.7576,16.1382
4950,94.5939,130.384,103.672,68.4752,36.0416,73.3981,16.0921
4980,95.9038,129.573,102.067,69.8563,35.0748,73.4573,16.4626
5010,97.3255,127.28,103.085,71.9128,34.303,76.3129,15.8518
