Time,FC,PAS,PAM,PAD,temp,SpO2,FR
-1,100,152,111,95,37.431,92,26
0,110,167.2,122.1,95,36.907,92,28.6
30,107.769,165.524,123.405,95,36.3829,92,28.5737
60,108.709,163.14,120.118,95,35.8589,92,28.754
90,109.489,163.721,123.76,95,35.3349,92,28.0408
120,111.948,164.508,122.741,95,34.8108,92,29.1762
150,110.134,171.107,124.329,95,34.2868,92,28.5843
180,107.281,167.118,123.855,95,33.7628,92,28.1177
210,108.356,170.342,120.123,95,33.2387,92,27.923
240,112.652,166.225,119.715,95,32.7147,92,28.1058
270,111.996,165.898,121.071,95,32.1907,92,27.9487
300,109.301,165.779,119.126,95,31.6666,92,28.4696
330,111.249,167.34,124.53,95,31.1426,92,28.6152
360,122.1,166.668,133.866,95,30.6186,92,28.4052
390,123.204,169.658,136.055,95,30.0945,92,28.2227
420,119.154,166.481,135.038,95,30.3411,92,28.4356
450,122.402,166.824,137.21,95.95,30.8912,92.92,28.9238
480,111.158,166.584,126.108,94.616,31.51,94.4737,29.2225
510,113.822,167.578,122.93,95.5453,31.7407,97.3689,28.4948
540,108.028,165.914,120.536,97.5924,31.0709,95.1067,27.7132
570,108.058,137.003,100.846,78.1958,30.8684,89.9357,26.9307
600,109.58,136.528,102.167,77.4171,32.3709,88.3161,26.9514
630,107.455,138.805,102.081,74.4278,32.3516,82.3633,26.0453
660,107.207,134.195,99.4497,76.3223,33.0998,80.4402,26.1036
690,107.132,135.633,100.649,75.3689,33.2005,77.8815,24.5071
720,95.1611,121.5,90.1801,64.0535,33.4965,74.0064,25.0979
750,87.1043,118.228,54.4478,64.2859,32.8247,66.0934,23.3944
780,86.5884,116.573,50.838,63.5882,33.4431,93.5192,22.8861
810,86.4187,110.464,50.3783,63.5864,34.5647,86.289,23.2868
840,84.0845,145.555,55.7385,62.6482,33.6246,85.4074,22.6058
870,86.0908,145.818,52.7506,66.6795,34.1097,80.6579,21.9132
900,84.4565,149.173,50.0457,65.8476,35.2084,75.3476,21.8503
930,81.422,148.396,53.5487,63.4563,35.703,72.5832,22.2354
960,81.1766,148.875,76.0443,81.4781,35.4631,70.0761,21.0643
990,87.3384,148.12,101.628,84.806,34.992,70.4985,20.4618
1020,88.1733,149.877,102.679,82.8264,35.6699,66.1241,21.0514
1050,88.8398,145.357,102.761,82.158,36.0291,60.4513,20.8018
1080,79.3281,137.912,94.9604,73.7459,36.9242,57.3119,20.5809
1110,90.745,139.236,101.136,70.1692,37.2698,52.1282,23.1694
1140,91.5439,135.847,97.715,71.3841,37.2189,51.4367,22.9405
1170,86.064,140.12,99.4276,72.3344,37.4204,44.3092,23.0248
1200,86.3288,138.787,98.6434,70.9826,38.0542,44.6341,22.3579
1230,109.062,166.676,121.698,72.3627,38.2075,39.7478,27.9606
1260,96.3646,148.286,107.226,73.0169,38.2326,33.4896,27.0869
1290,95.3529,149.076,101.99,72.6292,38.2526,32.0532,27.2553
1320,92.7939,146.945,103.19,70.8001,37.4757,32.4001,27.7363
1350,79.3025,127.553,87.2672,73.2788,37.3262,33.6261,21.2887
1380,84.5023,127.535,89.63,72.6539,38.1013,30.4078,21.2974
1410,105.744,161.627,117.862,69.2323,37.7705,33.3792,27.3357
1440,116.836,176.183,124.539,69.2613,37.489,31.1162,29.2122
1470,117.926,178.309,126.935,70.6167,38.3818,30.3909,29.6773
1500,120.439,178.985,131.065,71.9784,38.512,30.2407,29.8978
1530,94.8276,146.374,108.551,71.7872,38.4618,32.8847,24.5443
1560,99.6892,147.916,104.807,72.9446,38.9885,31.8896,24.8993
1590,94.577,150.181,103.934,70.9883,38.6587,31.1713,24.7195
1620,96.504,147.339,108.53,69.7405,38.1676,32.5426,24.7536
1650,80.988,128.257,87.5738,71.3045,37.1968,34.1718,20.2272
1680,82.2166,125.461,89.1,72.6092,37.3261,34.1517,20.5115
1710,78.4405,123.394,87.4802,70.3106,37.3551,32.517,20.671
1740,83.5631,127.297,87.3838,71.1433,37.5739,31.0093,20.5468
1770,82.7731,126.821,86.9558,69.6535,37.8902,31.5415,20.569
1800,89.1957,134.766,97.6462,70.2491,38.5157,30.7735,23.2289
1830,73.907,106.272,77.5123,69.2719,37.7072,33.8946,22.2484
1860,71.4674,108.847,80.4193,71.411,37.2717,31.1728,23.1379
1890,70.8581,109.469,77.248,70.2953,37.2891,33.3573,22.358
1920,72.0389,114.385,80.4553,69.6157,37.3453,32.3069,22.3329
1950,74.3517,111.094,76.2314,73.4931,38.1137,33.6539,23.2009
1980,74.3173,110.789,75.6974,71.5206,38.5986,30.6339,23.2508
2010,68.5678,108.79,80.1588,71.2388,38.2807,31.5129,22.8325
2040,73.6913,114.333,74.4685,71.4772,38.7213,34.4579,22.7005
2070,69.3978,109.371,80.5277,69.898,38.737,31.0716,21.9552
2100,72.0438,114.071,74.3054,71.9802,37.8431,31.1053,21.9881
2130,86.5023,133.071,91.6975,71.1996,38.0456,34.4126,23.387
2160,86.2224,132.255,95.0065,70.2735,37.225,32.7902,23.1812
2190,85.0824,134.649,93.4018,70.7292,38.4915,31.1883,22.8449
2220,89.348,134.013,95.0716,71.4519,37.5247,32.7234,22.2513
2250,89.3972,136.852,92.4089,70.5067,36.9456,31.1771,23.1679
2280,88.2677,131.648,95.2513,69.383,37.4527,30.7313,22.5543
2310,87.3437,136.296,91.36,72.5253,37.1412,31.6236,22.1982
2340,84.5399,135.012,94.8775,73.6908,38.5502,30.5209,22.7634
2370,86.0742,135.794,94.7428,70.1654,37.4862,33.2518,22.8583
2400,86.8305,137.938,92.7406,69.8678,36.798,33.8242,22.4329
2430,86.3371,138.167,94.6124,73.5256,37.8565,32.4484,23.0352
2460,88.8623,137.292,95.7812,73.3035,37.3667,31.0044,23.3176
2490,85.9426,132.683,93.0004,72.199,38.3564,33.6547,23.3649
2520,85.7964,134.031,93.676,72.6854,37.2636,32.751,23.4214
2550,86.1043,133.431,91.9243,72.5374,37.1674,32.8328,23.0388
2580,89.3298,131.09,92.9677,72.3345,38.2912,34.34,22.9116
2610,85.4824,131.204,93.7044,71.7271,37.2876,32.9473,22.3992
2640,85.5328,133.48,91.4957,71.6508,38.0702,31.9028,22.5219
2670,84.6193,138.345,92.347,71.1679,37.1477,31.2893,22.3331
2700,87.4069,137.383,96.4394,71.1741,38.2138,34.7883,22.2742
2730,83.0775,128.975,90.3384,69.1739,38.3328,34.688,20.7567
2760,89.5275,136.583,98.679,83.1897,38.1858,33.6369,20.6819
2790,91.8161,143.1,103.875,84.2859,36.5223,32.5282,21.4354
2820,89.6315,148.511,103.976,84.8645,37.4326,30.6627,22.151
2850,90.3531,143.214,104.515,81.8169,36.3453,30.3417,22.6139
2880,93.5076,142.589,107.232,82.3119,37.3907,32.5605,24.114
2910,90.7237,144.839,108.714,82.0148,36.9827,31.7955,23.4607
2940,90.2897,149.975,103.903,84.8127,37.3971,33.0518,24.9827
2970,88.7186,149.01,102.437,84.2331,37.8049,32.2485,25.8415
3000,92.6393,147.113,103.301,85.1839,37.1895,34.602,25.3862
3030,88.1583,147.133,102.69,84.2774,37.6288,30.4728,27.0041
3060,89.514,146.667,108.504,84.1124,36.7802,31.0702,26.9334
3090,95.2356,150.021,103.017,81.7338,37.2757,30.8847,28.0553
3120,93.2972,148.232,106.851,82.4144,36.4343,34.1259,27.1149
3150,95.6927,149.892,104.003,84.6398,36.7739,31.8099,27.5141
3180,93.3494,146.545,103.75,82.0527,37.7812,31.0026,28.1571
3210,94.2163,146.091,103.441,81.3383,36.5732,30.563,26.7018
3240,98.7555,147.873,109.013,81.8331,35.8679,30.7283,26.9333
