Time,FC,PAS,PAM,PAD,temp,SpO2,FR
-1,69,107,65,54,36.1607,96,18
0,75.9,117.7,71.5,54,35.6545,96,19.8
30,74.3186,119.529,72.0854,54,35.1482,96,19.7717
60,74.4511,117.47,70.001,54,34.642,96,19.7525
90,77.4351,116.767,72.5062,54,34.1357,96,20.0569
120,77.7894,117.877,70.3694,54,33.6295,96,20.0023
150,75.4726,119.642,72.6472,54,33.1232,96,19.4423
180,75.1155,115.321,73.1033,54,32.617,96,19.6843
210,75.6283,117.456,72.7262,54,32.1107,96,20.0072
240,77.6422,119.148,69.8975,54,31.6045,96,19.9743
270,75.9077,115.13,70.4534,54,31.0982,96,20.2281
300,75.4832,119.677,72.4414,54,30.592,96,20.073
330,75.3299,115.251,72.8248,54,30.0857,96,19.5157
360,84.1213,117.513,79.3913,54,29.5795,96,19.8117
390,82.4298,120.262,77.9204,54,29.0732,96,19.6241
420,77.6513,115.822,78.37,54,29.4335,96,20.1298
450,73.6371,120.528,78.5363,54.3271,30.3803,96.2061,19.4296
480,76.9152,117.206,70.5554,52.9161,30.9116,96.2725,19.9261
510,77.6412,119.161,73.862,55.0901,30.8632,100.709,19.8249
540,76.1607,118.861,70.9203,53.7279,30.1327,96.6922,20.1879
570,71.7426,91.4266,54.4391,42.1256,30.5593,96.8075,19.2402
600,74.4235,92.9643,57.5024,42.3055,31.7783,93.4708,18.4744
630,72.9334,90.7393,57.6837,42.535,32.5413,89.814,18.6191
660,73.1338,95.8316,58.0503,42.5176,31.4051,86.8319,17.6756
690,72.4941,91.6067,60.057,43.1102,32.7674,87.5607,17.6759
720,67.7719,81.081,49.4901,37.635,32.5945,84.5116,17.3529
750,60.3506,77.7194,32.6409,35.4302,33.9241,79.8444,16.085
780,60.4115,78.115,31.6566,37.1481,33.8586,91.3762,15.816
810,58.3798,78.9957,30.6911,35.4576,34.3858,89.9337,15.7611
840,57.9606,81.3949,47.2954,36.4958,34.4814,88.8156,15.228
870,59.1635,74.3623,45.1443,36.1302,35.5449,86.9298,14.887
900,57.1054,81.701,46.5001,37.4454,35.4372,82.1245,14.7574
930,58.6239,81.7088,45.3015,36.7411,34.9714,81.9633,14.2669
960,59.0591,102.514,47.4345,46.9477,36.8021,81.4787,14.7956
990,63.0891,102.632,62.0627,48.0253,36.7051,79.8334,14.3778
1020,61.7396,99.6854,61.8375,48.1525,37.1297,78.2177,14.5659
1050,61.3004,100.52,62.3029,46.0929,37.23,76.6076,14.2757
1080,59.006,87.5835,52.2187,39.2375,37.5595,71.4927,14.7309
1110,63.7504,93.8495,57.134,41.1954,36.6847,72.159,16.0785
1140,63.6768,93.1713,56.4166,39.167,36.3602,68.9657,16.1673
1170,63.8303,91.5327,55.8736,41.3198,36.7509,67.2316,15.841
1200,61.0593,93.7308,56.4132,39.4522,36.6186,61.5444,15.39
1230,73.4378,114.276,67.5968,39.5638,37.129,63.6194,19.5063
1260,64.3423,91.4174,56.967,40.0813,37.7645,58.0831,19.0716
1290,65.9332,92.1512,58.5962,40.967,36.1023,56.076,18.6625
1320,66.1456,93.2754,57.8709,41.174,36.4503,54.4256,18.7159
1350,66.7097,90.0273,58.2023,39.1413,37.7633,54.598,18.6153
1380,65.9044,90.2638,58.6064,39.7254,38.3509,58.5443,19.0187
1410,64.6239,91.8665,57.9256,39.8902,37.9542,59.9328,19.0366
1440,64.8538,94.053,58.2762,40.3648,36.5497,61.2315,18.7261
1470,65.1491,90.8722,57.6383,39.8771,36.9316,59.8104,18.8596
1500,64.7576,89.9301,58.8976,39.3341,37.7545,60.6699,18.6963
1530,77.6076,114.591,70.3031,40.4304,36.5774,58.343,19.9002
1560,77.6328,112.613,70.5884,39.3163,35.9998,59.3721,20.3447
1590,76.7383,112.647,71.3439,39.5573,37.3652,60.5683,20.0516
1620,75.9053,110.786,69.6242,39.5137,38.2176,59.7671,20.4134
1650,77.7471,114.406,69.1054,40.4368,37.5083,61.1745,20.7164
1680,77.5591,111.269,71.7595,41.1007,37.0076,59.9813,20.1479
1710,77.6475,111.107,70.2525,40.7827,36.3574,62.7374,20.7647
1740,75.7947,111.295,68.9519,41.3227,36.5062,60.8947,20.0365
1770,76.2338,113.479,71.1331,40.0313,35.9827,59.667,20.7477
1800,77.2456,111.28,71.1392,40.1383,36.5439,61.9284,20.3581
1830,76.3305,111.342,69.4236,39.2004,36.1986,62.921,20.5454
1860,76.5669,110.386,70.7954,40.9254,36.6286,58.2842,19.9134
1890,74.8913,113.851,70.16,39.1619,36.9701,62.761,19.8906
1920,75.2143,113.583,70.2373,40.7354,37.2823,59.4192,20.2769
1950,76.8023,112.416,70.1673,39.1282,37.2471,61.7303,20.1585
1980,76.7906,111.969,68.9765,39.6355,36.4566,59.7758,20.5472
2010,82.6838,122.739,75.023,39.6338,37.3655,59.6644,21.3288
2040,81.1736,122.741,74.1369,40.0806,36.4619,62.4218,21.3433
2070,80.5177,120.546,75.1564,39.1463,37.4522,59.9299,21.0879
2100,82.7213,121.081,75.0432,40.6231,36.1604,60.0855,21.1987
2130,82.5499,119.355,75.4011,40.3511,36.7037,59.7199,20.9307
2160,79.7258,122.597,75.1615,39.4063,37.0155,62.5777,21.3894
2190,79.9359,122.183,75.3319,41.2789,35.5964,60.4916,20.8218
2220,81.8976,119.813,75.574,39.8925,35.9393,62.8953,20.8442
2250,81.1598,122.894,75.2624,39.8492,35.0721,61.533,20.636
2280,82.6339,121.091,73.2507,40.1891,35.3106,59.6729,20.8501
2310,82.3239,119.396,73.3491,39.314,36.7501,59.9103,20.6715
2340,82.6807,120.018,74.0532,39.7574,36.6674,60.9322,20.6652
2370,80.6435,120.614,73.9715,39.8624,35.9889,60.1603,21.0872
2400,81.6528,121.697,72.5796,40.9478,36.6882,58.6781,21.1863
2430,81.1535,120.288,74.9089,41.0065,34.9808,62.6918,20.6108
2460,80.8222,120.606,73.6648,41.2937,37.9779,58.5143,20.7399
2490,80.6722,121.073,74.233,41.0592,37.5965,60.0344,20.847
2520,82.9342,124.173,74.9737,39.7481,36.3677,62.5382,20.8757
2550,82.8882,125.403,74.7602,40.4209,37.8421,61.1938,20.7833
2580,82.4075,127.063,74.8658,39.5774,36.5731,60.0652,20.8995
2610,83.1652,126.75,74.912,39.637,37.1007,60.6969,21.0779
2640,83.9553,125.319,76.8826,40.3172,37.3169,61.6683,21.0439
2670,82.1332,126.013,77.7228,41.2276,37.1235,58.3692,20.8089
2700,83.1766,122.703,75.7673,40.0603,36.4729,61.1638,21.5402
2730,83.5638,125.716,74.9848,40.2072,36.1595,62.2273,20.707
2760,82.4325,124.991,76.4815,39.2994,35.4812,60.1041,21.056
2790,81.9203,124.163,75.6587,41.0066,37.0269,62.4269,21.1507
2820,83.2072,123.714,77.5009,40.7615,37.3734,60.5671,21.2926
2850,82.5583,125.657,74.8668,40.1149,36.7379,59.9273,21.1567
2880,83.3136,127.4,76.3262,40.6432,36.698,62.5892,20.9554
2910,82.7358,124.061,74.7813,39.7667,37.3541,61.1415,20.7011
2940,82.4287,125.485,76.8469,39.6869,36.6675,61.564,20.8821
2970,84.2669,126.982,76.5165,41.686,37.4468,60.2197,20.8156
3000,84.4923,127.812,77.0417,39.5414,37.1835,59.5748,20.7973
3030,84.5372,124.757,75.7386,40.397,36.5594,60.1338,21.0988
3060,83.7569,123.449,76.6006,40.3023,35.2385,60.798,21.6575
3090,86.307,123.556,77.9929,41.0009,36.8645,61.9248,21.4986
3120,84.7736,125.466,77.7436,39.7699,34.7577,59.2956,22.0309
3150,85.9095,125.6,76.1008,41.0538,36.4193,58.6389,22.3014
3180,87.5854,126.151,75.5077,41.7385,37.1371,62.7069,22.7935
3210,88.1147,127.502,76.7557,41.1182,35.2973,60.6707,22.9174
3240,87.9919,124.891,77.2695,41.2972,36.873,60.1558,23.292
3270,86.7618,123.188,77.1545,41.1447,37.0182,57.7125,22.8489
3300,86.478,126.06,76.7788,39.733,35.6468,60.7484,23.264
3330,86.4306,125.145,77.4525,40.6796,36.0154,57.4245,22.6142
3360,87.1323,126.47,75.7945,39.537,37.0175,62.6352,23.0512
3390,88.0643,125.831,77.2004,40.8746,34.9928,59.6032,22.6246
3420,86.6622,126.094,77.2635,41.5635,35.4824,64.2005,22.3711
3450,86.809,126.023,77.9783,40.8913,37.4998,60.9284,22.3282
3480,84.8152,124.061,76.4253,39.6567,35.1068,66.3979,22.4757
3510,86.668,127.23,77.9179,39.6535,36.8867,65.5674,22.0583
3540,66.7788,100.05,61.3233,40.1273,36.1201,66.5888,22.0045
3570,67.4432,101.221,61.6884,40.6231,35.7392,68.6559,21.701
3600,66.94,100.005,63.6905,40.887,37.1544,68.2913,21.1874
3630,66.8619,99.5652,62.0169,39.9203,36.0167,69.0879,20.8697
3660,66.149,102.835,61.6539,39.6683,37.9143,71.4425,21.4423
3690,66.5738,99.8821,60.9719,41.2739,37.2933,71.7065,20.9195
3720,65.8961,102.237,62.8892,41.1953,36.1146,70.0578,20.9454
3750,66.5923,101.913,61.6072,40.0371,37.2709,71.8503,21.7656
3780,67.2947,102.239,60.6732,40.8374,37.2255,72.4354,20.8723
3810,65.4878,100.802,63.2824,40.963,36.1077,75.905,21.3891
3840,62.398,97.3927,59.2775,41.3812,36.7901,77.8445,16.3375
3870,61.9957,96.4588,59.7822,41.2025,36.2707,77.5839,16.9479
3900,63.2266,98.7344,59.6534,39.7461,36.9094,76.0265,16.8278
3930,61.973,95.116,59.4406,40.5075,35.7961,76.2663,16.8926
3960,63.7898,96.7784,60.242,40.5589,37.1345,80.4552,17.0302
3990,64.6189,95.9711,60.4367,39.7614,35.2405,82.6607,16.5998
4020,62.3296,97.0914,60.2235,41.4228,36.1887,83.1114,16.3024
4050,64.4322,99.7751,60.3328,40.5357,35.9778,83.9176,16.8915
4080,62.0078,99.4034,59.0766,41.6473,35.3743,86.9108,16.5409
4110,62.4209,97.8173,60.0537,40.0508,35.4739,86.354,16.2876
4140,61.7711,96.8571,58.3346,39.8147,36.0019,84.4976,16.1797
4170,63.6621,95.0248,59.9739,41.2248,37.2956,85.5116,16.9107
4200,64.0006,99.1032,60.6768,40.0543,37.2046,86.1693,16.1583
4230,62.5185,96.3088,59.2191,40.0706,36.1467,84.9999,16.9522
4260,63.2345,97.423,58.2221,41.0891,35.389,86.5908,16.8603
4290,63.001,96.6297,59.916,39.805,34.9286,87.4108,16.9943
4320,64.6845,98.5741,58.6976,41.3125,36.7651,86.9505,16.7442
4350,62.2191,95.8471,61.1513,39.496,35.63,86.9698,16.8528
4380,64.4872,99.3234,59.6999,39.5644,35.4011,86.6747,16.7659
4410,63.6492,96.6288,60.8465,41.2952,36.722,86.1453,16.4974
4440,56.6571,88.6896,52.2888,41.6271,35.9163,85.6428,14.3473
4470,58.9466,100.687,63.5274,47.2249,37.4944,84.3645,14.241
4500,63.2288,102.098,63.2785,48.0894,35.7061,85.7371,14.1413
4530,64.2219,100.317,62.1567,46.9597,35.1708,86.8692,14.2268
4560,61.2987,98.4535,62.9034,47.7194,35.2484,85.968,13.8889
4590,63.6956,100.936,63.8212,47.5703,35.622,81.0569,13.467
4620,61.5181,99.6969,63.6718,46.3472,37.2047,82.7977,14.3988
4650,61.167,99.8035,61.8604,46.4758,35.8069,78.7288,14.0186
4680,62.1166,101.659,61.698,46.9904,34.4314,82.9271,14.2889
4710,62.9125,102.501,62.3661,48.0148,34.8311,83.0388,13.768
4740,62.2512,102.388,62.1883,46.6352,35.8182,79.8755,13.8753
4770,63.2838,101.262,62.7186,46.4002,37.2233,82.3245,13.6373
4800,62.2848,98.5998,62.6725,46.7978,35.5566,79.6893,14.12
4830,62.4085,101.844,62.4451,47.3072,36.7342,83.0074,13.5919
4860,62.1948,100.073,62.0228,47.6557,37.0312,79.4962,13.8826
4890,62.1229,102.183,62.6356,46.3506,35.9831,80.4111,14.2868
4920,62.6553,103.075,61.2677,47.2652,36.1172,79.852,14.3768
4950,61.642,102.136,62.2799,48.0848,35.7063,79.0359,14.0737
4980,63.6751,100.628,61.7874,47.2003,35.7212,83.3309,13.9509
5010,62.2218,101.102,62.7875,47.793,36.2748,81.7345,13.9236
5040,61.2322,102.307,60.7476,47.174,35.385,77.9564,13.8601
5070,61.4335,102.968,61.6992,46.7848,35.8767,80.4534,13.6622
5100,63.7455,100.483,63.135,46.14,36.8626,78.5384,13.3912
