Time,FC,PAS,PAM,PAD,temp,SpO2,FR
-1,98,148,100,82,37.2138,97,19
0,107.8,162.8,110,82,36.6928,97,20.9
30,110.387,164.805,112.183,82,36.1718,97,20.6338
60,105.829,165.047,109.45,82,35.6508,97,21.1999
90,109.317,166.789,112.071,82,35.1298,97,20.5282
120,109.182,164.596,109.568,82,34.6088,97,21.0401
150,107.231,160.98,112.444,82,34.0878,97,21.0507
180,107.162,165.043,109.403,82,33.5668,97,21.1755
210,107.928,165.416,110.224,82,33.0458,97,21.1097
240,108.936,160.839,111.055,82,32.5249,97,20.5472
270,109.048,162.552,112.101,82,32.0039,97,20.5203
300,109.348,165.875,109.516,82,31.4829,97,20.5943
330,107.14,160.759,112.651,82,30.9619,97,21.0788
360,118.69,159.158,121.229,82,30.4409,97,21.3902
390,119.991,164.314,119.776,82,29.9199,97,21.3601
420,119.205,158.795,120.774,82,30.1559,97,21.3117
450,121.385,162.137,122.898,81.0888,29.5753,98.8459,20.8829
480,109.305,161.458,109.224,81.7826,30.413,95.6153,20.5988
510,108.301,161.948,111.627,83.2238,30.9987,103.086,20.8757
540,107.704,158.894,110.485,80.6849,30.2406,95.5592,20.9063
570,103.615,134.064,87.4247,66.3415,30.7849,94.8283,19.6778
600,102.314,130.803,88.3706,65.9326,31.0676,91.3197,19.7758
630,106.958,129.543,87.6367,65.8569,31.4498,83.294,19.2121
660,104.193,126.067,85.8533,65.0082,30.9485,83.6793,17.8964
690,102.88,126.27,87.1431,63.9135,31.7393,77.6695,18.2876
720,143.379,65.1823,85.1678,38.6646,32.9912,75.137,17.1579
750,139.367,64.8717,87.5843,41.6371,32.0813,86.8365,17.8366
780,139.712,65.9631,84.4971,38.2088,33.5131,87.2336,16.503
810,138.457,63.5086,86.7942,41.1903,32.3092,81.8727,15.9819
840,137.912,68.195,105.998,37.9883,34.2428,78.6129,15.8383
870,136.63,63.9903,108.899,41.2632,33.3116,74.1664,15.1934
900,135.343,68.5614,112.456,38.419,34.1766,71.577,15.7845
930,138.45,65.2924,107.271,41.3306,34.7627,65.3442,16.0893
960,135.172,97.5983,112.113,54.979,34.3578,62.0042,16.2164
990,139.806,100.408,109.412,55.8475,35.3786,58.3348,15.1449
1020,142.086,95.3094,109.246,57.0745,35.2967,53.6236,16.2911
1050,139.906,99.5061,112.533,54.2248,35.12,50.5484,15.4308
1080,135.93,99.7789,109.935,55.8173,36.4525,44.7394,15.6884
1110,139.17,99.5209,111.084,55.2019,35.2403,42.7196,15.3397
1140,138.176,102.218,109.598,54.7658,35.381,37.1222,15.4593
1170,138.065,98.9923,107.902,55.4887,36.8787,35.0928,16.0066
1200,137.351,97.3253,113.432,57.623,35.8275,28.416,15.5697
1230,96.321,134.931,111.07,74.7577,36.2901,26.7298,15.6734
1260,91.086,131.361,104.53,68.0493,37.8464,23.6611,15.9794
1290,82.7592,120.422,63.5619,63.2213,37.3614,17.4542,14.9617
1320,83.07,118.553,67.1833,62.6316,37.4421,76.9394,15.8048
1350,82.8612,117.179,63.3265,63.295,36.9067,74.7271,15.826
1380,81.2998,114,65.1073,63.8268,38.2715,76.688,15.95
1410,84.3057,117.572,65.2008,63.993,35.9924,76.0892,16.4587
1440,84.4434,119.494,66.2918,61.9247,37.6249,75.8532,16.3854
1470,82.944,115.913,67.3171,62.2352,38.4044,74.0184,15.4643
1500,85.2486,111.178,64.0837,62.4121,38.0848,80.4353,15.6251
1530,89.1187,108.963,93.8346,62.0285,37.5805,78.3411,15.3032
1560,89.7753,108.285,91.1495,60.5488,37.5964,77.6417,15.5158
1590,89.7897,113.215,93.85,60.3203,37.2651,78.0863,15.2306
1620,83.3621,102.953,84.7177,57.111,37.432,81.2766,15.5582
1650,87.5964,103.111,87.7781,51.3525,37.4271,79.9353,16.7909
1680,89.7244,103.845,88.6733,54.0571,37.2784,79.8993,16.7058
1710,88.7512,101.058,87.8906,53.5975,37.6678,82.2734,17.1269
1740,91.7077,101.318,87.4382,52.0368,37.1673,82.4472,16.6215
1770,109.091,120.867,105.505,51.5297,37.5617,79.8257,20.1297
1800,93.4075,98.3751,85.318,54.2806,36.2773,77.8969,20.4819
1830,94.3774,94.5886,82.3778,52.3814,36.5932,78.2509,20.4563
1860,93.8813,94.4256,84.9427,52.6193,36.8273,80.0803,20.4331
1890,96.3973,96.9979,84.21,52.7948,37.5292,80.1113,20.3793
1920,96.0714,94.7944,82.5524,51.277,36.6325,80.4936,20.759
1950,94.4418,97.6258,82.6402,55.0821,37.3155,84.2501,20.1449
1980,94.7622,94.4115,83.7331,53.5409,38.6572,82.2257,20.6329
2010,94.8555,97.1021,82.3573,54.0268,37.5302,82.4772,20.3537
2040,96.5563,95.0628,83.4338,52.7219,37.9432,83.2926,20.7766
2070,112.204,120.514,107.463,52.8671,37.4996,84.3206,21.9554
2100,112.178,123.505,107.274,53.2722,38.6179,83.1641,22.0334
2130,111.913,119.929,103.773,51.8719,35.7134,84.4309,22.4249
2160,111.775,123.226,104.626,51.4293,37.8767,86.5702,22.1052
2190,109.692,123.186,107.397,54.6849,36.5768,82.7341,22.4601
2220,111.012,117.624,105.482,52.2279,36.5855,84.9764,22.1784
2250,110.026,122.213,106.68,52.0098,37.5155,82.45,22.1442
2280,110.189,119.957,105.956,51.4543,36.2165,84.4891,21.8192
2310,111.516,120.221,107.783,54.4348,37.0455,85.6264,21.933
2340,110.319,119.032,105.606,52.1881,35.4494,85.846,21.888
2370,113.548,121.059,105.079,54.8347,37.6313,84.1127,21.7954
2400,113.575,117.628,103.869,54.9144,37.4842,82.1514,21.835
2430,109.881,117.553,107.586,51.3,36.8002,83.2102,22.0773
2460,109.31,122.417,106.435,51.414,37.7594,83.064,22.4018
2490,109.787,121.456,106.951,55.0879,35.8035,82.2116,21.8102
2520,110.822,118.538,103.455,55.049,36.7688,82.4152,21.7514
2550,115.622,127.024,111.431,52.6608,37.0016,85.7815,22.7379
2580,115.438,130.009,115.183,51.4855,35.2178,86.4053,22.2531
2610,118.447,131.611,111.987,54.8029,35.4003,81.9585,22.4148
2640,117.089,126.984,112.922,52.4193,36.0411,83.4237,22.3499
2670,117.775,128.957,114.283,52.5389,36.9963,82.6071,22.7081
2700,115.471,126.696,115.085,51.4332,36.5299,82.9305,22.7813
2730,118.211,129.078,114.859,53.5592,37.4203,86.5435,22.1458
2760,119.796,128.87,112.763,51.2734,37.5195,83.3487,22.391
2790,116.022,132.96,114.391,53.8724,37.1711,84.042,22.4674
2820,119.921,128.534,113.564,54.9993,36.2596,85.8785,22.6053
2850,116.443,130.741,112.34,53.9542,35.9471,85.3211,22.3463
2880,118.581,126.955,112.643,52.6998,37.1496,85.3464,22.6593
2910,118.668,129.333,113.033,51.3543,36.7277,84.1916,22.2025
2940,116.602,133.222,111.577,52.0772,37.7018,85.9451,22.735
2970,118.479,127.474,113.588,55.0128,35.7021,83.14,22.775
3000,118.203,130.714,112.367,55.1363,36.8203,85.1915,22.6901
3030,119.571,127.701,114.823,53.8402,36.9065,85.38,22.1702
3060,123.377,136.201,117.206,55.2002,36.2543,85.5875,22.4802
3090,124.1,132.979,117.099,53.5312,36.5595,83.7273,22.8979
3120,124.204,135.327,119.846,52.4133,36.7088,86.4877,23.0293
3150,127.539,136.266,119.199,53.549,35.3894,84.4974,22.4994
3180,125.45,136.867,117.64,55.0563,36.4973,79.2892,21.9896
3210,126.008,133.766,119.819,54.9934,36.3375,78.6524,22.0725
3240,127.677,134.404,117.01,52.995,36.4612,73.8445,21.3633
3270,127.92,137.479,121.107,55.036,36.1264,69.7686,20.8731
3300,125.688,133.713,117.883,53.0354,35.9897,68.4439,20.6276
3330,127.179,132.587,118.854,53.8671,35.2598,64.8419,20.4049
3360,125.357,134.423,117.705,53.6322,36.4055,64.4048,19.8918
3390,123.655,137.489,116.974,54.4024,35.6161,57.0978,20.257
3420,122.881,133.619,116.933,55.0034,36.7486,59.7463,19.9557
3450,122.739,137.641,120.693,55.3207,35.0213,62.1927,20.0854
3480,121.716,131.796,116.743,52.4137,37.1983,60.9694,20.3223
3510,121.424,134.565,119.276,52.8712,36.682,59.9253,19.6343
3540,121.812,132.039,120.541,54.2033,36.0307,65.206,20.1886
3570,118.542,137.169,117.2,52.8388,36.2521,65.192,20.996
3600,121.924,136.972,120.715,53.72,36.2973,63.9759,21.2885
3630,120.914,137.914,120.49,53.1141,37.0242,64.5724,21.6335
3660,121.78,132.993,117.064,53.7796,35.4147,66.9944,22.2179
3690,121.72,137.033,121.025,55.7234,37.1768,67.8358,22.6128
3720,120.245,135.688,117.375,53.1895,37.0568,69.4442,22.5643
3750,119.903,136.555,120.915,52.201,36.0479,68.5264,22.4839
3780,119.882,135.866,121.203,51.9009,36.998,69.9155,22.5465
3810,120.045,135.985,119.31,52.9759,35.7666,71.7796,22.1067
3840,121.89,132.338,118.227,55.1183,36.0768,70.0393,22.2198
3870,117.603,134.072,117.76,54.27,37.1118,69.1947,22.2264
3900,119.649,132.36,117.449,52.4699,37.5421,72.837,22.3691
3930,120.093,133.695,119.569,55.6851,36.6555,74.6655,22.5225
3960,120.812,133.694,118.458,53.2708,36.9968,76.3117,22.5372
3990,118.521,136.492,117.558,55.293,35.9808,77.9461,22.8479
4020,119.516,132.962,117.343,52.8407,36.1879,84.4739,22.5733
4050,118.464,135.246,120.436,55.1187,36.9957,87.3497,22.6562
4080,98.0089,111.763,97.5976,53.7219,36.2426,89.612,22.8754
4110,94.4531,108.249,96.7457,54.5317,36.7597,96.4365,22.9902
4140,98.169,112.013,94.5808,51.9559,37.1908,100.171,22.9358
4170,94.0448,108.291,96.9084,55.2704,36.1384,102.842,22.8056
4200,97.9817,108.434,94.4891,53.8495,36.0571,102.499,22.8517
4230,96.0812,106.736,95.7133,52.0174,36.0081,100.995,22.763
4260,98.2555,108.082,96.7114,54.4228,35.0503,103.58,22.3147
4290,96.5005,108.46,97.8583,53.4504,35.7151,101.571,22.4711
4320,96.5997,108.744,97.1497,52.8633,35.6096,101.148,22.2929
4350,94.3345,109.923,93.9312,55.1705,35.6962,103.396,22.6983
4380,89.9214,103.772,90.5925,53.1052,36.7882,102.782,17.8398
4410,88.8208,104.576,91.761,53.5858,36.7064,104.358,17.9474
4440,92.8908,105.729,91.7291,53.7746,36.4325,103.459,18.2917
4470,88.6402,106.394,91.9687,54.3863,35.6974,102.032,18.4828
4500,89.667,105.469,90.7181,54.8012,35.9917,104.941,17.9785
4530,92.9986,104.626,92.7602,54.1797,36.8898,104.866,18.4138
4560,92.8064,104.476,91.0807,53.8166,37.4846,101.864,18.3875
4590,90.6825,107.218,91.6349,52.3292,37.0547,101.262,18.5132
4620,89.1943,104.588,92.8811,53.274,37.2034,103.959,18.4462
4650,92.7175,104.711,91.7497,55.0792,36.3457,104.175,18.2662
4680,91.3814,102.59,90.234,53.4947,36.6211,102.078,18.0105
4710,88.8402,107.034,91.4888,55.0477,35.9755,104.766,18.1453
4740,92.3069,105.996,93.4087,54.8127,35.4609,104.055,18.511
4770,92.3558,103.388,93.1926,54.0788,36.0771,102.021,17.7985
4800,90.84,104.938,91.5622,53.2597,36.9433,104.145,18.3393
4830,90.2766,103.136,92.1139,54.736,36.1338,102.056,18.0554
4860,92.7345,103.02,90.1176,55.7444,36.845,105.601,18.0438
4890,92.7879,107.596,93.7319,53.2046,35.1164,102.735,18.3218
4920,90.9502,107.835,89.9215,52.7145,36.6768,105.563,18.4069
4950,92.4967,105.992,92.1608,53.5201,37.5242,104.746,18.359
4980,83.0404,97.1434,83.4765,53.5538,37.0467,104.714,15.5132
