Time,FC,PAS,PAM,PAD,temp,SpO2,FR
-1,107,110,65,57,36.9722,94,28
0,117.7,121,71.5,57,36.4546,94,30.8
30,117.346,121.385,70.0557,57,35.937,94,30.1832
60,119.945,123.937,72.8842,57,35.4194,94,30.1636
90,118.109,120.97,72.5638,57,34.9018,94,30.7397
120,118.193,118.451,72.7746,57,34.3842,94,31.4436
150,118.873,119.928,69.9587,57,33.8666,94,30.7678
180,116.305,121.264,69.8686,57,33.3489,94,30.3076
210,117.443,119.486,70.3085,57,32.8313,94,31.4187
240,117.29,119.762,71.1347,57,32.3137,94,31.2853
270,118.811,120.013,72.9042,57,31.7961,94,30.3055
300,117.495,120.886,71.5028,57,31.2785,94,30.961
330,114.834,119.365,70.2455,57,30.7609,94,30.8235
360,127.624,118.242,79.4681,57,30.2433,94,30.7845
390,128.027,122.918,79.5411,57,29.7257,94,30.8575
420,117.796,122.419,72.834,57,30.635,94,31.0388
450,119.396,123.712,70.9318,57.57,31.8506,94.94,30.4788
480,117.583,119.829,72.9197,56.9714,32.5014,96.5609,30.8744
510,121.341,121.363,72.5171,58.899,33.0853,100.66,30.88
540,118.523,120.923,71.0428,57.2731,35.3276,93.8338,31.1599
570,116.865,99.8991,59.4882,45.3402,35.078,91.9377,30.2961
600,116.237,96.467,58.6462,45.4153,36.1613,86.4425,28.3314
630,116.759,97.7321,57.7327,47.1651,37.2014,85.1377,27.8962
660,111.568,97.3524,58.1234,46.5386,37.3155,82.2662,27.1788
690,112.609,95.4626,58.795,46.7262,37.6163,80.1934,26.8154
720,104.443,88.0932,48.7429,39.0412,36.7701,76.0925,26.2909
750,88.5838,86.0077,30.6718,39.2898,37.3264,71.1992,26.303
780,87.948,83.3217,33.8708,38.3197,36.7455,92.3548,25.7165
810,88.5697,84.7968,31.546,39.8262,37.7483,91.6946,23.761
840,88.9004,83.7094,31.6083,39.9883,37.1333,88.8811,23.0526
870,86.247,80.3533,31.007,37.7954,37.362,82.1279,22.8959
900,84.7075,105.572,46.6949,50.6977,37.3666,80.952,22.5562
930,87.8969,106.452,46.9212,51.3528,36.8171,78.677,23.2541
960,89.3269,109.296,48.0126,50.546,38.2287,80.4417,22.7089
990,92.3497,107.218,61.7143,50.0369,37.3966,72.7328,22.3616
1020,94.6747,108.048,59.8361,50.2463,38.2906,72.4266,22.4996
1050,92.0224,112.1,59.7927,51.4941,38.6252,67.2607,22.5013
1080,88.7847,98.7176,50.6266,42.1119,37.0448,66.3356,21.5383
1110,90.6991,102.958,57.6602,41.1578,38.729,60.57,24.2927
1140,91.7971,99.5212,56.2788,41.0399,37.9489,57.8657,24.3426
1170,92.1633,104.027,56.7195,42.8064,38.6635,55.1436,24.4197
1200,95.5371,102.18,56.9045,41.892,38.4684,51.9388,24.5831
1230,116.223,120.126,71.3355,43.4237,38.6634,48.5346,30.4233
1260,101.358,95.8148,65.0496,41.1335,38.3979,46.7514,29.1119
1290,98.0388,98.2553,65.7602,42.5773,38.6168,45.1108,29.2957
1320,101.083,94.6885,66.3725,42.8102,36.9834,41.4648,30.4889
1350,88.0473,91.5099,54.7978,42.9689,38.259,43.2144,23.0608
1380,86.8819,93.4269,54.0253,42.4561,37.7492,45.4059,23.0988
1410,109.119,119.681,69.681,42.558,37.9731,42.5293,28.5667
1440,119.524,128.29,74.6789,41.8887,38.1723,41.7503,32.0806
1470,125.097,131.977,78.9202,42.6201,38.6268,44.0775,32.4065
1500,124.808,130.954,78.5469,41.9168,37.0346,42.6613,33.3086
1530,101.224,106.676,62.92,43.2685,38.6278,41.7147,26.3653
1560,101.216,107.704,63.0816,41.1222,38.3557,45.0914,26.3965
1590,101.067,104.754,62.5971,41.7331,37.5327,42.685,27.1274
1620,99.9682,110.658,61.7789,41.0617,37.1335,45.9473,26.3788
1650,84.6224,91.604,52.6076,43.3939,38.0442,44.5843,22.7967
1680,85.2885,92.6977,50.9135,41.582,37.3896,43.8526,21.8474
1710,82.3943,89.8097,53.2705,42.9824,37.4757,41.5318,22.9426
1740,86.0472,89.7415,53.8849,41.3453,37.3623,46.0063,21.6856
1770,84.4847,93.5662,52.8492,43.2777,37.3179,45.1346,22.4435
1800,89.854,100.127,57.3024,42.8592,37.3067,43.0271,25.0023
1830,75.765,82.4926,45.2759,43.3371,37.1446,45.3386,24.4608
1860,75.6063,82.4804,46.5752,42.1551,37.1073,43.0708,24.49
1890,75.2073,79.1845,47.3647,41.206,37.2521,42.7532,25.0254
1920,75.6161,77.6356,46.7288,42.7933,37.7263,45.5654,24.0975
1950,77.1906,78.5534,45.3724,42.5608,36.8568,43.0843,24.2312
1980,73.9591,78.3325,48.086,43.793,36.7737,43.5258,24.2585
2010,73.6575,82.1239,48.2187,43.454,36.9086,44.7161,25.1214
2040,74.6431,77.0906,47.8292,41.256,36.7719,43.3927,24.7888
2070,75.8137,79.0295,44.8714,42.5843,37.6134,42.5623,23.8213
2100,75.8096,80.8866,46.5854,41.0186,38.0897,43.539,23.6397
2130,93.3953,100.223,56.4312,41.5259,37.9174,43.2432,23.9705
2160,93.3608,95.2183,55.0002,41.9861,36.7465,45.6311,24.5886
2190,89.2417,96.6046,55.67,43.4322,37.7282,42.6782,24.535
2220,89.2535,97.8473,56.9447,43.4359,36.7961,41.798,25.2488
2250,93.8104,97.9729,58.1934,43.4214,37.3731,42.9425,23.9528
2280,89.2605,99.0783,55.3673,41.2031,38.0392,42.1857,24.5598
2310,93.6598,95.0327,58.2418,41.3386,37.2301,42.0225,23.8567
2340,88.3637,97.1443,56.4664,41.6544,38.2205,41.3764,24.0307
2370,88.6371,95.1564,54.8787,41.119,37.6499,45.6764,25.2955
2400,88.7434,96.0773,58.4764,41.8415,38.2429,41.9347,24.481
2430,92.8778,96.3885,57.9894,43.0981,37.1121,45.016,25.2391
2460,92.6623,100.189,58.1185,43.3039,37.0216,42.8913,23.9588
2490,89.705,96.5804,55.5224,42.0052,37.1798,42.2291,24.5243
2520,88.4649,95.1482,56.1469,41.4565,37.0135,42.9408,24.619
2550,89.9227,97.3719,58.1284,41.2897,37.7587,44.8697,25.2125
2580,88.7683,97.727,57.6291,43.4996,37.1426,44.3919,24.9636
2610,92.5188,100.508,57.7115,41.0107,36.8815,45.8852,24.4654
2640,92.4687,95.4201,57.8697,43.1649,36.7635,42.1577,25.3396
2670,91.835,97.6623,56.4725,43.4694,38.0866,42.9119,25.4147
2700,92.8292,94.9869,58.1403,43.2976,37.3789,44.292,25.6156
2730,88.9109,89.4832,53.0858,43.0942,36.703,42.2682,24.203
2760,90.9643,95.952,61.0658,48.6438,36.8068,45.9986,25.1957
2790,95.9851,103.116,64.0077,48.3379,37.4656,43.1268,25.8092
2820,96.5066,106.528,64.1845,49.0526,37.6288,45.2514,25.1549
2850,94.9827,104.922,63.8145,49.2453,37.4428,42.5158,25.7634
2880,98.3746,104.893,63.9347,49.5457,37.1703,41.4598,27.2697
2910,98.059,108.377,63.0519,49.488,36.3103,43.9893,27.6449
2940,97.6386,107.931,62.2958,49.5369,37.1407,43.1136,28.6372
2970,95.2648,103.387,63.7723,50.5236,37.0898,44.4138,28.2915
3000,94.8707,107.788,61.4017,49.1015,36.478,41.5094,29.8215
3030,98.2887,102.73,61.8685,50.6026,35.933,45.7101,29.6196
3060,94.0958,105.425,62.9586,51.2431,36.5762,41.4035,29.995
3090,93.0812,104.946,61.0479,49.6035,36.8896,45.5808,29.6395
3120,94.1093,106.009,61.6241,49.9103,36.6185,43.2648,30.5965
3150,97.348,105.48,62.3398,50.2586,36.7333,44.791,30.0392
3180,96.1056,106.869,62.7801,50.5013,36.0491,42.0286,30.5201
3210,95.9737,103.932,61.1187,49.9465,36.8134,42.1559,30.8895
3240,93.5025,103.468,61.1512,49.2482,36.9331,42.9415,30.6764
3270,93.0829,108.593,63.1977,50.5797,35.6315,41.3804,30.5328
