Time,FC,PAS,PAM,PAD,temp,SpO2,FR
-1,77,147,108,83,37.1311,97,17
0,84.7,161.7,118.8,83,36.6113,97,18.7
30,82.818,163.211,120.177,83,36.0915,97,18.5968
60,86.5509,161.014,120.884,83,35.5716,97,18.6402
90,83.2381,158.181,118.246,83,35.0518,97,18.3768
120,84.1539,163.15,116.798,83,34.532,97,18.7385
150,84.2098,164.04,118.37,83,34.0121,97,18.3394
180,84.619,164.832,120.583,83,33.4923,97,18.9147
210,85.1333,160.679,116.696,83,32.9725,97,18.6618
240,86.3486,162.226,118.936,83,32.4526,97,18.7537
270,84.4897,162.59,117.242,83,31.9328,97,19.0122
300,83.2368,159.569,119.538,83,31.4129,97,18.6608
330,85.5237,161.49,117.888,83,30.8931,97,18.9629
360,92.0932,160.003,128.545,83,30.3733,97,18.7618
390,94.6466,162.779,128.404,83,29.8534,97,18.5796
420,86.4342,160.737,121.654,83,30.1783,97,19.0109
450,87.6017,160.459,117.462,83.83,30.8049,97.97,18.9896
480,86.5296,159.776,117.436,83.509,31.185,97.5339,19.281
510,84.3954,160.826,117.91,83.8846,31.2229,100.512,18.6632
540,86.6105,162.06,122.332,81.9283,32.0808,99.0036,18.4388
570,84.6161,130.07,97.0675,66.1678,31.3743,95.5304,17.8116
600,82.4685,127.298,94.6131,66.9985,32.1377,93.2051,17.8623
630,82.0989,126.702,95.6457,67.8776,32.299,86.0551,17.5339
660,80.6701,132.785,94.1161,65.6396,33.0331,86.187,16.9821
690,82.07,130.217,98.0286,66.6133,32.8114,81.1494,16.5308
720,77.8772,116.663,83.0389,63.8141,34.2514,80.2407,15.8117
750,67.3747,113.609,56.6328,55.6541,34.6486,76.0681,15.5293
780,65.7292,112.539,55.2749,58.9185,34.3236,91.4823,15.439
810,66.1703,112.471,58.2885,58.6163,34.0999,90.5786,14.7649
840,64.9965,109.709,79.2781,57.3186,34.6138,87.8892,14.7538
870,62.1894,108.783,77.9079,57.0681,35.9794,84.2779,14.6358
900,63.2225,141.774,78.1122,58.4413,36.1727,78.0405,14.2541
930,63.3586,142.6,77.9579,58.3645,35.8189,78.2358,14.1361
960,65.7632,139.394,81.7084,73.0424,36.4139,78.4872,13.8841
990,67.9571,136.079,104.315,73.5535,37.3475,74.4895,13.3154
1020,69.2413,139.92,105.319,71.4863,37.8906,72.1375,13.7788
1050,70.1718,134.98,101.574,73.8643,37.7137,67.6503,13.6115
1080,67.4922,131.827,91.9557,68.0348,36.8973,67.1862,13.154
1110,70.8616,129.395,97.5926,63.211,36.915,63.6433,14.6775
1140,68.3597,127.101,100.037,63.9508,37.2678,58.4591,14.3735
1170,69.8171,132.805,101.056,62.0606,37.4419,58.1299,14.4852
1200,68.7911,126.815,100.701,60.4115,37.6653,54.392,14.9993
1230,85.354,154.304,122.953,61.353,37.2993,52.8699,17.7897
1260,71.7877,131.069,112.919,62.0461,37.1512,45.4107,18.1179
1290,72.2996,128.239,113.073,63.9371,37.7938,43.3456,18.1181
1320,74.2561,126.19,113.789,60.6476,35.9492,43.6333,17.945
1350,65.1713,120.447,95.2009,63.6295,36.4968,45.662,13.6803
1380,61.2731,118.231,91.1182,61.0726,36.3665,45.8439,14.2116
1410,82.1145,153.811,115.555,60.9895,35.9156,45.5299,17.5577
1440,86.6058,168.965,127.981,63.359,37.4927,43.392,19.6435
1470,92.1862,171.851,130.496,63.3475,36.6036,43.2399,20.2
1500,91.4391,174.851,134.468,63.0699,36.77,43.2183,20.5089
1530,75.2283,142.283,109.415,62.6332,36.9748,47.0676,16.6343
1560,74.7064,139.821,105.172,62.6227,36.6116,45.8642,16.2165
1590,73.2731,142.167,107.281,60.6967,36.41,45.6538,16.7308
1620,75.1146,141.347,108.794,61.7477,36.8946,45.2057,15.9498
1650,61.5765,119.514,89.7592,63.4168,36.6656,47.1496,13.7253
1680,60.2243,118.611,88.9003,62.9171,36.3839,44.6654,13.386
1710,63.1177,120.383,91.6102,60.1361,37.3099,43.6852,13.266
1740,60.5293,118.191,88.0023,63.6019,36.6111,46.97,13.3424
1770,60.0825,114.572,89.6249,60.521,37.3929,45.921,13.9772
1800,67.3042,126.8,98.3111,61.8312,36.1141,46.6104,14.6276
1830,54.5766,98.2467,79.0893,61.1306,35.7778,44.2336,14.7883
1860,56.0263,100.675,79.3494,60.0372,35.8193,46.4529,15.3317
1890,54.5342,101.586,77.1845,62.3585,37.0358,46.0205,15.1577
1920,54.9515,99.0218,80.1329,64.0679,36.7272,43.2731,14.8912
1950,55.6211,103.603,79.6158,61.2318,37.0312,48.1006,15.0393
1980,55.6034,99.563,81.5914,62.607,36.6515,44.9946,15.1038
2010,54.8642,98.0936,79.3504,60.4643,36.5116,46.3703,15.1447
2040,53.107,99.6569,78.4986,63.3607,36.2712,48.042,15.2415
2070,56.2263,105.975,77.4131,62.816,36.8966,46.7641,15.4253
2100,54.1218,103.756,79.5366,60.7781,37.304,45.1438,15.2735
2130,66.5144,127.222,96.6227,60.1872,37.0179,47.8005,14.9067
2160,65.5682,125.803,99.0089,61.7743,37.0384,44.1352,14.9755
2190,65.1078,122.5,100.069,60.1446,35.8668,44.1149,15.4356
2220,68.2341,128.449,98.0579,61.1257,36.7047,44.2045,15.1935
2250,66.8746,125.913,95.5377,64.1223,36.1754,46.6385,14.7864
2280,65.0096,126.248,95.0569,61.4228,35.9159,43.2691,15.4897
2310,68.8604,122.692,99.9981,60.4954,36.1864,48.0542,14.904
2340,66.7931,122.486,99.1943,61.5123,35.6369,45.8097,15.3617
2370,67.532,127.016,94.4427,60.9164,36.0788,44.9002,14.9534
2400,67.3848,121.442,95.356,63.1672,36.7184,45.2452,14.8506
2430,68.3401,124.531,99.1993,63.5994,36.5995,47.3607,15.6953
2460,68.7565,127.865,94.7254,62.014,37.3002,48.0413,15.5651
2490,64.8155,125.273,96.8207,63.1223,35.8833,45.9233,15.6825
2520,66.9301,128.357,94.9591,60.8283,37.1495,45.1672,15.6726
2550,67.1293,127.676,94.2383,61.937,35.8395,47.6569,15.0674
2580,68.1729,127.206,95.7708,63.339,36.4799,45.3115,15.0254
2610,67.0393,124.448,94.6687,62.6491,37.0944,46.1035,15.1212
2640,65.2048,122.25,96.033,62.9181,35.4378,45.7069,15.6156
2670,68.6986,128.441,99.1331,62.2812,36.6811,47.6041,14.7655
2700,68.741,127.61,95.9516,63.1886,36.3721,46.2892,15.2944
2730,61.416,113.554,92.7555,62.9072,36.1949,47.8951,13.5467
2760,64.9728,127.294,106.65,67.2548,36.5872,43.4481,13.4447
2790,68.8709,137.135,103.029,72.8638,36.1565,47.9216,13.424
2820,68.9571,139.591,103.588,70.5495,36.5143,45.8307,14.0447
2850,69.2718,133.947,104.814,71.5896,35.6795,44.404,13.2452
2880,71.299,134.244,104.405,70.4664,36.6403,43.4323,13.7673
2910,70.194,133.366,107.093,70.8463,36.4448,47.5768,13.9644
2940,68.7752,139.545,108.222,71.4476,36.5542,44.0344,13.5417
2970,69.9362,138.312,103.358,72.7954,36.8206,46.0225,14.0584
3000,68.6538,139.242,107.679,73.5769,35.2023,44.2534,13.972
3030,71.6099,134.7,104.194,71.2374,35.7617,43.6172,13.5152
3060,72.6196,140.514,102.389,70.8446,36.6096,48.0107,13.57
3090,70.644,133.751,106.024,74.2455,36.5941,47.0747,13.7067
3120,72.0613,135.553,103.931,73.6997,35.3016,44.0056,13.7677
3150,70.4673,135.694,103.484,74.3323,36.0762,45.8025,13.3839
3180,74.5324,137.676,104.072,74.347,35.9377,44.7788,14.2777
3210,72.1172,135.145,103.848,74.2348,35.597,46.108,13.8096
3240,71.5443,137.999,103.39,74.2914,36.5987,42.6834,13.4119
3270,71.3131,138.58,103.787,71.5153,35.9551,40.6598,12.4472
