Time,FC,PAS,PAM,PAD,temp,SpO2,FR
-1,101,187,119,98,37.4016,94,21
0,111.1,205.7,130.9,98,36.878,94,23.1
30,109.396,209.665,130.072,98,36.3544,94,23.3577
60,108.631,207.622,132.417,98,35.8308,94,22.9726
90,113.528,204.827,133.196,98,35.3071,94,23.0262
120,109.182,201.224,130.29,98,34.7835,94,22.7007
150,110.384,207.544,128.694,98,34.2599,94,23.1475
180,110.457,208.677,130.427,98,33.7363,94,22.6545
210,110.994,209.684,132.865,98,33.2126,94,23.3652
240,111.668,204.401,128.582,98,32.689,94,23.0528
270,113.262,206.369,131.05,98,32.1654,94,23.1663
300,110.824,206.833,129.183,98,31.6418,94,23.4856
330,109.181,202.989,131.714,98,31.1181,94,23.0516
360,123.098,205.433,143.067,98,30.5945,94,23.4247
390,120.498,203.541,141.819,98,30.0709,94,23.1764
420,112.929,207.073,128.493,98,30.3859,94,22.9513
450,112.898,207.686,136.017,100.141,30.052,91.9574,23.4166
480,106.935,205.217,132.7,96.7717,30.4505,92.3154,22.9858
510,110.215,208.652,130.865,98.88,31.9208,101.288,22.9719
540,110.636,200.312,131.555,97.1122,31.36,96.5869,22.405
570,110.819,161.571,101.729,79.1781,31.39,93.4728,22.2173
600,108.833,162.295,107.237,79.8534,31.3278,92.239,21.922
630,104.864,165.009,103.847,80.2204,33.1382,90.5501,20.3709
660,109.141,165.143,104.225,77.7425,32.4481,87.2232,20.8376
690,103.646,167.438,108.453,80.0586,32.3434,83.5762,19.9512
720,145.99,79.4614,106.234,44.103,33.6364,78.9109,19.1878
750,146.977,77.1487,101.501,47.8315,33.9914,85.0945,18.8396
780,144.733,81.4234,104.146,47.5881,33.4248,85.8154,18.3553
810,141.139,76.7953,105.588,45.4077,33.9872,81.9872,18.3542
840,140.682,85.834,97.9001,46.5719,34.9143,76.6796,17.8484
870,144.444,77.6281,100.027,44.9852,34.5398,76.0491,17.2851
900,138.678,76.3384,107.608,44.5178,34.5785,72.0696,17.864
930,142.945,81.0065,100.923,47.0803,34.9999,70.4235,17.6817
960,143.848,122.261,134.913,63.8029,35.8679,65.7697,17.2911
990,140.752,119.122,129.177,67.5839,37.6014,60.8124,17.5349
1020,139.393,113.437,128.128,67.5071,37.766,61.1143,17.6258
1050,141.674,117.487,128.111,64.5028,37.7227,57.0632,18.0315
1080,138.953,117.298,126.038,67.271,37.51,54.2383,17.5309
1110,145.842,118.434,132.314,64.0721,37.9959,51.354,17.9701
1140,140.298,128.13,134.583,66.1996,38.2606,48.3254,17.5429
1170,139.761,121.521,129.285,67.1372,36.4824,42.6308,17.861
1200,143.94,121.761,131.429,64.0721,36.7459,38.6752,17.7019
1230,100.449,167.792,130.817,84.0654,36.7027,38.4415,18.1431
1260,93.0883,150.931,120.108,79.1426,37.9038,35.6748,16.7213
1290,79.2895,140.743,75.3328,76.7233,37.864,30.9717,17.1756
1320,79.007,143.536,73.2684,70.1832,36.8054,79.3276,16.854
1350,81.6249,142.958,70.3156,70.2768,38.2811,81.7086,17.0033
1380,80.4394,147.537,74.1737,72.7428,36.8641,83.9262,17.0191
1410,79.8214,149.057,73.3463,71.3236,38.6562,82.0521,17.4117
1440,81.6373,146.211,72.3178,72.8176,36.5983,81.8076,16.8861
1470,80.7527,143.829,71.4697,71.6122,37.5826,84.1752,18.0237
1500,82.1478,142.833,74.1868,73.226,38.03,87.1855,17.1289
1530,87.2707,136.054,106.302,72.0232,37.6583,84.0592,17.236
1560,87.3427,134.068,103.041,72.5733,37.7734,87.6394,16.741
1590,84.5144,133.855,102.661,74.4558,35.8224,84.8335,17.1833
1620,83.3994,130.3,97.827,67.4882,36.9765,86.1919,17.0376
1650,87.2452,126.657,104.059,64.0767,36.8075,84.6098,18.8137
1680,85.6199,127.323,99.621,58.8825,38.6969,85.078,19.1169
1710,85.3651,127.477,104.066,59.5215,36.7256,88.232,18.5853
1740,85.1625,128.894,102.033,61.8923,36.9577,85.2075,18.5448
1770,103.641,151.673,123.409,59.0138,37.2856,87.3308,22.6386
1800,89.324,132.357,99.9554,62.6575,38.1551,88.174,23.1184
1830,92.7996,132.015,98.3024,60.9856,39.0727,88.1593,22.3416
1860,90.9782,128.993,101.819,59.8904,38.1945,86.7641,23.045
1890,89.6045,126.714,102.849,60.6069,38.2359,87.9948,22.3304
1920,90.789,126.937,102.724,60.2787,38.278,85.585,22.9661
1950,91.2487,128.622,99.1569,61.39,36.3158,91.4503,23.0676
1980,91.2866,128.226,98.4342,59.4572,37.235,88.5773,22.7187
2010,92.511,133.046,102.701,62.6095,37.6086,92.6893,22.2951
2040,92.6561,131.751,99.44,62.2327,37.4403,91.0992,22.394
2070,105.475,158.124,122.617,60.8791,37.6228,90.2212,24.2873
2100,108.086,155.506,122.513,59.0452,36.9382,91.0549,23.9251
2130,107.889,154.886,124.122,59.7312,37.0752,89.4197,23.9015
2160,107.872,155.571,123.481,59.7187,36.2307,89.9588,24.0028
2190,106.233,151.216,122.427,59.7045,35.8646,91.9201,23.8637
2220,107.499,154.531,119.145,62.2963,36.5223,92.6628,24.4759
2250,105.603,158.216,124.129,59.9011,36.729,89.974,24.1245
2280,108.05,152.516,121.756,62.6235,37.7523,88.7057,24.5158
2310,108.757,157.102,118.673,59.7767,37.8221,89.6301,24.0864
2340,105.832,153.9,119.113,59.9472,38.6322,88.4928,23.8674
2370,108.521,159.234,120.266,61.1176,36.404,92.5186,24.5294
2400,108.343,154.474,122.504,60.3507,36.8524,89.1461,23.9406
2430,107.038,152.35,120.597,59.6826,37.716,90.7739,23.8437
2460,108.945,155.877,120.166,62.7685,36.4776,92.8442,24.1223
2490,106.233,152.854,123.533,60.4948,37.775,89.3763,24.3175
2520,105.727,158.402,123.86,60.504,36.16,90.8359,23.86
2550,111.326,168.834,129.704,59.2212,37.0318,88.9254,24.7098
2580,111.807,164.82,129.735,62.4595,36.3649,89.1985,25.156
2610,112.317,161.882,129.815,59.5997,37.0311,91.977,25.1256
2640,112.279,167.546,129.622,62.8507,37.4948,92.8905,25.1952
2670,113.449,163.649,128.446,63.2037,36.6422,89.9987,24.5428
2700,113.28,167.232,133.908,59.3608,36.354,93.0465,24.474
2730,112.137,164.626,129.783,62.8068,37.8044,91.7295,25.2238
2760,114.151,170.666,133.287,60.6388,37.3624,89.7202,24.59
2790,115.395,165.648,129.24,62.7969,36.3072,93.034,25.1963
2820,111.698,171.175,133.722,62.483,36.4428,92.2298,25.1365
2850,112.049,163.674,128.616,62.6836,35.998,91.8087,26.0323
2880,114.096,168.092,134.105,60.4323,35.7346,90.3131,26.2295
2910,113.739,167.868,129.072,63.4871,36.5577,91.9298,26.4935
2940,111.637,168.949,132.698,59.7933,36.5656,89.5343,27.5023
2970,113.924,165.57,130.849,62.2677,36.5438,89.5826,27.9061
3000,114.376,165.361,133.179,59.8197,35.7841,90.0374,27.8789
3030,114.645,167.132,133.728,63.0141,36.5962,92.1481,28.7617
3060,116.481,171.317,135.85,63.5745,36.0313,91.0757,31.2866
3090,115.448,175.078,134.102,59.8562,35.4945,91.5362,31.8716
3120,118.035,170.944,137.666,60.585,36.0391,89.5951,32.0497
3150,117.652,168.319,134.352,60.2716,35.9616,91.6264,32.2468
3180,117.315,168.973,133.481,62.3414,35.6115,89.6808,32.2158
3210,117.472,171.09,134.368,62.6712,37.7308,90.7341,32.7023
3240,116.395,169.572,138.564,59.7005,35.594,90.7316,32.2065
3270,116.455,172.817,134.838,60.32,37.4219,89.927,32.3215
3300,115.862,169.86,138.26,60.647,36.3745,90.1026,32.5569
3330,117.633,171.228,134.572,62.2863,36.2969,89.8309,32.6558
3360,115.209,168.548,137.119,61.8619,35.2964,91.3473,32.6758
3390,118.54,174.121,138.047,62.1031,36.0933,92.2476,32.9215
3420,117.036,172.374,134.425,61.564,36.7973,90.2001,31.7765
3450,115.224,168.247,138.95,61.3421,36.467,82.9883,31.5207
3480,116.826,172.56,135.418,63.2387,37.6808,82.3373,30.6891
3510,118.208,169.322,134.566,62.3588,35.1909,79.9837,30.2408
3540,117.467,173.134,135.284,61.5348,35.4424,78.3383,29.0891
3570,116.56,173.439,137.381,60.9659,35.8265,72.4528,28.5946
3600,116.289,171.138,135.221,60.5717,36.7404,73.0177,27.7563
3630,114.961,167.427,138.577,61.8678,35.4115,68.0477,27.462
3660,115.435,173.01,134.274,61.8284,36.2068,70.3055,26.5817
3690,117.446,171.151,137.746,63.1413,36.5216,68.1981,26.0617
3720,116.108,172.066,138.169,63.6149,36.4526,68.0142,25.2886
3750,117.391,167.744,139.061,63.3325,36.2004,70.063,24.8863
3780,114.845,172.851,135.039,60.2702,35.827,70.6107,24.5595
3810,116.765,169.996,134.529,63.3544,35.8524,70.2513,24.8127
3840,114.803,169.425,136.834,61.9713,37.7208,68.45,24.8572
3870,117.934,166.995,136.77,61.7494,35.438,69.9601,24.6609
3900,117.788,171.564,137.22,62.0045,36.1308,73.4622,24.4307
3930,116.94,168.065,133.939,63.7969,36.6133,72.3658,24.8466
3960,117.789,168.964,134.956,63.4693,35.0262,72.5801,25.0088
3990,115.563,168.691,135.76,62.7976,36.3433,71.0817,24.4027
4020,115.316,174.529,137.71,63.6236,36.0469,70.993,24.9217
4050,117.971,171.937,139.391,61.756,36.6698,71.6391,23.2426
4080,93.677,139.633,110.134,62.7854,36.1492,73.96,22.7532
4110,92.494,135.98,111.68,62.8985,35.867,75.7498,23.5131
4140,94.8313,141.462,112.145,60.2779,35.2495,76.1684,22.891
4170,92.1744,141.773,111.27,60.0696,36.48,75.4624,23.3825
4200,92.83,137.934,110.196,60.7132,35.5861,76.5172,23.3672
4230,92.0257,136.591,110.238,64.0711,35.6707,82.7107,22.7855
4260,91.9151,142.742,108.669,62.4779,36.5521,85.3771,22.8405
4290,91.0491,140.68,108.771,60.4247,35.5791,84.2947,22.6997
4320,92.4241,140.078,108.651,63.1905,36.8845,90.2219,23.5149
4350,93.9674,136.827,112.731,63.7031,37.4347,90.5791,23.4325
4380,90.6391,130.059,105.478,62.9623,36.2425,97.8965,17.8814
4410,87.4693,129.354,106.733,62.4104,36.3432,99.5811,17.9346
4440,88.5315,135.128,104.944,59.8726,35.4733,96.6874,17.6141
4470,88.1416,127.639,103.451,63.5717,36.6593,100.175,18.1049
4500,89.4243,129.985,105.793,60.113,36.7337,99.7211,18.0522
4530,90.325,131.032,104.733,59.8637,34.8653,99.7521,17.822
4560,91.1715,128.449,105.628,61.8518,35.8377,100.083,17.7241
4590,89.7885,135.219,104.02,62.426,34.786,98.6984,17.9753
4620,88.7227,127.839,106.963,60.0494,36.3537,100.607,17.6826
4650,90.9041,129.652,104.681,60.0897,35.1476,99.3645,17.6416
4680,88.0993,128.772,106.953,61.3312,36.8261,100.142,17.7226
4710,89.2038,127.778,102.543,62.4484,35.4738,97.998,17.78
4740,89.4126,128.324,105.572,60.1464,36.2531,98.6459,17.8081
4770,90.017,134.49,105.812,59.6625,36.4781,97.9004,17.5013
4800,88.72,128.136,105.345,60.1823,36.0956,98.9078,17.4911
4830,88.5737,131.802,106.707,61.5054,34.5413,100.641,17.8493
4860,87.9842,130.947,106.161,63.0109,36.1541,97.6641,17.8362
4890,91.0824,134.42,105.453,63.5307,35.9871,96.5044,17.7254
4920,90.9244,131.681,105.376,62.0728,35.9087,99.6317,17.4866
4950,89.4723,130.836,105.469,62.1003,36.032,96.9222,17.9436
4980,80.7435,119.34,92.7751,62.6024,37.1799,97.385,15.1779
