Time,FC,PAS,PAM,PAD,temp,SpO2,FR
-1,98,164,114,94,37.0229,91,25
0,107.8,180.4,125.4,94,36.5046,91,27.5
30,105.278,176.08,128.395,94,35.9862,91,28.1192
60,108.813,177.774,128.483,94,35.4679,91,27.481
90,107.606,184.682,123.393,94,34.9496,91,28.1673
120,107.638,183.427,123.963,94,34.4313,91,26.8153
150,108.632,176.681,122.47,94,33.9129,91,27.1652
180,109.189,182.27,123.999,94,33.3946,91,26.9879
210,108.812,178.247,124.368,94,32.8763,91,27.728
240,106.009,180.433,126.288,94,32.358,91,27.278
270,106.899,179.111,123.363,94,31.8397,91,27.9745
300,108.36,180.651,128.107,94,31.3213,91,27.6499
330,109.907,184.841,124.255,94,30.803,91,28.0346
360,117.686,179.664,135.638,94,30.2847,91,27.0748
390,117.693,178.295,139.038,94,29.7664,91,27.6106
420,106.595,184.406,140.563,94,30.0247,91,27.9261
450,105.124,176.97,140.011,95.2653,30.6131,91.3065,27.3387
480,104.64,178.745,124.915,95.1766,30.3304,89.0148,26.5463
510,106.015,180.244,126.772,94.8675,30.2226,101.561,26.7069
540,107.136,175.716,124.466,95.4452,30.5988,99.8247,26.3467
570,109.427,147.404,103.556,76.0087,31.8451,96.8349,26.2516
600,105.524,145.001,102.089,75.3902,31.0724,95.2347,26.1491
630,101.747,140.856,102.287,72.9886,31.9114,88.2713,25.0535
660,103.976,150.757,101.147,75.7574,32.4374,88.3029,24.0253
690,99.1768,142.876,99.5055,73.0704,31.485,86.4182,23.5827
720,143.541,67.8131,103.878,47.0179,31.9432,83.109,23.4278
750,138.833,67.4679,97.675,44.9415,32.646,81.946,22.2315
780,139.027,73.7559,104.819,43.9529,33.7638,80.0516,22.6222
810,135.222,69.1219,100.497,45.7275,32.5392,76.7814,21.986
840,136.05,110.603,99.7185,43.28,33.0721,76.4621,21.8303
870,138.023,104.892,98.3411,44.2292,34.1705,70.7609,21.4183
900,136.644,111.293,96.8022,46.7319,34.9783,69.4709,21.0887
930,134.632,105.013,101.435,46.4504,35.0856,68.0665,20.8511
960,137.565,108.012,124.025,65.4495,35.8443,65.2561,20.8206
990,137.586,112.529,125.416,63.7815,35.5097,61.8182,21.2041
1020,136.652,111.77,124.69,64.2296,35.8902,56.2177,21.1907
1050,137.418,106.45,125.334,63.1275,36.1651,53.8865,20.8364
1080,134.524,107.744,124.008,65.9886,36.6827,50.56,20.4254
1110,136.613,112.912,123.128,62.8424,37.0824,50.6087,20.8639
1140,137.544,102.113,128.586,64.3,36.1673,44.3678,21.1689
1170,136.415,109.937,127.213,65.6508,35.9612,44.648,20.4134
1200,139.513,110.316,129.472,63.1846,36.613,39.9614,21.3556
1230,97.3485,153.617,124.851,84.6963,36.4334,35.189,21.7091
1260,92.1805,141.593,115.118,69.8626,36.7497,33.9422,21.9
1290,81.4258,128.823,69.3032,70.0134,37.2323,33.2336,21.4515
1320,82.4687,126.665,71.9227,69.7377,37.1054,78.7698,21.6209
1350,80.2092,127.19,70.2275,70.5395,37.2149,80.0335,21.2883
1380,82.1233,129.278,69.7155,70.5786,36.7696,78.766,20.3029
1410,83.6832,135.229,68.2866,71.5716,35.8285,79.899,20.3131
1440,80.891,129.401,71.5881,69.2249,38.688,81.3388,20.8479
1470,82.2596,127.318,70.4134,70.6237,37.2332,81.7417,21.2992
1500,80.831,132.176,68.09,71.2142,36.7848,85.2032,20.389
1530,88.7105,126.392,97.9128,69.7779,36.3601,81.825,19.6517
1560,85.0571,126.367,101.647,71.5575,37.4969,82.894,19.483
1590,87.982,123.029,102.498,69.8355,36.0604,85.1425,20.2452
1620,82.8012,116.238,92.0843,60.3825,36.9565,82.0373,19.5194
1650,86.2629,115.47,95.2324,59.9021,36.8161,84.6933,21.725
1680,89.6028,117.486,94.4715,59.9498,38.0892,83.9563,21.9593
1710,87.8549,117.394,98.667,60.2315,38.1315,83.6734,21.4479
1740,86.0855,120.334,97.1149,59.3878,37.6493,83.5859,21.8476
1770,107.58,143.901,119.203,59.317,36.614,85.2401,26.9464
1800,90.8355,114.918,94.457,58.472,37.3739,85.4013,26.8595
1830,91.374,113.722,94.3449,61.7154,37.3877,82.175,26.61
1860,92.7636,113.73,96.9479,61.8355,36.413,84.3652,26.4404
1890,94.0454,112.227,95.8589,61.2377,36.0787,84.9795,26.2894
1920,91.1738,115.433,93.7953,59.9499,38.2987,82.956,26.909
1950,93.3403,112.066,96.7112,58.4117,36.9829,88.5325,26.6812
1980,92.6807,110.667,95.5503,61.6624,36.1017,87.062,26.2802
2010,92.9043,114.105,97.6136,60.6283,36.3644,89.6126,26.273
2040,92.7576,115.283,95.7684,58.903,38.214,90.6633,26.5245
2070,107.186,142.25,115.655,59.5961,37.8656,90.3492,28.839
2100,107.133,140.137,117.554,60.5675,37.8659,89.4911,28.8522
2130,109.467,141.644,116.184,61.0853,36.0645,90.0892,28.5847
2160,106.996,140.028,117.448,62.0537,36.8876,87.9722,28.3422
2190,108.156,143,117.004,61.6594,37.6785,89.7559,28.8601
2220,110.684,141.186,116.145,59.8717,36.6383,87.6308,28.2379
2250,110.031,143.193,118.48,62.0818,36.8887,88.9746,28.2606
2280,107.098,139.798,114.729,59.6088,36.557,89.2926,28.4937
2310,108.146,139.685,115.536,58.9318,37.2375,86.518,28.8423
2340,109.479,141.373,115.067,59.2569,37.8268,88.3274,28.606
2370,108.222,140.205,116.783,60.3524,36.0362,89.7876,28.3992
2400,108.922,137.307,117.353,60.9439,37.1351,87.1134,28.0902
2430,109.661,141.471,114.603,60.9216,37.0946,88.8679,28.4565
2460,110.126,143.603,117.195,60.8591,36.3972,87.5836,28.8727
2490,108.893,143.951,115.917,61.3989,35.9068,87.1885,28.7128
2520,107.424,144.117,115.812,61.7788,36.9951,90.6661,28.1413
2550,113.149,150.06,125.705,62.09,36.6943,88.3292,28.9728
2580,113.298,149.956,126.695,61.2404,36.2822,89.4144,29.5144
2610,113.102,149.901,125.371,59.8362,37.6073,86.8745,29.2837
2640,116.209,153.01,124.557,59.4065,36.5378,88.0174,29.098
2670,115.458,150.145,123.909,59.1745,37.8397,88.6774,29.4388
2700,112.703,152.57,124.812,60.1017,37.0965,87.899,28.7456
2730,114.617,149.493,123.992,61.8548,36.122,88.7771,29.6009
2760,113.424,150.001,123.09,60.1398,37.3386,90.2215,29.1537
2790,116.622,151.638,125.347,60.2558,35.6376,87.4218,29.1002
2820,116.293,155.836,126.177,60.8162,35.3876,88.9295,29.4074
2850,114.417,149.905,125.028,60.0904,36.0136,87.5926,29.5414
2880,114.363,153.918,123.252,62.5102,35.133,88.0476,28.8833
2910,115.031,150.593,124.66,61.4831,36.4132,86.2868,29.7646
2940,115.855,156.094,125.19,61.982,36.6518,88.2416,29.1361
2970,113.866,157.455,125.59,62.0008,36.4558,88.7222,29.2766
3000,115.149,155.605,124.299,61.4646,37.4675,89.1575,29.141
3030,116.795,150.823,127.203,59.3204,37.7357,86.3069,29.2884
3060,121.091,156.86,127.972,61.7533,36.9366,90.5352,30.1356
3090,121.474,156.698,130.157,61.8607,35.5699,86.66,30.1588
3120,123.573,156.038,129.541,61.7479,35.075,90.4195,30.2705
3150,121.373,158.757,127.191,62.884,35.9381,87.976,29.7943
3180,124.032,156.898,127.82,60.1193,34.9805,86.5691,30.6317
3210,125.001,157.704,129.739,59.229,37.094,90.1864,31.076
3240,123.302,155.303,129.057,59.9524,35.8582,87.0539,31.5821
3270,124.468,154.349,130.484,62.2205,34.997,87.4025,32.2874
3300,126.516,155.777,127.612,61.9692,35.6881,86.1813,31.5073
3330,127.525,153.129,127.705,61.5507,37.4488,82.7462,31.9258
3360,124.993,157.923,131.81,62.0152,36.4233,80.7104,31.2832
3390,124.704,153.3,131.888,61.1539,34.9253,78.0662,31.7021
3420,124.969,156.304,129.392,59.3711,37.4142,74.5905,31.423
3450,121.345,154.826,127.829,61.5765,35.7434,72.9519,31.3825
3480,120.98,154.556,128.894,59.6856,36.4064,70.0467,31.3018
3510,122.947,153.962,127.868,62.5571,35.991,69.227,31.4561
3540,122.714,153.098,132.163,61.5637,34.6542,67.5515,30.0071
3570,118.934,154.918,130.565,61.5601,37.6275,68.3095,30.1587
3600,117.159,156.969,127.329,61.1919,35.5356,68.4551,28.8298
3630,117.05,155.077,127.365,61.9921,37.1381,71.2349,28.7966
3660,118.167,157.477,129.547,61.6969,36.941,71.7972,28.1899
3690,119.141,155.45,131.242,61.5259,35.0961,71.5112,28.5795
3720,117.703,157.086,127.76,62.5033,36.5375,69.658,28.3236
3750,117.756,153.497,127.387,60.6941,37.1076,71.0086,28.4295
3780,116.704,157.977,127.592,59.5589,36.4525,71.5454,28.2446
3810,115.739,153.205,131.513,60.9956,35.2321,71.1475,28.6309
3840,119.44,154.319,129.896,62.2136,36.3683,71.7726,28.1243
3870,118.074,154.096,129.647,60.6092,37.3994,75.3759,28.2826
3900,117.012,159.401,128.981,61.9028,36.8247,76.457,28.8051
3930,118.098,158.587,128.801,61.8498,35.4638,74.2151,28.1706
3960,117.808,159.369,132.045,59.4568,35.3903,73.7203,28.1693
3990,116.123,157.541,129.791,59.5948,35.6821,75.138,28.7676
4020,116.065,158.167,129.853,62.5194,35.9242,77.2446,28.0664
4050,115.954,156.216,131.987,60.7174,35.4348,76.8212,27.6211
4080,96.0706,128.113,102.493,60.8206,35.9798,79.8429,28.2672
4110,95.8644,125.169,106.456,60.2769,35.6558,80.5453,28.1256
4140,96.116,129.05,104.484,60.41,35.0491,84.6171,27.8779
4170,93.0093,125.116,105.756,62.0119,35.2994,89.7063,27.7066
4200,95.2158,131.567,104.902,60.4268,35.2156,89.3755,27.7476
4230,92.759,124.661,104.379,61.6018,36.0294,92.9948,27.8166
4260,92.5497,130.344,104.969,60.2481,36.2744,97.561,27.891
4290,91.7651,127.468,102.406,59.9045,37.47,99.1661,28.0222
4320,95.7285,131.507,106.192,59.7692,36.4282,99.2093,27.9112
4350,96.0483,130.85,101.949,60.1131,35.8381,99.9841,28.167
4380,88.057,119.759,101.632,59.7151,35.7142,99.8763,22.103
4410,92.1028,123.31,98.4042,61.7777,36.7772,98.4861,22.4152
4440,90.5401,119.082,100.036,62.052,34.4913,98.2553,22.8719
4470,91.5871,120.103,97.9422,60.4108,36.8037,97.5495,22.5246
4500,91.8157,125.708,100.599,59.2837,35.9559,98.3507,22.4761
4530,91.6838,122.491,97.9637,60.9518,35.685,101.993,22.7597
4560,89.931,123.254,100.002,61.1466,37.0935,99.9754,22.4509
4590,92.1051,124.427,101.142,61.0175,37.082,98.0419,22.4333
4620,91.3482,125.052,99.4619,60.5995,36.0182,101.872,22.0204
4650,88.679,120.181,99.389,60.8692,36.5833,99.0613,22.1459
4680,88.1533,125.84,100.393,62.0288,36.3411,98.9056,22.6797
4710,87.7591,119.894,98.087,61.4423,35.2069,98.0962,22.7524
4740,88.7785,123.558,97.9261,60.6709,35.5045,99.6306,22.5449
4770,89.3914,125.891,97.0928,59.4009,36.1092,98.7138,22.5305
4800,89.4164,125.833,98.6325,59.8538,36.1148,101.998,22.2228
4830,91.4311,120.552,101.256,62.4411,35.6369,100.952,22.7961
4860,90.6472,125.955,98.2809,59.3875,36.206,100.737,22.5088
4890,91.041,124.454,100.066,60.0855,36.5072,101.519,22.5341
4920,91.6454,120.552,100.848,59.6266,37.5955,99.3841,22.685
4950,87.7387,120.811,100.111,61.6978,35.7368,100.264,22.8534
4980,78.9978,111.267,86.4394,61.3924,37.0537,98.421,19.0354
