Time,FC,PAS,PAM,PAD,temp,SpO2,FR
-1,99,126,92,76,37.1663,98,21
0,108.9,138.6,101.2,76,36.646,98,23.1
30,107.428,141.82,98.8158,76,36.1257,98,22.6892
60,111.387,140.545,103.505,76,35.6053,98,23.0738
90,106.22,139.458,102.018,76,35.085,98,23.6027
120,110.965,138.847,103.315,76,34.5647,98,22.5607
150,111.258,136.731,103.206,76,34.0444,98,22.9736
180,110.712,140.392,100.472,76,33.524,98,23.2528
210,106.21,135.257,100.764,76,33.0037,98,22.977
240,108.567,141.228,98.7628,76,32.4834,98,23.4108
270,106.383,136.734,100.217,76,31.963,98,23.1838
300,111.55,136.243,102.727,76,31.4427,98,22.9067
330,107.679,139.226,99.1365,76,30.9224,98,22.697
360,118.384,138.301,109.432,76,30.4021,98,22.5701
390,117.335,141.07,113.236,76,29.8817,98,22.8355
420,121.612,142.022,111.117,76,31.0681,98,23.3606
450,122.676,141.494,113.334,77.1093,31.521,96.6933,23.8385
480,108.375,139.864,100.792,76.1788,33.1114,99.1802,22.7704
510,110.196,139.792,98.5154,77.0487,34.2982,99.9792,22.9817
540,107.166,134.293,102.37,75.9927,36.6475,97.7665,21.8868
570,108.552,114.538,80.8022,60.203,37.3778,90.9063,22.0896
600,106.036,112.062,77.9387,61.0912,37.207,88.9627,21.3127
630,105.895,112.164,81.2656,61.228,36.382,85.1926,21.44
660,103.387,115.419,81.8176,61.9496,35.6996,82.3195,20.3415
690,103.939,110.444,79.1857,61.2193,36.7138,79.8985,19.0573
720,94.3999,100.983,70.8474,51.4001,37.2412,75.9242,19.2045
750,85.1092,99.2976,47.9977,52.2161,38.2556,73.7108,18.263
780,82.2716,94.5405,45.9532,51.65,37.4413,95.6961,18.6369
810,83.874,89.8508,44.7311,51.6305,36.5784,91.6154,17.6483
840,80.8699,117.892,47.9107,50.1299,36.5495,88.2253,18.072
870,82.6096,119.857,45.5653,50.0685,37.326,86.6153,17.3634
900,81.5918,119.92,67.1742,66.839,37.7848,82.145,17.489
930,81.9666,122.219,66.5708,65.6811,37.6467,78.7061,17.0049
960,81.0876,119.795,67.8228,65.0046,36.8421,80.883,17.7751
990,84.4016,115.139,88.812,67.2818,36.6794,78.5348,17.1086
1020,87.2673,118.296,87.4752,66.7355,38.6103,76.2766,17.872
1050,88.0908,120.536,89.2576,66.083,36.5976,69.7587,17.2888
1080,77.2572,108.36,75.5326,56.639,36.4403,68.9925,17.4913
1110,85.1147,108.694,82.2747,57.324,36.2603,67.3661,18.8342
1140,86.5334,108.553,83.9185,56.4296,36.721,62.0813,19.6405
1170,86.301,108.442,82.5922,55.1091,37.1727,58.5496,19.1168
1200,88.0952,107.415,80.8251,55.6011,37.3284,57.3658,19.2667
1230,107.863,128.756,99.6877,55.7907,36.4768,52.5287,23.655
1260,92.9028,124.48,78.5867,56.8693,38.4093,50.7002,23.2487
1290,90.6724,124.107,79.0282,55.9707,38.2706,48.1813,23.5825
1320,94.0022,128.239,81.2479,55.6145,37.6383,48.4811,23.3435
1350,93.7399,124.909,80.4081,54.9374,36.8578,48.4195,23.173
1380,91.6883,124.164,81.1142,55.1953,38.2321,46.6938,23.8578
1410,93.1316,128.597,78.8872,56.0413,37.0001,47.4025,23.4997
1440,94.1925,123.747,80.885,56.0645,38.1682,51.0944,23.544
1470,94.0904,126.974,80.1521,56.4023,37.7447,50.7834,23.0575
1500,92.8001,127.534,78.2657,56.4052,37.1737,49.6916,23.8552
1530,108.027,141.446,98.6419,55.433,36.4794,51.1095,24.8587
1560,108.086,140.003,98.9799,55.8245,36.6768,52.0548,25.0953
1590,109.513,140.021,100.538,56.8453,36.8403,51.1386,25.52
1620,107.12,136.092,98.3588,56.5903,38.2235,50.2402,25.0178
1650,108.945,141.922,98.84,57.3917,36.7286,51.9757,24.8503
1680,109.543,138.468,98.6089,55.7183,37.3964,50.5957,25.3969
1710,106.103,138.951,98.3998,55.5008,35.7791,47.7277,25.1929
1740,106.468,138.197,97.1064,57.3418,36.8663,48.0656,24.8104
1770,108.298,139.226,100.593,55.1346,38.2298,48.4384,25.4539
1800,106.747,139.349,97.1039,57.6885,38.2309,50.6958,25.698
1830,106.522,141.811,97.9287,55.661,35.9344,51.1635,25.0269
1860,108.388,140.513,97.3805,57.4111,36.2863,51.9395,25.69
1890,108.764,140.516,97.3847,56.3934,36.7529,48.8908,25.5018
1920,109.149,137.727,100.05,57.1187,37.6623,51.4047,24.908
1950,107.242,136.01,98.6492,56.1495,35.9361,51.0576,25.6139
1980,109.374,140.78,100.183,55.5949,38.2178,48.8717,25.4481
2010,114.149,143.408,106.778,57.7313,37.2527,51.3366,25.8418
2040,115.671,144.291,106.659,57.0797,38.5915,51.9301,25.6343
2070,112.512,142.993,108.503,55.6159,36.5866,48.4922,25.7074
2100,113.185,146.989,108.073,55.2895,37.7555,51.9464,25.4615
2130,113.198,142.09,105.752,57.1889,37.7014,48.8331,25.8387
2160,113.558,144.094,106.59,55.2252,36.1199,49.3862,25.8552
2190,113.979,141.449,108.784,57.1634,37.4907,48.0595,25.9483
2220,115.926,145.19,108.761,56.2368,37.0669,50.0974,26.0174
2250,115.464,144.331,107.566,55.9868,36.8208,51.7428,25.9203
2280,113.135,141.57,108.543,56.6731,35.3643,48.0636,25.8927
2310,112.77,146.223,106.955,56.1943,37.0954,47.7881,25.9803
2340,112.653,145.853,106.077,56.3261,36.7889,48.38,25.5508
2370,112.895,144.85,107.893,55.9121,36.1922,52.065,25.8351
2400,114.131,144.787,106.011,56.4392,36.426,47.8856,26.056
2430,116.38,143.362,106.368,56.9606,36.6646,49.2142,26.1257
2460,116.253,143.719,106.872,55.784,37.582,49.844,25.5202
2490,112.607,147.115,107.648,55.731,36.2452,51.3054,26.1088
2520,117.569,148.719,109.936,56.5368,37.3667,48.9343,26.5604
2550,116.54,146.331,111.521,56.0765,36.0401,48.5618,26.2001
2580,115.412,146.603,112.374,56.0123,37.1692,50.0502,26.5264
2610,115.025,149.548,109.663,56.7415,37.2849,49.5559,25.9547
2640,116.953,147.934,112.283,57.1217,35.174,51.1967,26.3552
2670,115.963,146.246,109.352,55.2652,36.2423,51.0931,26.4331
2700,117.912,147.467,109.756,56.9107,37.862,50.6667,26.3727
2730,118.284,149.128,112.644,57.7921,36.8715,48.9939,27.1842
2760,120.362,144.995,110.785,57.7955,35.5542,51.1801,27.8121
2790,119.594,149.536,113.27,57.6306,36.4549,51.3345,27.5682
2820,119.451,150.23,112.436,55.3858,36.73,49.7274,28.3223
2850,120.123,146.369,111.006,54.9073,37.0563,50.8611,28.9559
2880,123.4,144.989,111.813,55.0098,35.6723,51.8222,29.5744
2910,121.987,149.678,112.318,56.092,36.5249,49.6364,30.0708
2940,124,145.716,113.524,55.3187,36.4069,49.8534,30.4729
2970,126.204,149.822,112.596,55.9876,36.2762,51.7701,30.4991
3000,126.278,147.348,110.635,57.1496,36.1458,49.5203,31.5063
3030,129.225,145.323,110.411,56.6171,36.6691,48.7278,32.0248
3060,127.54,146.096,113.651,56.1436,36.4747,50.9207,30.8586
3090,124.573,149.262,111.946,57.5355,35.5367,49.2239,30.5052
3120,125.841,146.17,110.53,56.9238,36.2333,44.8282,29.6118
3150,124.32,148.273,112.562,55.9508,36.5102,42.072,29.5937
3180,121.105,145.415,110.43,57.5959,35.7628,40.2895,28.8336
3210,123.05,148.577,111.598,55.5092,35.2921,41.7266,28.2831
3240,120.881,150.111,111.065,58.2928,36.6355,38.3979,27.0483
3270,118.337,150.795,111.018,56.73,36.9593,37.6265,26.3409
3300,118.253,148.589,112.884,55.5357,37.4301,38.3068,26.2935
3330,116.854,146.943,112.63,56.8134,36.5184,34.3861,25.3941
3360,114.96,149.182,111.043,57.5521,36.3121,38.6916,25.0037
3390,115.282,146.483,110.034,56.9468,36.649,38.7828,23.9416
3420,113.446,147.376,110.58,58.1551,35.0222,40.5391,24.3524
3450,114.63,147.243,110.1,55.9534,36.6781,41.8682,24.6284
3480,113.685,150.649,112.395,57.1832,36.5352,41.9124,23.8776
3510,116.733,148.743,114.136,57.0112,36.5585,45.7909,22.8797
3540,92.6361,116.629,92.4938,58.0557,35.6387,46.4457,23.311
3570,93.8319,120.762,91.4369,57.5106,35.2267,48.6609,23.1647
3600,90.9364,118.843,92.4637,57.7344,36.5777,51.4309,23.576
3630,92.4442,120.044,89.9809,56.9284,36.0909,51.1428,23.2804
3660,90.389,119.443,90.0626,55.9063,36.1683,53.4241,23.755
3690,92.4241,118.746,91.4969,57.682,36.2749,52.2401,23.6165
3720,93.0197,116.819,91.168,57.5177,35.8553,55.8138,23.6144
3750,90.4965,121.631,90.0432,58.1797,37.7302,56.888,23.7546
3780,91.4484,121.102,89.2755,56.5825,37.1608,58.4655,23.0844
3810,90.8064,117.157,88.6418,57.8324,35.4954,61.3553,23.052
3840,86.6641,111.179,88.0043,56.5463,36.6991,62.333,18.7429
3870,87.1207,112.954,87.6905,55.9271,35.6958,65.1746,18.635
3900,89.9903,111.54,84.9834,57.3211,35.7971,71.783,18.2348
3930,88.7387,114.932,84.8671,55.8102,35.938,72.2286,18.0543
3960,86.4486,111.15,86.3972,58.0924,37.0803,77.5942,18.7695
3990,87.371,113.483,84.6969,57.7101,36.618,79.4722,18.71
4020,88.5639,114.073,86.351,57.7699,35.8008,80.481,17.9217
4050,87.3235,111.357,84.7675,56.3599,35.5381,85.1751,18.1019
4080,89.0788,115.533,84.614,56.7364,37.4925,87.8836,17.9842
4110,88.3611,112.608,87.6842,56.8075,36.6602,90.7658,18.3011
4140,86.7527,114.745,85.0864,56.9028,35.596,91.5575,18.4459
4170,88.6985,113.379,87.945,57.7267,35.3501,93.9225,18.71
4200,87.5779,110.018,85.5419,55.7827,37.5753,90.1443,18.4271
4230,86.9995,109.784,84.336,55.4938,35.9586,91.4355,18.4688
4260,87.0913,113.551,84.6598,56.988,35.6005,89.774,18.5315
4290,87.1076,109.662,86.089,56.5476,35.9544,90.4926,18.6074
4320,88.1317,113.055,87.8912,56.9276,35.1551,89.5731,18.3934
4350,86.6168,110.186,86.505,57.1375,35.3575,90.1426,18.5824
4380,88.7876,111.351,85.3018,57.5174,36.821,91.1049,18.0715
4410,87.6845,114.596,86.4782,57.7836,36.4315,91.9528,18.6307
4440,78.2827,100.28,76.3601,57.5029,36.1168,90.3295,15.7747
4470,87.4416,110.559,88.0274,67.4923,36.7074,92.6756,15.6001
4500,88.4677,119.976,87.7479,66.556,36.1293,93.2547,15.8508
4530,87.1713,116.398,89.2724,66.6577,34.9845,91.575,15.6992
4560,87.7626,118.829,88.1849,64.9011,35.6648,93.0047,15.7438
4590,86.733,114.287,89.5061,64.8825,35.8644,88.0885,15.3553
4620,86.6859,118.67,90.561,66.5203,36.2895,87.2385,15.8335
4650,85.8012,119.833,88.765,65.3497,36.2086,89.3912,15.7308
4680,88.2802,114.909,90.0034,67.135,36.539,87.6598,16.02
4710,87.6214,114.699,87.1693,67.5542,36.313,86.2291,15.797
4740,87.0185,114.472,88.4067,66.6809,37.1601,87.4062,15.8965
4770,88.2769,119.305,87.2465,66.8454,37.5077,87.116,15.5901
4800,85.6662,114.752,88.303,66.6084,37.015,88.3032,15.2882
4830,89.08,118.096,87.4909,65.4997,35.5201,85.2784,15.7559
4860,87.0043,116.182,88.4394,64.927,36.0182,89.7751,15.8676
4890,88.0955,120.01,89.1822,65.8453,37.7134,89.6065,15.9908
4920,85.5712,115.343,89.4225,66.4163,34.8149,88.8956,15.9797
4950,88.9586,119.287,87.8377,65.0179,35.1264,89.1578,15.6594
4980,87.6933,114.991,89.7102,66.4675,37.1941,87.2437,15.6856
5010,87.7368,119.709,91.1012,65.9002,37.5744,86.988,15.9259
5040,85.8576,120.255,89.3199,64.8333,34.5135,87.7404,14.9062
