Time,FC,PAS,PAM,PAD,temp,SpO2,FR
-1,99,153,106,81,37.4583,98,18
0,108.9,168.3,116.6,81,36.9339,98,19.8
30,109.846,165.522,117.669,81,36.4095,98,19.9653
60,111.448,165.325,119.453,81,35.8851,98,20.1046
90,107.479,167.263,117.381,81,35.3606,98,19.9459
120,106.587,166.278,117.949,81,34.8362,98,19.8612
150,108.198,168.093,115.555,81,34.3118,98,20.0877
180,110.352,172.431,119.279,81,33.7874,98,20.1979
210,106.825,167.702,113.973,81,33.263,98,20.2157
240,111.164,165.98,115.42,81,32.7386,98,20
270,107.262,164.471,119.287,81,32.2141,98,19.594
300,108.858,165.628,118.153,81,31.6897,98,19.3896
330,109.464,171.996,114.136,81,31.1653,98,19.8361
360,119.667,168.376,130.721,81,30.6409,98,20.2451
390,119.5,168.586,126.119,81,30.1165,98,19.4483
420,108.552,166.481,126.199,81,30.3459,98,20.2932
450,111.014,171.694,127.42,81.81,30.8788,98.98,19.9595
480,110.086,168.739,118.099,80.2682,30.7935,99.5593,20.1873
510,110.991,167.057,115.846,80.5614,30.7551,100.256,20.3108
540,106.722,166.65,116.964,80.7645,32.0853,96.3698,19.486
570,106.911,137.273,95.4722,67.402,31.5908,93.2581,19.1274
600,108.425,133.483,92.0831,64.9946,31.3995,90.6566,19.0275
630,108.434,133.065,91.987,64.6061,31.629,89.7141,17.7197
660,103.838,135.453,94.472,66.3334,32.8506,87.7222,17.1896
690,104.186,137.187,94.0653,63.6918,31.8423,80.9376,17.5965
720,95.6872,118.842,78.0884,60.7536,32.6254,78.3305,16.8378
750,87.3476,115.922,53.3158,55.8663,32.9837,78.7441,16.7464
780,85.6435,114.229,48.7528,54.0998,33.199,91.9201,16.1969
810,88.012,112.597,48.4779,56.4928,33.4705,93.2093,15.6677
840,85.8489,150.757,50.0344,70.4419,33.1142,90.0015,15.5239
870,82.9346,147.416,54.0412,73.129,33.7346,87.0928,14.6393
900,84.1417,145.88,76.2161,72.0846,34.3238,82.6169,14.9813
930,81.2278,148.582,76.6883,69.9241,34.7864,79.5549,15.2228
960,82.7399,144.292,75.0126,70.5036,35.642,79.7554,15.0038
990,88.1938,143.128,96.0164,73.2091,34.9372,77.8465,14.654
1020,89.115,144.502,95.8429,69.9365,36.2033,76.1786,14.8491
1050,91.6882,141.729,96.1752,72.4984,35.6189,73.7019,14.3147
1080,79.7219,125.966,82.5833,65.0761,35.9677,70.5523,14.2906
1110,90.0649,129.937,91.9838,59.8842,36.4092,67.8474,15.7519
1140,91.0796,136.854,93.5536,60.0101,36.6205,66.1819,15.9863
1170,89.2523,132.144,89.8638,60.5667,37.0153,60.8249,15.7448
1200,86.932,136.569,91.3993,59.8039,37.5237,59.9155,16.0792
1230,107.186,160.059,113.372,58.7794,36.961,54.0243,19.4576
1260,97.2457,133.189,102.759,62.0703,37.4756,52.1579,19.2909
1290,92.7901,136.351,103.179,61.4644,37.4058,51.9153,19.2785
1320,92.371,135.999,101.601,59.4203,38.1315,51.9462,19.5981
1350,83.8252,119.651,89.3116,59.1284,38.1615,51.7277,14.7964
1380,84.5886,122.224,86.0469,62.2317,37.5533,53.7536,15.3756
1410,108.515,153.775,112.871,62.4877,37.4095,51.1973,19.4784
1440,116.698,166.022,122.978,61.1403,37.2331,49.5528,21.2925
1470,122.155,176.351,123.724,61.4137,37.2406,50.2148,22.0136
1500,120.353,176.886,128.005,60.639,37.9078,51.0678,21.5742
1530,98.019,142.137,98.924,60.3419,38.0965,53.7994,17.3617
1560,98.2515,142.216,104.675,59.4808,38.0149,52.9075,17.8312
1590,97.5864,146.08,102.31,60.6134,38.1971,53.5144,17.1607
1620,98.2482,139.627,104.472,59.7629,38.7243,53.6423,17.7763
1650,82.1701,119.66,84.0541,62.6827,38.208,50.2939,14.8734
1680,79.6911,116.397,86.0344,62.2062,37.93,53.0085,14.248
1710,78.7252,119.275,86.8697,60.9891,37.5504,51.8208,14.2268
1740,83.7106,118.18,82.5684,61.1207,37.7188,50.1595,15.0694
1770,80.4003,123.856,85.2766,61.3657,37.4234,53.1135,14.8396
1800,91.4288,135.882,90.2229,58.9954,36.9566,53.3609,16.6297
1830,71.0357,105.238,72.0192,60.7844,38.6562,53.886,15.7502
1860,69.5759,104.112,72.7785,59.3329,38.1506,51.1355,16.4423
1890,68.6761,105.008,75.9624,60.2737,37.7337,50.7718,15.7166
1920,72.136,109.408,76.3804,61.1351,38.5138,53.1595,16.3613
1950,73.1639,105.494,75.9544,60.3296,36.8726,52.7051,16.6077
1980,73.4366,105.614,72.0174,59.4438,38.4809,50.2375,16.0222
2010,71.3326,105.141,72.6797,61.2848,38.5569,53.2242,15.6963
2040,70.422,101.206,72.5012,59.1047,38.6426,53.4102,16.3887
2070,73.0873,105.578,74.456,61.8605,36.8803,49.6583,15.8546
2100,68.5724,106.823,72.6666,58.695,37.1638,50.1506,15.8624
2130,84.727,127.237,90.9563,61.3823,38.1507,52.8137,16.1786
2160,87.976,128.445,89.6249,59.0448,37.5338,51.6412,16.0696
2190,86.5018,126.769,93.2525,59.9336,38.1103,51.0371,15.9599
2220,88.5583,127.759,89.2488,62.1816,36.739,51.4776,16.7528
2250,85.4348,129.344,87.8678,60.0257,38.1789,52.554,16.886
2280,87.2541,127.306,89.3904,59.7253,37.9793,52.7024,16.2251
2310,84.9346,125.566,90.9628,60.9768,37.2109,51.8015,16.7613
2340,84.4653,131.4,93.6155,62.1612,36.8495,50.7523,16.5985
2370,84.9016,130.366,91.1733,60.156,36.9538,52.7225,16.5787
2400,89.5768,127.151,91.8785,60.9198,37.6275,49.5134,16.6948
2430,85.6104,130.342,88.4907,60.3117,37.93,53.0428,16.856
2460,84.3295,126.417,92.8278,59.0057,38.3332,53.5315,16.8256
2490,84.5527,125.465,91.6256,59.4978,37.8794,50.7015,16.4465
2520,89.0876,132.395,89.1455,62.2879,36.8337,54.2624,16.3141
2550,88.0849,132.992,89.0442,62.6624,37.6506,51.5529,16.2556
2580,86.0305,125.995,89.6826,60.1736,37.0933,50.4774,16.3276
2610,85.6236,124.998,89.9411,60.0365,36.6645,49.7447,16.4165
2640,88.529,127.336,88.1368,61.5061,36.8576,51.3567,16.461
2670,86.0525,127.733,87.5899,58.9099,37.0765,50.8534,15.9044
2700,89.1713,130.666,90.1246,59.7042,38.0283,53.3174,16.5026
2730,80.0721,124.727,82.4119,60.2729,38.328,51.8161,15.0885
2760,88.5455,141.509,97.7471,66.9324,38.0074,51.3665,14.9056
2790,93.6384,143.484,96.886,69.5793,36.683,50.2731,14.7443
2820,90.3626,141,98.7816,69.4622,36.7315,53.7135,14.9139
2850,92.5736,142.869,97.1967,68.4639,37.6113,49.3301,14.508
2880,90.0233,143.955,97.1998,70.871,36.9649,48.8337,14.6468
2910,86.5829,145.041,96.2542,68.535,37.5881,45.9802,14.6375
2940,89.4012,141.029,100.882,68.7068,37.9043,44.6566,14.7381
2970,89.9071,138.927,101.891,71.8092,37.7523,42.7589,15.352
3000,86.0181,141.576,98.1279,72.0287,36.6381,43.2348,15.0531
3030,85.814,146.469,102.269,70.2514,37.8639,44.1732,15.111
3060,86.1111,139.753,101.348,68.8786,37.2598,40.6124,14.8758
3090,85.5467,144.702,99.288,69.2199,37.7964,38.2951,15.8043
3120,86.9755,142.398,101.297,71.7671,37.8327,38.0463,15.5615
3150,89.658,143.041,103.065,69.8348,37.1651,43.7492,15.7417
3180,86.2473,146.19,96.9625,71.3372,36.3407,44.3485,15.8929
3210,88.6439,141.343,101.379,71.886,36.3238,42.353,16.5329
3240,91.3432,142.592,101.377,70.0655,37.9379,45.1175,16.7469
3270,91.8044,142.452,100.328,71.5929,38.0484,46.883,16.6773
3300,91.1955,142.334,100.147,71.8574,36.8691,48.1489,16.1291
3330,91.7712,141.089,102.97,72.695,37.3749,50.0387,16.5083
3360,94.5219,145.928,101.31,71.105,36.1156,49.0492,16.6772
