Time,FC,PAS,PAM,PAD,temp,SpO2,FR
-1,106,149,101,87,36.6772,96,18
0,116.6,163.9,111.1,87,36.1637,96,19.8
30,118.479,165.227,112.696,87,35.6502,96,19.6492
60,117.661,161.629,112.025,87,35.1367,96,19.8783
90,114.524,162.608,112.184,87,34.6233,96,19.4982
120,117.404,165.805,108.489,87,34.1098,96,20.1506
150,117.585,165.717,109.149,87,33.5963,96,19.6582
180,115.964,160.453,108.432,87,33.0828,96,19.3471
210,116.751,167.664,109.792,87,32.5693,96,19.8848
240,118.183,166.281,113.472,87,32.0559,96,19.6129
270,117.543,160.605,108.57,87,31.5424,96,20.2599
300,116.868,163.38,112.14,87,31.0289,96,20.2378
330,113.986,161.952,108.447,87,30.5154,96,19.6017
360,125.735,167.715,120.611,87,30.0019,96,20.2025
390,130.68,167.428,123.045,87,29.4884,96,19.4616
420,126.249,160.31,120.584,87,30.4274,96,19.3275
450,125.496,166.305,123.909,88.235,30.5275,96.4459,19.8276
480,112.517,165.094,111.096,85.752,31.9871,96.2907,18.9909
510,116.249,162.328,111.089,88.4215,32.8789,99.5095,19.4877
540,120.034,162.894,113.556,88.2308,34.5397,97.1653,20.0757
570,118.871,128.597,87.2783,67.9469,35.0068,92.5133,19.1814
600,110.547,127.705,88.1494,67.6038,35.9747,86.8465,18.8644
630,108.873,129.698,89.0399,70.9346,36.6213,86.1893,18.0404
660,111.876,125.992,88.157,69.0028,36.4553,78.8023,17.9456
690,113.51,127.316,87.1926,67.3526,36.4308,78.2102,17.5639
720,99.957,118.112,82.6159,63.7376,36.6996,71.9018,16.7573
750,91.3581,113.795,47.9813,62.6752,35.9432,67.3588,16.3449
780,89.0486,111.61,46.7462,57.7385,36.4141,91.1527,15.976
810,87.4647,111.163,49.901,58.1037,36.7994,87.4662,15.8652
840,88.6824,142.478,46.7857,58.5438,37.8716,84.299,15.2523
870,86.8234,142.85,45.9631,58.8229,36.0988,81.2732,14.2817
900,87.7665,149.498,69.918,58.9306,36.4894,76.1849,15.2398
930,84.4146,144.296,69.9174,59.1991,38.483,76.0026,14.6903
960,86.4187,148.692,71.1691,74.561,37.1041,73.16,14.6882
990,91.1413,148.099,96.2595,75.5785,38.138,69.8822,14.5637
1020,92.2838,146.808,95.0629,77.2514,37.7566,64.4172,14.5068
1050,91.4092,150.477,92.7425,76.4919,37.9625,62.8954,14.4986
1080,83.2766,137.093,87.2236,70.5721,37.4212,56.6272,14.5819
1110,92.5093,140.959,91.4697,68.8184,36.6607,56.8017,15.9073
1140,91.8394,137.807,92.8855,63.1781,36.0045,50.2397,16.2902
1170,89.8558,137.237,89.4849,65.0234,37.3531,48.8734,16.2355
1200,91.474,135.967,91.1032,64.2157,37.3583,44.473,15.7711
1230,112.327,163.428,110.194,63.4868,37.2172,38.9937,19.945
1260,95.7224,125.629,93.7179,63.6656,36.8405,37.7509,19.477
1290,98.8184,123.848,98.0063,62.9442,38.4887,32.7775,19.3552
1320,95.8992,124.526,96.366,64.4591,37.4898,32.1987,19.5104
1350,98.2241,123.759,96.2886,63.2638,38.1358,30.276,19.5963
1380,96.6664,123.876,96.9637,65.2856,37.2486,30.357,19.2994
1410,98.2387,123.586,94.5029,64.7209,38.3394,35.37,19.8753
1440,99.386,125.918,94.928,65.5957,37.9756,32.6132,19.3916
1470,98.7972,128.733,95.385,64.0477,37.484,35.985,19.9466
1500,97.6481,127.53,96.325,66.1849,36.895,32.3177,19.8373
1530,114.924,159.596,111.025,64.6582,35.5869,33.6524,21.6045
1560,113.941,162.054,112.848,63.2057,37.6807,33.8694,20.9003
1590,114.879,162.976,111.703,64.2233,36.2864,33.6096,21.3587
1620,115.867,163.967,112.273,63.2214,37.5967,36.5892,20.9569
1650,116.078,159.196,112.755,62.971,35.9211,32.2388,21.3671
1680,114.966,162.686,113.136,63.1118,36.7329,33.3233,20.9998
1710,115.959,162.363,112.446,63.3923,38.8423,36.3423,21.5277
1740,115.651,160.591,114.005,64.4069,37.0776,35.3884,20.8161
1770,112.679,159.982,109.929,64.3527,36.0907,32.7899,20.8165
1800,115.444,163.82,110.105,64.4435,35.9205,35.6849,21.5953
1830,112.255,159.925,110.083,66.5401,37.4341,36.6521,20.867
1860,113.68,163.705,111.969,64.5926,36.8979,34.8258,21.4978
1890,114.227,161.756,110.751,66.1085,37.0772,36.8629,21.1596
1920,113.232,157.98,113.563,63.9964,36.9156,33.6272,21.0783
1950,115.853,160.293,111.227,63.5411,36.2096,33.7074,21.3354
1980,112.749,163.319,110.187,66.1301,38.1411,35.9292,21.1641
2010,119.245,178.905,116.694,66.2121,36.3051,34.0897,21.8062
2040,119.59,173.703,119.17,65.4461,36.9531,32.5929,21.9122
2070,120.481,174.908,119.17,66.0629,36.6941,34.9029,21.9748
2100,118.296,176.578,118.202,66.4772,36.4458,34.472,21.7624
2130,119.981,177.453,117.179,65.7572,36.71,34.1473,21.6297
2160,118.568,173.881,115.532,66.1742,36.1523,35.318,22.137
2190,120.567,175.542,118.978,63.814,37.0503,32.5103,21.8896
2220,118.494,177,118.179,64.2376,35.5304,36.7451,21.7802
2250,121.927,174.491,116.713,66.4856,36.6939,34.1073,21.5091
2280,118.303,175.142,115.791,64.5435,37.5197,34.4249,21.4427
2310,119.395,173.979,117.021,66.4716,37.0871,35.5869,21.9116
2340,119.036,174.393,115.535,64.1373,37.674,36.7129,21.6178
2370,119.727,173.725,116.751,64.8929,38.1094,36.1645,22.1291
2400,119.029,178.46,117.063,65.7894,37.8198,36.9853,22.1212
2430,118.897,174.587,119.399,65.9317,37.6213,34.9889,21.3164
2460,122.16,176.396,116.751,64.5142,36.5702,36.2826,22.1384
2490,120.341,173.173,117.543,64.715,37.1662,34.6096,21.368
2520,122.367,182.161,122.004,66.4053,37.8261,36.8333,22.1528
2550,122.158,181.986,121.411,63.0861,36.3259,32.6281,21.7708
2580,125.035,178.868,122.132,64.9671,37.445,35.0013,21.5465
2610,124.876,176.521,121.192,65.7942,35.9123,36.561,21.9477
2640,121.588,181.078,120.909,65.9337,36.9176,35.9123,22.0412
2670,123.05,179.243,121.803,66.2933,37.8866,34.1927,21.9699
2700,122.61,177.917,119.254,62.9452,36.2716,33.2954,22.1347
2730,124.922,182.129,121.146,64.057,35.8485,37.1003,21.4833
2760,122.516,180.152,122.36,66.2099,36.2489,35.4875,21.9037
2790,122.01,179.245,120.436,66.5728,36.9883,35.4118,22.006
2820,122.125,182.137,121.24,64.0006,37.5625,32.7566,21.9521
2850,124.531,181.293,122.223,66.5129,36.8179,37.1121,21.9846
2880,123.381,182.41,120.405,65.9654,35.95,33.6477,22.1497
2910,123.841,181.461,121.573,63.6147,36.4819,35.7096,22.264
2940,122.56,178.691,118.853,67.1712,35.3926,35.1724,21.6035
2970,125.544,179.448,122.79,64.7269,36.9268,36.8583,22.3167
3000,125.33,178.896,121.246,65.4836,37.1025,33.8249,21.7265
3030,124.646,176.262,119.56,65.0279,36.8659,33.7617,22.1588
3060,123.307,178.902,121.729,65.8415,36.0373,35.8256,22.0778
3090,125.303,180.967,122.864,64.271,37.1492,32.8282,22.0237
3120,124.419,181.262,119.107,66.6936,36.1864,32.5672,21.8064
3150,126.11,178.281,121.973,66.6537,36.5207,34.8954,21.9811
3180,126.951,177.99,119.41,67.2437,36.7888,35.2203,21.7738
3210,128.441,180.199,120.868,64.1761,36.0342,35.6804,22.0934
3240,128.354,181.978,121.056,66.6813,35.5729,32.9429,22.0133
3270,131.479,182.456,120.582,67.114,37.4651,34.5728,21.6944
3300,129.694,180.879,119.621,65.6686,36.4656,36.37,22.3187
3330,131.271,178.812,119.144,65.7798,37.1728,33.5135,21.5812
3360,132.048,181.927,122.82,65.7345,36.5933,31.7683,21.979
3390,133.122,180.454,123.253,65.5762,35.8228,33.3854,21.0965
3420,133.696,182.998,119.084,64.7765,37.0183,29.798,20.9802
3450,130.034,178.907,120.89,66.6315,37.4035,31.7046,20.2295
3480,129.973,182.085,119.146,65.5245,35.9551,28.887,19.8052
3510,133.898,184.056,119.63,67.1656,37.3108,27.2686,19.0594
3540,105.675,147.181,96.3645,64.0032,35.6244,28.5087,18.2337
3570,104.875,146.527,96.5652,65.7212,34.5196,22.8635,17.78
3600,104.351,144.495,99.5742,65.1786,35.5416,25.8447,18.1655
3630,103.713,150.216,99.3693,66.2915,35.9933,23.0189,17.5155
3660,102.076,148.962,96.742,63.6886,34.8885,20.9207,17.9455
3690,100.281,148.03,96.867,65.6544,36.1308,22.2097,17.6431
3720,99.6045,149.303,99.3101,65.8078,35.9992,18.7669,17.7287
3750,100.516,145.837,99.0717,64.3468,35.9898,16.9676,18.3202
3780,98.2735,147.897,96.9309,64.0583,37.0198,18.0779,18.7438
3810,99.1112,144.463,99.5336,66.8268,36.5043,14.1805,19.5227
3840,94.8282,137.312,93.4665,66.1126,37.3299,15.1359,15.5802
3870,93.0204,140.032,94.4898,65.8245,37.5525,14.6898,16.3512
3900,94.6448,137.827,96.1529,64.4492,37.3208,11.7741,16.093
3930,96.0508,139.505,96.1358,64.3781,35.0816,12.6576,17.0016
3960,93.8399,139.089,93.5107,63.8199,34.8019,12.5837,16.6063
3990,94.8501,137.033,95.554,64.7828,37.4306,13.6744,16.7933
4020,96.031,137.617,94.848,65.9564,36.3956,18.8948,17.0339
4050,95.0211,141.463,96.0345,66.2548,37.694,19.8859,16.5673
4080,93.598,142.219,92.8758,64.9086,37.2202,23.1803,16.7563
4110,95.4979,139.58,95.0638,65.9627,36.1736,23.2728,17.2051
4140,96.6364,142.025,94.3954,66.7521,36.6729,29.4745,16.8697
4170,96.4929,140.392,92.988,66.6347,36.3887,30.3813,16.9643
4200,94.4533,138.411,96.3202,64.6635,37.1155,37.4694,16.9327
4230,96.5527,139.582,92.961,63.7859,35.5147,42.6328,16.6401
4260,93.017,140.548,92.3853,63.6839,37.2114,44.3171,17.0751
4290,93.5633,142.375,94.5436,65.8873,36.3662,46.6849,17.1875
4320,96.0088,138.618,92.7083,66.249,37.5411,50.7424,17.0948
4350,93.7808,140.796,95.6268,65.5635,37.567,56.7801,17.256
4380,94.0891,143.145,91.8634,64.201,36.5536,61.2133,17.1269
4410,94.097,140.505,93.8965,66.5521,35.9735,63.8818,17.2374
4440,86.1896,128.224,84.4103,66.5243,35.8586,67.0647,14.2797
4470,94.263,134.533,90.4826,68.7306,35.5479,70.1894,14.7447
4500,93.0717,144.313,97.8039,73.601,35.7013,75.2171,14.5529
4530,92.8014,142.322,95.1962,74.9649,37.6923,76.9186,14.9853
4560,95.063,147.939,97.451,75.7255,36.7504,82.1058,14.7365
4590,94.7362,142.313,94.7021,77.1427,36.3987,81.7529,14.9514
4620,95.9033,143.085,97.6928,73.7342,37.0465,84.7162,14.4055
4650,94.4636,144.871,96.8233,75.6341,36.7496,88.6236,14.4236
4680,95.2472,141.635,97.8568,76.7178,35.7237,92.3988,14.2851
4710,94.0978,144.354,98.8708,74.0364,37.2253,98.6829,15.0856
4740,95.1924,145.625,94.4151,76.5804,35.2985,98.951,14.8725
4770,95.606,144.663,95.6296,74.9718,36.31,96.8958,14.4009
4800,94.9477,143.344,94.4691,74.0744,36.458,94.8927,14.4391
4830,95.4983,142.069,95.8565,76.9491,36.1004,98.476,14.654
4860,95.5359,147.206,95.6396,73.7396,35.3492,97.8296,14.3913
4890,95.008,141.229,96.7564,74.1605,35.8465,95.676,14.6246
4920,93.5639,143.318,96.8853,74.0558,37.07,95.7556,14.7815
4950,95.3015,145.573,96.769,75.5653,36.8112,99.0209,14.9179
4980,93.0957,142.934,98.0253,75.6895,36.3916,97.673,14.4884
5010,94.2366,142.747,96.2705,74.6905,36.3351,97.677,14.8614
5040,92.1352,143.176,98.3536,76.5743,35.9723,94.7022,14.695
