Time,FC,PAS,PAM,PAD,temp,SpO2,FR
-1,126,76,55,50,35.6257,92,27
0,138.6,83.6,60.5,50,35.127,92,29.7
30,138.013,82.9797,60.3193,50,34.6282,92,29.3567
60,136.109,82.4914,60.8705,50,34.1295,92,29.1134
90,140.216,83.2343,60.0218,50,33.6307,92,29.0199
120,139.406,83.6472,61.3695,50,33.1319,92,30.2148
150,140.25,83.3639,60.3339,50,32.6332,92,29.5428
180,138.793,84.3947,61.2403,50,32.1344,92,29.124
210,136.778,85.3686,60.0339,50,31.6357,92,30.2086
240,141.805,83.2255,59.7618,50,31.1369,92,29.1231
270,137.535,82.3012,60.8685,50,30.6381,92,30.0183
300,141.93,84.8116,59.468,50,30.1394,92,29.6014
330,140.815,83.9072,59.3647,50,29.6406,92,30.3048
360,153.905,84.7608,67.439,50,29.1419,92,29.7128
390,155.21,84.0207,67.7011,50,28.6431,92,29.6866
420,136.746,82.5649,61.0423,50,28.9913,92,30.0431
450,138.625,85.0162,61.6569,48.8475,29.5508,90.2456,29.1406
480,138.822,84.8614,60.5777,48.6384,29.749,93.1969,29.9598
510,141.488,83.0998,62.0679,51.533,29.5605,98.0896,29.8132
540,139.165,82.8721,58.2995,50.288,30.7396,95.7642,29.0475
570,133.94,70.7498,49.3783,40.0354,31.1543,95.8309,27.925
600,137.487,65.7723,48.1995,41.0689,31.1632,93.2637,26.9451
630,134.512,66.4847,49.5954,39.9292,31.5977,91.0661,26.9321
660,132.151,68.1733,47.51,39.2087,31.0188,92.485,26.902
690,130.425,65.5763,48.7967,38.6282,32.5015,87.6559,25.7137
720,123.401,61.9026,44.048,38.2718,32.0935,87.5219,24.7635
750,106.856,58.694,27.3885,33.1105,32.5279,85.7073,24.2785
780,106.217,54.8739,27.3994,35.413,33.4829,88.4866,23.7233
810,103.383,58.8991,24.7783,33.314,33.6636,87.2506,23.5176
840,102.727,57.074,26.42,34.9959,33.3217,82.8819,22.4268
870,101.78,57.0442,26.8847,32.1277,34.738,83.337,22.32
900,100.765,73.3303,37.8453,32.5947,34.6886,80.26,22.5629
930,100.373,70.2042,36.5046,34.6379,34.2204,80.0096,22.6672
960,102.747,74.572,36.0246,42.9446,35.6949,80.8619,21.195
990,108.266,69.7409,49.405,43.9737,36.797,81.3255,20.7037
1020,106.586,70.5143,49.0677,44.9904,36.485,79.4153,20.7226
1050,108.701,74.2611,49.5184,43.8737,37.3779,79.3494,20.8238
1080,102.942,68.6183,47.0667,39.6269,37.6938,78.3195,21.2127
1110,107.329,70.515,49.5823,37.7898,38.2247,72.8988,22.8946
1140,110.487,69.194,47.7057,35.8755,38.051,73.466,23.4451
1170,108.959,65.599,46.7502,36.4613,38.0847,72.7133,23.3597
1200,108.316,65.2663,47.3786,35.8756,37.8403,72.1374,23.2879
1230,130.971,77.3742,58.761,35.9197,38.0806,67.1153,28.4918
1260,115.127,72.8504,47.9266,38.193,38.8106,67.8038,28.1502
1290,112.866,77.4966,49.8305,38.7252,37.0202,66.5136,28.2999
1320,114.887,72.8268,49.9398,36.8867,37.803,63.4582,28.4353
1350,115.505,77.6385,50.7138,37.208,36.9087,64.8432,28.0016
1380,113.795,76.5125,47.0833,36.3213,37.8299,66.2874,28.2293
1410,114.928,75.1066,48.9239,38.7757,37.6514,69.2905,28.2346
1440,113.923,74.8186,50.7814,38.4668,35.7979,69.7938,28.5057
1470,116.134,76.4753,48.6129,37.4245,38.5457,70.4123,27.9566
1500,114.553,77.6661,48.6336,35.7435,36.7302,69.5413,28.0133
1530,134.339,82.9436,57.3191,37.2985,37.6293,66.9907,30.261
1560,133.229,82.5388,58.8626,36.7993,36.1937,68.1059,29.8191
1590,135.809,86.461,59.2721,38.5997,37.3097,67.1774,29.7689
1620,133.841,85.3065,57.0264,35.7557,37.9111,68.4028,29.8709
1650,135.592,85.5195,59.4,36.7394,37.5567,67.3301,30.1941
1680,135.56,86.4199,56.544,35.8869,35.9286,68.169,29.7382
1710,132.749,87.9442,60.2231,37.8216,36.2687,70.6289,30.4097
1740,134.516,87.5967,56.4663,36.5003,37.1421,69.3913,30.1873
1770,135.646,83.7523,56.4376,36.8114,35.5736,67.0606,29.7323
1800,135.356,82.6312,57.0001,38.662,36.6756,71.6397,30.0908
1830,133.865,87.6403,57.1961,38.7895,36.8959,71.3201,30.1639
1860,135.536,87.6028,60.0232,37.7014,36.4027,68.2992,29.8816
1890,134.846,83.9543,58.8841,38.3737,37.0734,71.1857,29.9191
1920,135.002,82.3847,57.2691,36.1803,36.2432,70.3668,30.3615
1950,132.932,87.5321,59.7786,36.0665,38.0667,70.6799,30.3064
1980,134.821,86.2021,58.2047,35.5468,36.5978,68.0871,30.3243
2010,140.767,90.6934,62.9195,37.2385,37.0103,70.7701,30.851
2040,142.611,85.6964,62.2095,35.7929,35.7529,71.5771,30.9002
2070,141.038,90.33,62.3381,35.6917,36.5699,71.0712,30.8356
2100,140.592,87.4242,61.3822,36.0165,36.0352,71.6563,30.7259
2130,141.999,89.419,62.7872,38.8577,36.1153,68.262,31.2479
2160,142.151,90.1666,63.8704,37.9098,36.5019,67.2173,30.7382
2190,142.931,89.1073,61.0332,36.5081,36.6638,69.6655,31.3245
2220,141.873,90.6322,60.55,37.1135,35.7025,69.821,31.2544
2250,143.028,87.0343,63.5189,38.7904,36.2992,70.7578,30.7521
2280,143.631,89.737,63.717,38.6562,37.6407,67.2347,30.849
2310,142.458,87.2198,62.5843,37.1949,35.7181,68.9589,31.1804
2340,140.687,88.5715,61.0721,37.0919,37.3316,68.3526,30.8588
2370,140.812,86.3514,61.3299,38.1812,35.3243,71.5314,30.7443
2400,143.252,90.4363,60.5613,36.8864,36.4744,70.2979,30.8867
2430,142.084,87.3069,63.5936,38.2794,36.0928,69.5805,31.0057
2460,143.251,90.0771,64.1069,36.8332,36.3367,70.2855,31.1286
2490,141.976,91.2959,62.0518,37.8298,35.5991,70.9738,31.2663
2520,144.278,93.0312,62.8021,35.6941,36.6826,68.826,31.4119
2550,144.326,89.0634,63.2078,38.0526,37.3978,68.1122,31.2444
2580,145.783,88.9619,64.6051,36.549,36.438,71.6384,31.7022
2610,144.775,90.1662,64.2271,37.1186,37.1538,68.4691,31.0857
2640,144.756,91.0674,62.4187,37.2189,36.8078,67.103,31.6237
2670,146.208,90.0299,64.0707,36.7464,36.8923,70.2179,31.0299
2700,143.665,89.9539,63.1269,37.553,36.8268,69.481,31.1956
2730,146.01,88.5214,64.5319,37.6629,35.9107,70.5022,31.0701
2760,145.528,93.0224,63.8316,36.1794,36.668,66.9888,31.3164
2790,146.776,91.3324,64.4404,36.6706,36.2105,68.7073,31.5043
2820,146.017,92.0921,62.2506,37.5447,36.028,70.8674,31.7497
2850,146.205,90.976,63.5396,37.0565,36.0798,69.1614,31.2954
2880,143.787,93.8417,63.2145,37.5692,36.4888,71.3271,31.6141
2910,143.433,91.5678,65.343,37.0899,36.9858,71.6815,31.7627
2940,143.431,88.8768,63.0727,35.7299,36.4042,71.142,31.7009
2970,145.652,90.2063,62.0692,36.2452,36.6491,68.7345,31.7527
3000,145.187,92.6949,62.8486,35.8917,35.2275,70.0668,31.3948
3030,145.937,91.5602,64.4173,37.9878,37.3016,68.9284,31.9111
3060,145.859,92.6468,65.6206,37.355,37.6799,67.3726,32.2836
3090,143.794,89.2495,65.0829,37.8551,36.0983,68.1911,32.6318
3120,146.464,91.2943,63.3462,35.9041,37.5421,67.8736,33.3756
3150,145.211,93.1372,62.6092,37.0332,36.2807,67.9265,33.7815
3180,144.607,89.0498,64.8439,36.4051,37.5498,70.3919,34.2805
3210,147.027,91.1346,64.9155,37.9817,37.3098,70.9857,35.2544
3240,145.632,89.2313,64.5873,36.3224,36.1125,69.5003,35.9478
3270,146.427,92.1463,62.3945,36.1494,35.2441,67.9499,36.4137
3300,144.621,93.4912,64.9051,36.964,36.339,67.405,36.3618
3330,145.287,88.3277,63.148,37.6693,36.2817,64.9159,36.0888
3360,141.879,92.0072,64.3891,37.1749,35.3406,63.7551,35.696
3390,142.377,88.707,62.7479,39.1291,35.6522,64.6369,36.0563
3420,140.647,88.886,62.3394,38.9997,35.9687,63.8908,35.0689
3450,141.024,92.5565,65.7794,37.0037,37.6038,63.9007,34.0901
3480,141.676,89.8379,63.8615,35.9433,35.8384,59.5862,33.3977
3510,141.306,88.8345,63.0837,38.7752,36.2547,60.9105,34.0474
3540,113.195,73.344,53.1173,36.1283,36.4942,59.2105,32.9605
3570,114.38,71.7999,52.8483,38.4067,35.5085,59.7743,32.617
3600,113.288,70.9608,53.653,39.1936,37.1739,55.2174,31.3635
3630,111.445,70.398,54.1832,38.0692,36.3491,55.9953,30.6243
3660,112.674,70.6002,51.0109,36.0758,36.0661,54.6347,30.7208
3690,116.618,75.6562,54.2059,36.4977,36.3606,56.7218,31.2541
3720,117.774,74.7221,53.9839,37.6962,37.4785,53.9824,31.1414
3750,115.994,73.4625,52.0603,37.8895,36.1821,53.1545,30.7105
3780,119.127,74.9085,51.4087,36.8407,36.3601,51.2384,30.8163
3810,117.893,72.6908,52.4698,39.0742,35.7345,52.0165,30.6296
3840,112.194,70.9005,50.4501,36.105,36.2771,50.8567,23.8958
3870,114.024,67.9381,49.3484,35.9311,34.7026,46.7555,23.3755
3900,114.072,69.1626,49.3318,37.0877,36.1753,49.6424,23.8367
3930,112.158,67.6922,50.4269,37.7427,36.7227,49.8946,23.385
3960,112.023,67.9685,48.5169,36.0442,35.4252,51.2372,23.641
3990,111.984,67.3295,49.6774,37.2999,36.0203,50.176,23.3947
4020,111.554,71.2461,49.7245,36.8021,35.9821,52.9996,23.3365
4050,112.376,69.7497,50.185,36.4446,34.9626,50.0617,23.5977
4080,112.737,68.6565,49.5797,36.1351,35.5602,52.8991,23.8203
4110,112.416,71.8179,48.2519,38.0432,36.5728,55.6508,23.8791
4140,112.461,67.4103,47.9801,36.3457,36.834,54.4356,23.8652
4170,112.953,70.5479,51.4774,38.1567,36.3937,55.4726,23.6426
4200,112.885,68.9773,49.9261,39.1367,35.6694,59.9022,23.3816
4230,114.255,70.4577,50.7788,37.8094,35.7506,59.9368,23.8376
4260,113.21,68.2352,51.2136,39.2722,36.7715,63.5174,23.9615
4290,113.442,69.9204,50.0132,38.1346,36.8394,61.9867,23.5394
4320,111.11,69.7963,48.9147,38.3341,37.1213,67.0223,23.7224
4350,113.026,69.3508,48.3294,38.8787,36.9556,67.459,23.7692
4380,113.569,68.6418,50.3001,36.0988,35.6918,70.7158,23.3784
4410,114.23,68.9084,50.8696,38.3071,35.9482,67.8132,23.3339
4440,100.34,60.1614,45.4598,36.0325,35.6367,72.1843,20.0557
4470,104.638,67.576,48.5114,38.9421,34.87,74.0712,20.1519
4500,111.864,69.9245,53.4058,44.9114,36.9441,72.6186,19.8981
4530,110.85,72.9953,50.6582,42.6342,35.8972,75.4992,19.5424
4560,111.563,68.7259,50.0768,43.7635,36.65,77.16,19.9999
4590,111.075,73.7913,52.5315,43.1681,35.1088,74.4931,19.9855
4620,111.893,69.4847,52.0772,42.1741,37.3025,77.8557,19.7005
4650,111.199,73.4531,51.8703,44.9952,36.0035,81.1604,19.9164
4680,112.849,68.8436,50.3583,43.178,36.5192,76.6402,19.5386
4710,111.183,72.8754,51.6345,43.1568,35.8641,76.5157,19.9971
4740,112.998,72.0623,52.9109,44.6942,35.5265,76.8697,19.9415
4770,110.852,72.1824,51.9413,42.8135,36.1758,80.4599,19.7353
4800,111.95,74.2574,52.6956,42.687,36.6594,77.8089,20.1136
4830,111.798,72.9588,50.6964,43.7963,35.7782,77.5134,19.8033
4860,112.933,68.6345,50.8501,41.9799,35.8857,79.4226,20.0387
4890,109.986,69.4958,49.8931,43.2341,37.2824,79.8828,19.7277
4920,112.87,71.1484,52.0776,42.7131,36.4567,76.7136,20.1041
4950,112.132,70.2792,51.398,42.1465,36.6296,78.7598,19.8492
4980,112.23,72.9469,51.8933,42.0641,34.9329,80.1791,19.624
5010,111.083,73.2417,52.1681,41.8021,36.2406,77.7696,19.9195
5040,112.281,73.9932,53.261,41.7806,36.9413,76.8833,19.4601
