Time,FC,PAS,PAM,PAD,temp,SpO2,FR
-1,106,143,96,82,36.5437,94,20
0,116.6,157.3,105.6,82,36.0321,94,22
30,118.147,155.877,103.952,82,35.5205,94,22.3577
60,115.652,155.88,105.436,82,35.0089,94,21.7631
90,117.85,161.138,105.235,82,34.4973,94,22.2032
120,116.096,157.038,103.297,82,33.9857,94,21.6409
150,115.868,160.43,107.778,82,33.4741,94,21.6099
180,116.661,157.395,105.407,82,32.9625,94,22.5402
210,116.736,156.334,104.605,82,32.4508,94,22.4982
240,115.3,158.914,107.933,82,31.9392,94,21.7134
270,115.974,154.963,106.683,82,31.4276,94,21.7759
300,117.346,157.444,103.991,82,30.916,94,22.484
330,117.683,156.107,105.352,82,30.4044,94,21.9921
360,126.283,157.842,118.083,82,29.8928,94,22.3957
390,127.825,159.952,116.483,82,29.3812,94,21.8408
420,128.882,160.735,116.436,82,29.7621,94,22.2211
450,130.179,155.15,115.823,82.82,30.4407,94.94,22.5344
480,118.254,155.433,107.951,81.7825,30.6795,93.4153,22.1108
510,117.603,160.249,106.976,80.8358,31.2634,103.86,22.3114
540,116.333,158.12,106.338,84.7505,31.9571,101.882,21.5806
570,114.983,130.26,86.1888,65.022,31.7658,96.4507,20.9121
600,116.553,130.094,87.2738,66.7583,31.5073,94.6949,21.0817
630,113.835,127.584,82.9974,66.7056,31.9167,91.7774,19.9486
660,112.682,128.632,85.1128,64.4695,33.2042,93.3808,19.7209
690,112.016,124.097,87.1468,64.6609,33.1747,88.5864,18.7184
720,104.989,120.525,69.9592,54.679,33.2852,85.8371,18.9765
750,94.286,110.13,47.0748,56.7859,34.7242,88.1971,17.969
780,89.4229,109.515,46.3742,55.2447,34.6848,85.4652,18.3149
810,87.8044,110.357,46.1835,56.3073,34.3982,85.9313,16.8548
840,86.3603,104.987,45.4552,56.4714,35.3206,81.8416,17.0201
870,89.804,105.47,46.6675,56.8624,35.66,83.332,16.063
900,90.0452,140.498,66.0567,71.1792,36.8861,78.5423,16.5935
930,84.4359,142.637,68.4586,71.4184,36.9421,78.8892,16.5786
960,84.7319,142.56,69.2304,73.6959,36.7767,81.8873,16.5662
990,89.898,145.96,89.2508,73.1488,37.99,79.5357,16.2619
1020,95.3946,144.841,86.2245,72.8683,36.9749,75.0889,16.0795
1050,91.7653,144.843,87.69,72.4651,37.4399,72.0546,16.4961
1080,87.6423,134.586,73.1445,61.1592,37.5599,74.4053,15.8752
1110,90.8537,137.251,83.3989,59.8223,37.7026,69.1168,18.003
1140,94.9604,130.754,81.4214,61.7995,37.813,67.9285,17.3429
1170,90.9526,135.669,82.8747,61.0733,37.0876,68.3987,18.1567
1200,92.8098,129.635,83.454,62.113,37.6966,65.8564,17.2004
1230,114.97,160.694,99.8102,62.508,37.4434,64.0928,21.7702
1260,100.451,123.009,83.506,60.7409,36.5174,62.1522,21.8271
1290,97.6289,124.035,86.2136,60.5279,37.8582,58.9314,21.5726
1320,99.8409,125.707,83.2761,63.117,36.8505,57.0956,21.436
1350,85.4753,122.225,76.5236,59.7534,37.235,60.0805,17.0149
1380,85.9846,119.321,76.8391,59.8302,37.1282,57.1638,16.5569
1410,113.35,157.309,97.1453,59.915,36.147,57.7208,21.0013
1440,119.16,170.983,109.62,62.1873,36.1682,58.9312,22.9765
1470,124.603,175.151,114.93,63.3091,36.7069,59.3709,24.279
1500,121.45,172.674,113.399,61.6269,37.3135,58.4581,23.844
1530,99.9279,140.135,93.4194,60.5532,36.3995,57.7887,19.1542
1560,99.8504,139.711,91.8334,61.3687,35.9429,60.0902,18.871
1590,98.4122,137.383,91.3842,62.438,36.9486,60.053,19.4648
1620,103.94,137.839,91.3122,59.816,36.4744,58.8274,19.4183
1650,84.1084,121.3,75.2404,61.3508,35.8757,57.8179,16.7163
1680,83.3931,116.543,72.8839,62.1081,36.9047,60.7379,15.7524
1710,85.5006,117.139,73.6336,62.5339,36.4964,61.0484,16.1576
1740,87.6967,117.374,72.9996,63.3153,36.6405,60.5465,16.7787
1770,86.6295,122.288,76.0107,62.9927,36.8609,60.9404,15.9873
1800,94.3077,133.447,86.0648,63.0124,35.8739,62.2535,17.7237
1830,75.688,105.779,66.3203,60.3744,37.6195,60.815,18.2441
1860,73.9915,103.734,65.3022,60.6923,37.1936,59.4813,17.4221
1890,73.0939,100.479,64.2495,63.575,37.5585,61.0623,18.1158
1920,75.2474,103.856,63.7376,60.0255,36.2021,57.8297,18.2792
1950,73.5926,100.574,65.6971,63.2592,37.0639,62.1054,17.3207
1980,76.3645,105.425,63.4017,59.8106,35.8439,59.4304,17.5923
2010,77.1633,106.672,66.3856,59.7478,37.219,60.9894,17.2365
2040,76.8836,103.94,68.1566,60.94,37.3527,62.0059,17.7176
2070,72.6761,108.251,65.6655,61.3429,35.7276,61.5767,17.5832
2100,76.5804,106.728,65.8068,61.4578,36.4727,59.8378,17.7997
2130,91.8552,130.858,83.5365,60.9628,36.8695,59.5739,18.011
2160,91.6876,124.972,80.8802,60.6782,36.7383,58.8592,18.257
2190,91.7907,125.488,78.8217,62.1995,35.9789,59.9237,17.6585
2220,89.9911,126.575,80.8495,63.5386,35.8659,61.6749,18.0525
2250,92.309,126.596,84.0489,59.8773,35.9833,61.585,18.0461
2280,94.2123,125.991,83.2232,60.9816,36.3368,58.774,18.2683
2310,88.593,128.063,79.8075,61.6047,36.9133,59.0921,17.7295
2340,94.5389,130.427,79.7166,60.11,35.8401,60.6558,17.6873
2370,90.4599,127.994,81.5603,63.1223,37.1234,59.9895,18.6313
2400,88.9865,126.701,80.6051,63.3958,36.6774,58.5518,17.8848
2430,88.7552,127.537,83.7255,59.6734,37.3268,58.3134,18.1648
2460,93.1619,127.673,82.3697,62.1275,36.037,61.883,18.4248
2490,91.4385,128.35,83.5109,62.5684,35.6235,59.5553,18.2407
2520,94.5924,131.331,81.6244,63.6377,35.9949,61.9986,18.6045
2550,94.424,124.95,79.6193,63.3834,36.5639,58.1614,18.6468
2580,92.3092,126.082,81.3083,60.7088,36.8396,58.4305,18.5871
2610,88.8355,124.545,82.3575,61.5349,36.6302,60.1988,17.8105
2640,93.2336,131.689,83.1917,62.2071,37.0385,59.3493,18.2824
2670,89.715,126.314,81.7028,59.8613,36.1522,61.266,17.5778
2700,88.8327,131.131,84.1006,62.0871,35.6087,59.8279,18.5761
2730,88.1866,120.899,78.3992,63.5588,36.596,59.9078,16.3766
2760,89.4222,125.266,90.7725,69.7456,35.1989,59.9303,16.7092
2790,97.5735,141.26,89.2278,69.7292,35.4446,62.1318,16.0515
2820,95.6933,140.201,88.0653,72.1694,36.2481,58.3046,16.1784
2850,96.9812,139.299,88.2007,72.6028,35.5336,62.2974,16.677
2880,91.8191,138.162,88.3158,71.2734,35.9815,61.6523,16.9307
2910,95.209,137.097,88.9752,71.5197,35.4031,60.7636,17.4389
2940,94.4162,139.342,91.6465,69.7927,35.6734,61.8077,18.0779
2970,92.0288,134.583,93.247,73.1994,36.2294,58.2977,18.4445
3000,98.2973,135.571,89.3916,73.8769,36.1585,59.9286,18.7137
3030,93.3187,137.42,92.9581,72.8397,36.3,58.5158,18.9452
3060,98.4681,141.748,91.7922,71.296,35.9147,59.6441,19.6074
3090,98.2073,137.525,87.8835,73.5609,35.6767,57.6936,20.453
3120,92.974,136.451,89.3763,69.9039,35.5831,60.5238,21.1941
3150,98.2597,136.141,89.8112,70.4094,35.8595,57.943,21.0548
3180,92.4598,139.412,87.656,70.397,35.671,58.9257,20.6554
3210,96.1617,136.92,92.4463,72.9879,35.9124,58.5638,20.8737
3240,96.3789,142.903,89.6977,73.7072,35.1479,56.4764,20.7737
3270,93.5654,137.907,92.9398,71.4183,35.748,53.6337,19.8665
3300,96.8543,140.406,89.5599,70.183,35.1796,52.8291,19.1045
3330,95.1986,137.209,91.9929,71.3368,34.9881,52.4087,18.6283
