Time,FC,PAS,PAM,PAD,temp,SpO2,FR
-1,90,202,141,114,36.8844,97,19
0,99,222.2,155.1,114,36.368,97,20.9
30,99.2308,226.346,154.611,114,35.8516,97,20.6736
60,100.874,224.735,151.665,114,35.3352,97,20.4965
90,99.8686,217.056,153.6,114,34.8189,97,20.7084
120,97.6208,219.579,154.499,114,34.3025,97,20.4427
150,97.9397,222.844,154.22,114,33.7861,97,20.8212
180,98.5762,221.579,153.539,114,33.2697,97,21.2156
210,97.1918,225.635,155.342,114,32.7533,97,21.052
240,98.0284,219.655,156.507,114,32.237,97,21.4012
270,101.104,226.314,153.12,114,31.7206,97,20.6203
300,98.5542,220.534,157.343,114,31.2042,97,21.0952
330,97.6192,223.372,152.246,114,30.6878,97,20.4428
360,107.88,223.205,173.199,114,30.1714,97,20.8646
390,108.754,217.589,172.155,114,29.6551,97,20.7818
420,107.086,223.524,153.225,114,30.1797,97,20.7144
450,109.438,220.841,156.429,114,30.7043,97,21.2788
480,97.0923,221.024,154.859,114,31.229,100,21.3305
510,100.293,220.056,153.043,114,31.7536,95.0103,20.0426
540,96.3795,179.135,123.573,91.2,31.9607,92.5743,20.1234
570,94.4729,182.917,125.996,91.2,32.4854,87.3532,19.244
600,96.5641,183.381,120.927,89.0096,32.8452,84.845,19.3914
630,94.9978,176.534,126.456,91.2896,33.1838,80.6376,18.8313
660,87.5161,168.728,111.832,86.0942,33.9435,79.24,17.8928
690,80.3325,152.219,63.0117,75.7694,34.1766,73.7186,17.6609
720,79.5233,150.624,65.3808,79.5176,34.9843,93.4016,17.6132
750,78.7142,149.521,64.7926,78.6976,35.8739,87.8406,16.6321
780,77.9051,147.673,63.0424,78.5188,35.961,88.3829,16.759
810,77.096,149.517,64.5567,77.5982,37,83.0331,16.3501
840,76.7747,146.936,66.5267,75.5143,37,81.9673,15.0669
870,76.2015,200.309,65.4451,100.307,36.6184,74.0204,15.8215
900,76.7036,199.384,65.1774,101.045,36.2833,75.5001,15.9211
930,79.7078,195.655,125.374,99.1499,36.1199,74.7172,15.7799
960,80.4861,196.369,127.94,101.545,37.8521,69.675,15.7588
990,79.2016,196.385,125.344,98.3822,36.3396,68.5134,16.1508
1020,74.8234,182.657,118.578,92.162,37.7076,66.6135,15.9648
1050,82.1313,189.461,121.097,85.1651,36.2153,59.5816,17.497
1080,80.0568,189.161,121.413,85.2545,36.114,56.1999,17.2071
1110,83.9088,186.765,124.714,83.6624,37.3736,53.434,17.0227
1140,83.3114,183.6,126.091,85.2222,36.84,53.5607,17.5906
1170,82.6193,188.2,124.762,86.9843,37.2992,47.7749,17.5547
1200,84.4012,186.953,127.01,86.8474,36.6911,46.8683,17.5376
1230,74.6423,171.961,112.771,84.9083,37.075,39.9407,15.8516
1260,74.1634,167.292,112.021,83.9526,36.9896,37.1057,15.9778
1290,77.0618,166.278,111.259,84.4043,37.8271,38.655,15.6314
1320,75.7637,164.916,111.932,84.9568,36.9572,38.4867,15.7182
1350,98.4989,213.1,144.513,84.2417,36.3106,38.3956,20.5062
1380,97.8787,212.869,146.672,87.1377,36.9486,38.0159,20.9115
1410,99.1838,215.711,144.833,86.9984,37.3992,38.3887,20.1679
1440,97.8652,214.551,142.969,84.6748,36.7775,38.3186,20.6068
1470,98.703,217.337,146.455,86.1911,37.6894,38.2288,20.7742
1500,94.9693,213.364,143.888,86.1968,36.6531,38.2465,20.5714
1530,98.3889,214.762,145.231,86.5204,37.6983,38.2543,20.61
1560,97.5611,217.926,145.92,84.6144,36.3463,38.7866,20.5353
1590,97.2604,214.621,142.971,85.0913,36.2183,38.9102,20.1427
1620,99.1118,213.462,146.842,87.2919,36.7993,38.5188,20.6037
1650,98.0362,214.714,143.19,85.5014,37.4525,38.9244,20.2972
1680,97.6871,218.287,146.777,84.4562,37.2676,38.8658,20.4896
1710,98.4177,215.126,142.194,84.838,37.5194,38.6863,20.669
1740,98.7101,212.849,146.145,86.7417,36.6723,39.0249,20.7175
1770,98.0817,218.101,144.159,85.2285,36.4295,39.0576,20.8362
1800,99.0511,214.496,142.914,85.7793,36.4217,38.7192,20.733
1830,98.5959,216.246,143.505,86.0239,37.92,38.8728,20.8638
1860,98.3687,215.134,145.562,86.0818,37.0845,38.9449,20.4647
1890,98.7552,211.976,143.237,85.8669,37.6008,39.0628,20.9126
1920,95.0408,213.064,146.994,87.3015,36.9801,38.7435,20.5184
1950,105.628,231.612,157.721,85.5792,37.2363,39.041,22.1298
1980,105.411,237.235,156.542,85.185,36.5024,39.1393,22.0596
2010,106.065,231.872,158.793,86.1086,36.2476,39.1311,22.2076
2040,106.682,233.239,157.381,87.2308,36.8529,38.793,22.7418
2070,106.646,232.532,158.309,85.8804,36.5033,39.1283,22.0998
2100,106.426,232.933,157.37,85.4923,36.1423,38.891,22.7453
2130,103.84,238.688,161.184,83.7763,36.2388,38.9696,22.5798
2160,103.466,232.077,161.068,83.9928,36.7923,38.7985,22.0505
2190,106.202,233.218,161.1,86.3907,36.8993,38.9061,22.2694
2220,105.63,231.251,158.295,85.6865,36.513,39.0874,22.0412
2250,103.865,238.04,161.062,85.6948,37.7597,39.2237,22.4934
2280,107.037,233.232,157.599,84.3077,36.7904,38.8228,22.2488
2310,106.055,233.59,157.832,85.8659,37.16,38.8526,22.2663
2340,102.82,235.301,159.399,86.3568,37.097,39.3146,22.2218
2370,106.119,235.833,157.59,83.8472,37.0558,38.8212,22.5082
2400,104.606,231.382,157.124,85.3205,36.6191,38.9818,22.5262
2430,105.646,235.875,160.985,85.3717,37.8153,38.8397,22.0535
2460,77.5316,172.836,115.268,85.7829,37.8917,39.2779,16.2399
2490,77.5634,176.57,116.222,84.8688,37.0974,39.1822,16.3336
2520,75.5901,176.715,118.742,85.6448,37.882,38.8115,16.8035
2550,76.4118,174.096,116.614,87.2979,36.4977,39.0056,16.3506
2580,75.9675,174.743,115.84,86.3149,36.3117,39.1817,16.2312
2610,75.7087,174.913,116.298,86.1134,37.2745,38.739,16.807
2640,76.1065,175.691,115.374,84.7143,37.5019,38.9178,16.6768
2670,78.4967,173.298,117.626,83.6944,36.2659,38.9317,16.8091
2700,76.6688,175.89,115.501,85.5487,37.0647,39.2077,16.1822
2730,78.116,174.038,115.916,86.6041,36.6499,39.3054,16.3606
2760,79.4102,169.739,115.553,84.2345,37.628,39.1613,16.3822
2790,83.2142,180.53,121.845,85.0131,37.1442,38.7322,17.4029
2820,83.5132,182.843,122.388,83.6554,36.5074,39.1557,17.5066
2850,83.8957,184.074,124.283,85.2802,36.3541,38.8137,17.2576
2880,82.554,181.029,123.815,85.238,36.3897,38.7206,17.5627
2910,80.5874,185.561,120.617,86.0198,37.6134,38.8825,17.8887
2940,82.3352,182.231,122.444,83.9653,37.3625,39.148,17.1758
2970,84.5989,183.33,123.769,86.3151,36.0908,38.9079,17.1972
3000,81.2334,183.562,122.26,86.0072,37.2435,39.2872,17.1241
3030,84.0398,187.129,123.798,86.7529,37.3943,39.1013,17.4432
3060,82.9257,186.83,122.712,87.3157,36.4994,39.1843,17.1316
3090,84.58,183.687,121.282,86.9228,37.8416,39.1726,17.5404
3120,84.7465,180.548,124.135,84.0821,37.1248,38.7223,17.6915
3150,81.4155,187.151,124.652,83.6162,37.7864,38.9525,17.75
3180,83.3343,180.214,121.792,84.3308,37.8485,39.1112,17.2079
3210,81.3674,183.228,121.495,84.0533,37.8165,38.9179,17.9245
3240,84.7683,186.654,121.015,85.6303,37.6674,38.8242,18.0586
3270,84.1237,185.54,121.63,86.4085,37.8284,37.5087,18.4157
3300,83.2728,180.71,125.28,86.56,37.4499,36.6482,17.9965
3330,82.4774,186.608,124.048,83.8863,36.2252,34.8378,18.3112
3360,78.566,180.284,123.684,84.242,37.8223,33.8793,18.7927
3390,72.5064,170.581,114.488,86.6697,37.234,32.2071,17.461
3420,78.5861,184.45,122.787,91.4734,37.0459,31.0633,17.9439
3450,76.8969,193.937,135.248,99.4908,36.1764,29.9587,18.0617
3480,75.4865,199.637,131.12,99.8775,36.0828,28.272,18.1528
3510,77.2268,194.276,131.081,101.099,37.6442,30.5773,18.094
3540,77.5242,199.01,134.25,99.0303,37.6145,28.5901,18.0523
3570,76.0217,194.32,132.292,100.326,36.2165,32.6839,17.5468
3600,79.0272,200.041,134.361,100.954,37.5782,35.888,17.0151
3630,79.6952,194.38,133.213,102.372,36.3695,37.0868,16.5856
3660,80.3638,196.8,135.553,99.8984,36.451,38.7774,16.633
3690,78.2824,198.762,132.528,98.8835,37.6926,41.1587,16.6792
3720,82.4015,194.337,132.142,101.88,36.1335,44.8058,16.5891
3750,82.824,198.871,135.88,101.271,37.73,44.3204,16.7218
3780,80.7763,193.144,134.697,101.985,36.9969,47.4749,16.4331
3810,83.9254,194.324,135.299,101.35,37.6933,47.2731,16.8471
3840,84.9142,199.377,133.555,101.204,37.8326,52.3293,16.6301
3870,85.7496,198.677,131.17,101.722,36.8362,50.6852,16.6151
3900,83.3087,196.527,132.085,99.7814,36.9364,57.4858,16.4139
3930,85.6852,197.92,133.598,101.051,37.5067,56.5547,16.518
