Time,FC,PAS,PAM,PAD,temp,SpO2,FR
-1,104,144,104,88,36.7187,96,16
0,114.4,158.4,114.4,88,36.2046,96,17.6
30,115.451,161.641,114.429,88,35.6906,96,18.0082
60,112.035,159.275,114.052,88,35.1765,96,17.6671
90,115.584,159.776,113.48,88,34.6624,96,17.5044
120,112.542,159.878,116.444,88,34.1484,96,17.774
150,113.503,161.665,114.455,88,33.6343,96,17.9167
180,111.946,155.508,115.945,88,33.1203,96,17.6074
210,114.628,157.822,112.225,88,32.6062,96,17.5334
240,114.716,160.47,112.107,88,32.0921,96,17.1725
270,113.175,158.467,115.543,88,31.5781,96,17.6139
300,116.35,157.84,113.994,88,31.064,96,17.9327
330,112.754,158.663,111.62,88,30.55,96,17.4718
360,125.623,159.573,127.166,88,30.0359,96,17.8945
390,123.015,155.892,126.117,88,29.5218,96,17.9788
420,123.652,157.313,114.056,88,31.3914,96,17.6229
450,124.885,157.195,116.999,88,33.2609,96,17.5284
480,115.367,161.643,116.979,88,35.1305,100,17.9448
510,110.928,154.735,113.734,88,37,98.9832,17.6742
540,112.265,154.785,111.307,88.3632,37,93.2093,16.7108
570,114.706,124.836,93.7322,68.819,36.2655,92.1889,16.3744
600,112.872,127.431,93.2565,71.073,36.1522,89.5144,16.164
630,108.424,123.659,95.2235,70.6754,36.0411,87.5611,15.3862
660,105.841,132.965,90.1927,70.0854,37.5215,82.2454,15.5929
690,104.208,121.082,86.1422,66.8563,36.7341,83.0164,14.5968
720,89.1085,105.52,53.5329,58.4249,36.3171,77.5473,14.4268
750,89.9904,109.166,52.0169,58.5567,36.9109,92.9975,14.396
780,86.6069,108.806,53.2831,60.7506,36.8041,87.8766,13.9436
810,88.8319,105.742,51.1558,59.599,36.6885,88.4163,13.5664
840,84.5621,109.981,51.2621,60.1381,37.0492,86.6797,12.9342
870,84.0187,110.941,51.3878,59.8661,36.2747,83.6492,12.9036
900,83.3458,137.669,73.0779,61.0955,37.2001,77.9256,13.1008
930,86.9116,138.703,76.7868,61.085,37.0139,80.3336,13.3477
960,92.0014,138.136,100.475,76.412,36.6375,79.2658,13.2391
990,92.3094,139.542,101.053,78.7011,37.643,74.7678,13.4223
1020,92.3473,139.685,97.9569,77.306,36.351,74.6268,12.9639
1050,88.1273,124.693,92.6483,70.2274,37.0085,69.7768,13.1901
1080,95.8622,125.832,94.9052,67.3623,37.7538,71.3806,14.3851
1110,93.326,125.563,94.8972,66.115,36.9968,65.408,14.3487
1140,96.2362,127.627,94.5507,64.5581,36.6421,63.9849,14.5646
1170,94.4219,125.875,98.0006,64.2783,36.4896,61.5588,14.0812
1200,96.7464,126.34,98.4274,66.2679,36.3928,57.6205,14.8851
1230,96.0236,125.891,97.2668,67.2482,36.7349,58.2052,14.7434
1260,83.5783,116.404,87.6212,66.5387,36.2554,52.7562,13.1427
1290,85.733,113.516,88.7782,66.6626,37.362,55.1795,13.2296
1320,82.2021,113.49,89.9758,64.7986,36.8182,55.9203,12.9456
1350,84.5285,115.649,88.1784,65.8123,36.8541,54.6076,13.4505
1380,112.053,148.042,112.928,67.3781,37.1998,54.4371,17.168
1410,104.907,147.778,114.567,66.8258,36.251,53.631,16.8785
1440,107.327,146.589,112.394,67.4497,36.2211,53.9163,17.2449
1470,109.876,147.715,114.022,65.4976,36.8837,54.0997,16.9113
1500,109.475,150.001,111.305,65.7563,36.9586,54.4328,17.1636
1530,111.611,148.064,112.038,64.2909,37.2704,54.0497,16.9327
1560,107.522,149.488,111.023,66.2928,36.0782,54.6468,17.3367
1590,109.409,149.006,112.517,65.7645,36.0814,54.41,17.2633
1620,109.57,151.222,112.277,66.5334,37.0122,54.9922,16.9219
1650,107.793,148.905,113.476,67.279,37.7005,54.902,16.8025
1680,107.94,146.383,110.76,65.2925,37.6044,55.0263,17.0041
1710,110.106,150.345,112.279,65.1672,36.5274,53.7994,16.9018
1740,110.48,149.032,111.211,65.3312,36.7533,54.3141,17.361
1770,110.917,148.505,112.906,66.4729,36.4315,54.653,16.8288
1800,109.641,146.283,114.979,65.4721,37.7261,54.2626,16.9553
1830,109.438,149.553,113.186,64.4801,37.1704,55.0436,17.1713
1860,107.276,150.205,114.562,66.0199,37.87,54.9727,16.8691
1890,108.28,149.563,112.646,64.8889,36.16,54.6917,17.3111
1920,109.883,150.046,115.571,65.6101,37.6247,54.3425,17.2135
1950,111.808,146.686,114.854,65.5318,37.5748,54.6186,17.3615
1980,120.588,162.387,123.875,64.1993,36.5687,54.9721,18.8958
2010,117.698,159.515,124.036,64.9396,37.289,54.4586,18.9347
2040,120.653,163.831,124.374,67.0211,36.2539,54.3388,18.706
2070,121.613,160.652,122.903,64.7033,37.5244,54.2038,18.4648
2100,123.363,162.682,125.869,64.2118,36.6509,55.1128,18.6019
2130,122.14,164.227,125.103,66.1705,36.4973,54.9522,18.8711
2160,118.337,160.702,126.185,66.153,37.2187,54.7665,18.6772
2190,124.424,163.43,122.25,66.4963,37.8292,54.5093,18.7101
2220,119.075,161.156,125.265,65.2675,36.3838,54.2151,18.9308
2250,115.922,162.261,124.58,65.1511,36.51,54.6282,18.6869
2280,122.571,161.358,122.72,65.5725,37.8911,55.1694,18.6309
2310,122.161,162.102,123.899,65.8746,37.806,54.0206,18.5123
2340,122.43,158.428,122.818,66.4862,36.4402,54.1875,18.8558
2370,120.154,160.83,124.197,67.7729,37.5852,54.0642,18.831
2400,120.906,164.673,121.516,66.0081,37.4341,54.6612,18.6167
2430,116.728,164.185,125.167,67.6627,37.8317,53.9701,18.9838
2460,117.624,159.695,121.846,64.9132,36.7638,55.3046,18.7032
2490,83.9717,116.133,88.2446,64.1936,36.3827,55.2972,13.7316
2520,89.7215,120.101,88.8063,66.0782,36.3304,54.9738,13.8432
2550,85.594,119.514,88.2702,65.8558,37.2228,54.0519,13.9119
2580,86.98,115.705,92.0506,66.499,37.6793,54.6352,13.818
2610,85.1586,121.592,88.3713,66.591,37.4749,55.2792,13.5489
2640,87.5872,119.744,88.2001,66.4866,36.5873,55.4878,13.8391
2670,89.0472,121.831,89.113,64.6784,36.1195,54.3361,13.8536
2700,85.0506,120.476,92.361,64.5136,36.4059,55.1869,13.4411
2730,89.0413,118.115,89.4763,65.6871,36.4796,55.2105,13.9769
2760,85.752,118.295,88.286,65.4922,37.3682,54.0947,14.048
2790,87.9152,116.691,91.6368,67.1405,36.4509,54.0507,14.8749
2820,92.217,125.708,96.1264,65.77,37.1993,54.355,16.3385
2850,94.8926,124.887,98.3482,64.3886,37.3446,54.5734,16.5388
2880,94.7095,125.535,94.0448,67.3686,37.0768,54.6843,17.1355
2910,96.4518,127.318,94.2666,65.0591,37.6528,55.4506,17.0678
2940,94.6865,129.405,97.5942,66.1568,36.6719,54.2976,17.3781
2970,99.1281,128.299,95.25,65.885,36.3135,54.3471,18.2239
3000,100.206,127.039,98.2715,65.0626,36.1417,55.5399,18.1989
3030,100.039,125.764,97.4694,64.7843,36.2842,55.3481,18.8407
3060,102.845,128.105,96.6805,64.0788,37.5253,54.5707,19.2917
3090,99.7337,126.826,96.9194,67.3974,36.857,55.4913,19.1166
3120,102.799,124.192,98.6313,65.3817,37.6116,55.4395,19.3407
3150,105.257,128.841,97.7537,65.6757,36.7112,54.8843,19.3444
3180,104.273,125.797,94.4373,65.5949,36.514,55.1437,19.1597
3210,102.212,123.687,93.9291,64.4811,37.4103,55.0547,18.7868
3240,102.798,127.075,95.8105,66.633,37.6218,54.626,18.8188
3270,104.422,125.117,97.2167,66.0218,36.5298,53.3804,19.2587
3300,103.19,123.567,96.8281,64.1652,37.0883,52.3519,18.4273
3330,103.261,126.22,98.206,67.0515,37.2406,51.219,18.4672
3360,100.356,127.029,98.4443,65.8815,36.5707,48.8828,17.4307
3390,98.3223,128.137,94.996,66.9239,36.3325,48.404,17.1556
3420,91.0403,115.574,86.3153,67.6842,37.1729,46.9038,15.5198
3450,92.9459,123.257,95.0247,71.0883,37.7867,44.3136,15.0445
3480,99.974,137.698,100.125,77.034,36.3952,44.158,14.8852
3510,98.8227,133.874,98.4814,77.7802,36.7112,44.575,14.677
3540,95.3456,133.061,103.063,74.8099,36.857,43.2603,14.079
3570,97.2847,134.269,99.2477,76.8592,36.6618,44.3275,13.4515
3600,96.8753,133.812,100.858,75.2518,37.8528,45.545,13.2971
3630,96.0544,135.485,100.946,75.4692,36.3606,48.9009,13.0347
3660,93.1557,132.907,98.7629,75.0147,36.4616,46.3847,12.83
3690,96.0683,134.486,102.278,75.789,37.2426,52.2314,13.3614
3720,97.5725,133.931,99.7247,77.3501,36.9592,52.4523,13.3527
3750,95.1622,132.711,100.818,74.7651,37.086,54.8337,12.9071
3780,96.397,137.185,101.292,77.2264,37.6177,54.2755,13.2848
3810,93.2809,136.575,98.7655,77.0636,37.889,56.4602,12.6862
3840,95.9827,137.5,103.195,76.6361,36.1467,54.5754,12.8995
3870,95.5222,138.758,99.707,78.1318,36.1572,58.2926,12.6945
3900,95.8748,137.124,100.14,75.6093,36.9532,60.3946,12.683
3930,94.543,136.043,102.648,75.8433,36.4791,61.5563,12.6964
