Time,FC,PAS,PAM,PAD,temp,SpO2,FR
-1,119,106,70,53,36.7992,94,24
0,130.9,116.6,77,53,36.284,94,26.4
30,129.241,115.019,78.1121,53,35.7688,94,26.7412
60,130.319,118.607,75.8213,53,35.2536,94,26.3558
90,128.363,115.735,77.1949,53,34.7384,94,26.3467
120,132.841,114.679,76.8176,53,34.2233,94,26.0409
150,128.183,117.709,76.8998,53,33.7081,94,25.8296
180,131.802,115.358,76.2136,53,33.1929,94,26.6249
210,128.852,118.026,77.0602,53,32.6777,94,26.5426
240,133.161,119.039,78.7657,53,32.1625,94,26.0579
270,133.228,114.135,76.6547,53,31.6473,94,26.6859
300,131.138,116.143,76.645,53,31.1321,94,26.3317
330,128.139,116.215,77.9018,53,30.6169,94,25.8319
360,140.731,113.968,85.9959,53,30.1017,94,26.5599
390,141.54,115.283,84.9462,53,29.5866,94,26.8213
420,130.032,116.756,86.3125,53,29.8513,94,26.0489
450,132.163,117.024,86.2484,53.53,30.4146,94.94,27.1899
480,131.433,117.48,77.2867,53.4225,31.2576,92.9724,27.0983
510,133.804,115.751,79.3066,54.3134,31.6471,101.658,26.2925
540,131.664,118.36,77.8411,52.5397,31.5529,98.7327,26.7263
570,127.33,96.1045,63.7278,43.0955,30.5244,97.9794,25.8681
600,130.222,92.732,60.9755,43.2968,31.8378,94.8034,25.0581
630,127.907,95.981,61.8904,43.2228,32.2774,96.9082,24.6703
660,125.579,92.7737,62.1385,42.1321,32.0857,93.2834,23.4373
690,122.775,91.8716,62.6624,42.6237,32.4975,92.0649,22.6723
720,115.254,85.7546,56.8299,39.9571,32.5887,88.1092,22.1934
750,103.676,80.6361,35.0649,37.2358,33.1107,88.7582,21.6849
780,101.154,81.2673,32.5304,36.2226,32.9717,88.0007,21.6636
810,103.692,78.6495,31.5816,35.7137,34.2613,84.4391,20.4096
840,104.102,103.388,33.5274,37.3275,34.4452,85.0587,20.1465
870,101.992,105.623,33.7118,37.1796,34.5737,83.6534,20.6096
900,101.229,100.896,47.1935,36.9975,34.9707,81.527,19.9688
930,100.243,102.615,50.1305,37.4535,35.1083,80.4388,20.5002
960,98.1778,102.212,48.2696,45.4048,34.5417,83.3621,19.612
990,108.671,100.557,63.602,46.0353,34.9601,80.3012,19.8278
1020,104.13,100.373,65.5383,45.8451,35.4261,76.9322,19.6506
1050,110.113,103.208,64.4835,47.975,35.5082,78.3913,19.758
1080,99.4907,95.9008,61.6948,44.0966,35.7796,72.1617,19.6766
1110,105.978,98.195,61.1679,40.7186,36.2034,70.7785,20.7559
1140,107.34,96.9688,61.9556,39.423,36.1076,72.0495,21.3385
1170,106.647,92.6906,63.2989,38.9079,37.5079,70.6681,20.8193
1200,110.797,96.9992,61.9344,40.0849,37.4806,69.7656,21.26
1230,133.975,117.796,75.5597,40.7848,38.3213,65.9275,26.2809
1260,113.098,110.017,67.9127,39.9737,37.3871,63.5418,25.2455
1290,114.116,106.899,70.7623,40.1058,36.6524,61.7241,26.3701
1320,117.38,107.077,68.4181,40.4565,38.036,62.4885,25.8081
1350,99.4931,86.2212,56.2649,38.7963,37.0972,63.4132,19.4129
1380,98.7546,84.566,56.1995,39.8002,37.6679,61.8108,19.5076
1410,124.664,110.579,73.0705,39.4592,37.5738,61.5853,24.6273
1440,139.649,120.41,78.8553,40.0018,37.4254,62.7862,27.1142
1470,143.644,126.62,80.7616,40.7047,36.8319,61.9706,27.6384
1500,144.929,126.592,81.9889,38.2562,36.2799,63.3018,28.2413
1530,118.291,103.246,69.1559,40.2678,37.007,62.49,22.5521
1560,114.155,101.794,67.1865,40.4654,36.3473,64.0992,22.9159
1590,118.009,99.2361,65.4965,38.5506,36.2354,61.8806,22.3203
1620,115.676,101.188,66.314,40.7943,36.8153,64.1733,22.2196
1650,98.5264,84.4421,58.2116,38.3289,37.9953,63.831,19.8831
1680,97.1974,87.0549,55.0328,39.4714,37.0147,63.91,18.9953
1710,98.0988,83.1038,58.4207,38.7389,36.7949,65.8249,19.007
1740,97.0914,82.5631,56.4859,40.0483,37.2138,64.674,19.4405
1770,100.806,83.8178,57.5889,39.0009,37.0982,62.9499,19.0268
1800,108.51,95.3731,61.1755,40.7676,37.5885,62.81,20.9608
1830,85.2377,76.1412,51.5105,40.4949,36.2755,64.561,20.4668
1860,86.5204,74.7283,49.9123,40.6071,37.4849,65.4509,21.1655
1890,85.9166,74.3224,49.3139,39.2041,37.7273,66.0004,21.274
1920,86.5369,72.8634,48.3025,38.3951,36.4145,62.6011,20.4318
1950,83.7875,74.3518,50.2498,39.3056,36.8083,62.7832,20.7453
1980,87.2481,76.753,49.6514,38.5677,37.0944,65.1285,20.4378
2010,86.1729,74.887,50.9478,40.5546,36.3576,65.8887,20.7247
2040,84.5881,76.5137,52.258,40.1614,36.3863,61.4766,21.4468
2070,86.7537,72.6957,51.86,39.9235,37.4777,63.1639,20.4644
2100,85.6419,75.0177,49.6437,38.2096,37.0894,64.836,20.5723
2130,104.118,91.4379,59.6284,40.364,36.1993,65.5276,21.6039
2160,105.067,93.2411,62.9733,40.1049,37.2516,65.8597,21.2833
2190,102.521,94.0578,59.9533,39.9495,36.2859,62.1374,21.0901
2220,103.137,91.53,60.408,39.7476,36.2213,64.9564,21.4613
2250,108.168,91.224,61.9956,39.0485,35.8447,65.9651,20.8637
2280,103.757,93.336,62.4096,40.3085,37.0732,65.3212,21.3556
2310,105.384,92.9488,62.9772,39.9336,37.2079,62.6504,21.095
2340,102.519,90.8923,61.4733,39.0174,35.7695,61.5077,21.8583
2370,103.738,92.9744,60.8825,38.8936,36.3268,62.5934,21.4539
2400,104.379,89.6914,61.9124,40.0281,35.9594,64.1659,21.3179
2430,107.436,90.8449,58.7417,39.2658,36.1998,61.3309,20.759
2460,102.214,89.8905,60.3763,38.6411,37.1014,61.4732,21.3145
2490,106.862,88.6479,60.3961,38.3613,37.3648,65.589,21.1162
2520,103.222,89.2242,62.7488,39.81,36.5156,64.5353,21.0729
2550,105.456,89.8686,62.1549,39.2954,37.0797,65.1729,21.7582
2580,108.312,93.0236,62.5736,38.331,35.9239,62.6715,20.9772
2610,107.41,90.0934,61.8264,39.8579,36.4609,61.8794,21.5901
2640,103.857,88.3374,58.8499,39.5321,36.0907,65.9375,20.8291
2670,106.241,92.0691,60.5352,38.6788,37.4638,62.3886,21.4697
2700,106.723,88.453,60.5783,39.9741,37.3191,62.8915,21.6323
2730,102.363,85.6969,59.0085,40.396,37.4672,64.5838,19.326
2760,108.836,93.7054,60.2125,43.0709,37.267,62.2728,18.9094
2790,106.971,96.8814,65.3603,46.3495,37.2725,64.5961,19.8431
2820,112.023,101.244,66.2264,45.8041,37.5065,65.5863,18.8988
2850,112.5,97.2137,67.9866,46.7231,37.3096,65.2719,19.5579
2880,112.326,98.9252,64.6439,44.9725,36.3511,62.5619,19.7796
2910,108.214,98.573,68.2626,45.1423,36.9215,62.2535,19.9292
2940,110.258,101.076,67.5223,45.2985,37.2291,62.2748,19.7638
2970,112.181,96.4477,68.2159,46.2116,36.3589,64.8315,19.3773
3000,108.393,99.2328,64.7894,44.5969,35.9235,62.0813,19.0619
3030,109.998,98.3352,68.7643,46.2464,37.3776,65.4979,19.982
3060,110.631,96.3114,67.8931,44.6661,37.5279,63.5116,19.3079
3090,112.256,99.7551,65.0463,46.1124,37.1563,65.6727,19.1806
3120,107.849,99.8268,67.5223,45.4429,36.1254,64.522,19.3966
3150,109.378,100.962,67.0219,46.7207,36.1188,63.4527,19.5484
3180,108.143,98.0893,66.0518,46.4754,36.3478,61.3318,19.964
3210,109.67,98.9683,65.1097,45.0891,35.7768,61.8272,19.9935
3240,113.058,96.4797,69.0497,44.7166,36.7536,64.0772,19.4601
3270,113.227,97.941,67.9128,45.4517,35.6107,62.294,19.1154
3300,109.508,100.379,67.1877,46.1471,37.2603,65.1853,19.3155
3330,110.082,102.624,65.5385,46.9328,35.4382,61.6435,18.7674
