Time,FC,PAS,PAM,PAD,temp,SpO2,FR
-1,99,178,116,91,37.4682,97,18
0,108.9,195.8,127.6,91,36.9437,97,19.8
30,107.941,197.826,127.65,91,36.4191,97,19.5587
60,110.594,200.404,126.989,91,35.8945,97,20.1067
90,108.849,191.687,127.816,91,35.37,97,20.1517
120,108.059,191.503,128.732,91,34.8454,97,20.1713
150,107.328,197.392,129.225,91,34.3209,97,20.0102
180,111.278,193.683,127.091,91,33.7963,97,19.5508
210,109.993,192.274,125.811,91,33.2718,97,20.2834
240,111.158,192.167,124.851,91,32.7472,97,19.5132
270,107.843,193.845,126.135,91,32.2227,97,19.5539
300,110.851,195.412,130.235,91,31.6981,97,20.1692
330,107.96,194.487,125.416,91,31.1735,97,19.7845
360,122.386,195.917,140.928,91,30.649,97,19.5638
390,118.084,196.119,139.435,91,30.1244,97,19.6457
420,108.799,193.724,128.516,91,30.3889,97,20.1887
450,107.283,194.121,127.954,91.91,30.9572,97.97,20.413
480,111.315,200.49,130.73,89.9435,30.6815,100.154,20.3165
510,112.478,197.063,130.881,91.7738,30.8038,95.5062,19.5943
540,108.048,195.107,129.65,92.8483,31.7543,95.6948,19.1638
570,110.742,160.594,104.452,71.7838,31.8286,93.6701,18.8195
600,109.379,153.901,104.232,72.9605,31.398,91.5787,18.4945
630,108.175,161.317,104.207,72.1701,32.881,88.3419,18.0658
660,103.068,153.073,105.082,72.9741,32.7739,86.4841,17.7392
690,103.608,154.883,103.434,71.5861,33.6108,83.7705,16.9987
720,94.2853,149.496,83.9312,60.1158,33.6025,78.563,16.4286
750,86.5162,136.322,57.8393,60.2239,33.5464,74.9385,16.3179
780,85.217,131.185,52.1086,63.5833,33.3193,95.7285,15.9638
810,85.8881,129.231,52.0868,62.637,34.8545,91.509,15.4782
840,85.7725,171.176,78.1221,63.3554,34.8018,88.1297,15.2106
870,79.752,170.676,78.9164,61.0635,34.7082,87.5438,15.2478
900,83.9592,176.242,82.1534,63.6608,34.9881,82.553,15.3008
930,79.8392,175.034,82.4273,59.7239,36.1289,84.4528,15.5887
960,84.9544,168.27,83.007,78.4759,35.1303,82.1073,14.7121
990,90.1326,164.97,104.28,82.7422,36.4276,78.6196,14.6821
1020,87.8713,171.033,105.904,79.8217,35.8661,78.1547,13.9296
1050,86.6947,167.765,107.936,82.5994,36.682,76.4041,14.8386
1080,80.9706,156.23,88.3669,68.4609,36.7557,71.9793,14.5543
1110,89.1469,155.729,99.7104,66.298,37.365,71.4807,15.4299
1140,87.974,159.519,101.991,69.9364,37.6435,66.8712,15.5892
1170,90.5507,160.042,98.2147,66.5213,37.4773,62.886,15.4478
1200,90.9832,159.245,96.624,68.2589,37.5166,61.4026,15.4453
1230,110.64,190.461,122.252,68.2048,36.7137,58.8911,19.2382
1260,95.603,158.327,111.024,66.5781,38.2786,57.8069,18.6671
1290,94.855,157.52,108.401,68.1077,38.2123,55.2444,19.2662
1320,93.1542,164.771,111.315,67.0469,37.5737,56.307,19.4164
1350,84.1066,138.978,95.7217,69.7424,38.1344,55.7029,14.7484
1380,83.8027,137.863,89.8441,68.8426,36.9257,56.0347,15.2054
1410,103.658,180.137,120.4,69.1646,37.4422,53.5707,18.7392
1440,113.013,201.879,132.575,68.9235,37.8683,55.7976,20.8814
1470,116.199,207.127,136.562,67.0213,38.0105,55.9048,20.8968
1500,118.361,205.88,134.935,68.576,37.5513,55.1935,21.0421
1530,97.4333,165.292,106.249,70.0296,38.0289,52.7136,17.2918
1560,94.9777,164.927,111.372,69.1571,37.0147,56.6077,17.0448
1590,93.3064,167.133,107.961,67.2943,36.7671,53.4304,17.227
1620,98.5518,170.51,110.241,68.9041,37.1573,53.9875,16.9115
1650,84.6049,145.822,93.1948,69.3014,36.8467,56.1276,14.8049
1680,78.298,142.42,90.1348,67.7253,36.5885,54.1461,14.051
1710,80.0778,136.222,91.5811,67.816,37.6671,57.6155,14.6754
1740,82.6211,136.55,90.2382,69.7442,36.509,53.4979,14.4428
1770,80.4156,138.948,93.2268,67.7909,36.8433,54.9362,14.0976
1800,88.1838,149.411,102.969,68.3904,37.9815,54.2277,16.2375
1830,73.2355,123.793,77.5381,67.5414,37.6029,56.5569,16.0692
1860,69.9066,125.482,80.4415,66.8844,37.972,57.7347,15.3338
1890,73.1217,119.484,80.7563,67.7287,37.2783,55.3393,16.1052
1920,72.1298,127.336,76.9928,67.0209,36.3853,57.7019,16.0812
1950,72.9328,120.876,81.9376,69.9412,37.8036,52.8943,15.5232
1980,70.6127,125.689,77.3148,69.8027,37.1745,56.4852,15.3467
2010,69.9155,125.45,77.9865,67.3222,37.8284,57.2298,16.0012
2040,69.8729,122.153,80.5867,66.457,36.8309,56.3518,15.6523
2070,69.8165,125.118,78.2124,67.0815,38.0036,53.4033,15.4212
2100,72.1035,119.391,79.6666,67.0538,37.8183,55.9004,15.3843
2130,85.7342,147.757,96.1901,69.0967,36.3669,55.3821,15.5446
2160,88.9246,148.209,99.7387,67.1433,37.6626,55.1344,15.9367
2190,84.402,145.961,100.014,67.8996,37.7855,53.5499,16.2431
2220,88.3249,146.671,100.493,68.5073,36.8242,55.009,16.3718
2250,84.9947,144.809,94.6,68.348,36.9123,54.4248,15.7722
2280,86.5047,152.371,96.6423,67.6932,36.5688,53.756,16.211
2310,83.9244,150.54,95.4551,66.3385,37.6311,53.0675,16.0782
2340,87.5195,146.001,96.5601,68.0403,36.8943,54.2631,15.5731
2370,88.0348,151.303,100.641,70.2723,37.5321,52.8955,16.033
2400,84.7826,147.405,99.7513,68.8151,36.366,53.7655,15.5644
2430,85.8576,147.806,99.5619,67.556,37.9294,57.6152,16.002
2460,88.2478,144.356,95.0255,67.9758,36.4059,55.0253,16.4727
2490,87.0933,151.335,94.8066,67.4412,36.8692,53.0515,15.8318
2520,84.9554,144.662,100.131,67.5192,36.7039,56.3985,15.5258
2550,86.5597,153.084,95.2001,69.7601,36.5135,57.4227,15.7436
2580,85.2294,153.054,99.3725,66.0603,37.6891,57.148,16.0334
2610,84.2713,147.333,97.7368,68.8797,36.068,55.7482,15.5228
2640,86.3912,150.359,96.8835,68.9843,37.2119,54.234,15.5368
2670,83.8895,154.019,95.0244,68.3533,37.6378,53.998,15.8674
2700,84.6639,145.83,98.5158,68.0079,36.0709,54.8937,15.9609
2730,83.1063,137.775,88.3973,66.4175,37.0572,55.501,14.7263
2760,90.1026,148.076,108.706,77.5338,37.3175,53.586,14.7803
2790,88.8649,162.875,109.139,79.1122,36.7018,57.3983,14.9374
2820,88.3764,160.522,105.766,79.3512,36.4912,57.4882,14.8873
2850,88.6561,162.758,106.043,78.6764,37.0853,54.6499,14.3582
2880,87.9415,168.333,104.241,81.1507,35.9308,56.9079,14.9646
2910,90.8441,169.286,108.445,77.957,36.5989,55.519,14.5796
2940,91.0751,164.362,106.995,77.7416,37.0058,56.7678,14.5849
2970,91.7334,167.036,106.709,78.5261,36.0246,56.7606,14.6092
3000,90.8436,161.353,109.973,81.6162,35.9537,52.9756,15.2495
3030,87.4263,168.067,108.737,81.0313,37.3529,55.2159,15.8519
3060,88.3045,160.004,107.427,81.8047,36.7036,53.1328,15.3814
3090,87.9252,168.101,108.249,77.2973,36.8543,53.537,15.9963
3120,92.2197,168.894,109.623,79.0523,35.8898,57.0379,16.4769
3150,90.3847,168.327,104.893,78.1529,37.0123,57.4235,16.5709
3180,93.446,163.807,103.937,80.5096,36.4395,55.7139,17.6572
3210,96.4735,165.996,109.146,81.7861,36.4985,55.3761,17.3323
3240,92.7865,166.129,105.933,80.5719,36.6338,53.8904,17.8442
3270,96.9808,160.39,107.193,80.8229,37.2478,56.061,19.1097
3300,97.8284,165.495,104.311,77.9381,37.3586,53.0663,19.3844
3330,97.5118,165.864,108.116,78.6375,35.9959,54.8821,19.1972
3360,100.179,168.815,106.475,80.8028,36.5791,55.9102,19.4082
3390,99.4361,170.2,109.508,80.824,36.6552,53.4639,19.8133
