Time,FC,PAS,PAM,PAD,temp,SpO2,FR
-1,116,113,69,50,36.5668,95,24
0,127.6,124.3,75.9,50,36.0548,95,26.4
30,125.18,124.821,77.4558,50,35.5429,95,26.2653
60,129.71,126.27,76.5697,50,35.031,95,25.8853
90,127.775,127.336,76.3216,50,34.519,95,26.2172
120,128.696,121.804,76.5729,50,34.0071,95,25.9729
150,128.749,121.912,75.0875,50,33.4952,95,25.9595
180,125.254,121.366,76.8453,50,32.9832,95,26.4753
210,127.219,125.016,75.4258,50,32.4713,95,26.1907
240,125.857,122.338,75.2584,50,31.9594,95,26.0817
270,125.682,127.237,75.3549,50,31.4474,95,26.1516
300,124.749,122.64,75.6211,50,30.9355,95,26.1805
330,127.622,123.251,75.3711,50,30.4236,95,25.9315
360,142.337,126.243,84.4214,50,29.9116,95,26.2896
390,140.528,122.169,83.8155,50,29.3997,95,26.9287
420,137.911,122.394,77.32,50,29.8747,95,26.3037
450,140.083,123.748,77.0156,50.1266,31.2001,93.5586,26.6181
480,125.513,120.702,76.0368,49.4198,30.3157,96.0977,26.7054
510,127.955,126.793,76.8177,49.0397,31.7018,96.7032,27.3817
540,125.906,123.287,75.8627,50.6984,31.9872,97.0549,25.762
570,126.263,129.172,75.5564,49.8225,31.7717,96.5843,25.739
600,127.862,93.9775,59.9706,41.5166,32.2079,91.9599,23.5147
630,125.866,100.151,61.684,40.2456,33.1081,92.504,24.3722
660,125.229,96.0746,57.6818,39.3805,32.9556,88.8691,24.0593
690,115.189,93.0685,59.6133,38.96,34.5329,90.2514,22.4681
720,121.92,97.7194,58.2512,41.2946,34.6515,86.7954,22.3456
750,111.54,85.2199,58.1409,36.1624,35.173,83.3939,21.1488
780,100.149,82.7547,32.5053,35.3712,34.9543,81.6035,21.2942
810,101.564,82.402,31.2221,35.7845,36.6223,91.5251,20.3674
840,99.2516,85.097,34.3034,34.0356,37.2059,93.4004,19.9454
870,95.0163,106.917,34.398,34.1717,37.3289,88.7483,19.6193
900,94.6561,114.381,32.9592,35.3414,36.1386,89.791,20.3119
930,100.409,106.079,34.286,43.6989,36.8881,87.2873,19.4405
960,97.7608,108.081,33.4757,41.5053,35.614,83.0455,19.5753
990,98.1586,106.424,46.9001,43.3619,36.1743,87.933,18.6822
1020,104.903,107.077,63.6881,45.0503,37.3703,83.0107,18.2578
1050,100.226,104.113,65.6623,42.9632,38.1305,83.171,18.3985
1080,103.064,108.529,67.3329,43.4582,37.3714,81.3786,17.9657
1110,93.5987,89.4509,60.539,37.6101,36.9265,78.5089,18.7273
1140,104.657,102.528,63.2696,36.9401,37.8657,77.5753,20.2585
1170,101.656,97.1198,62.6149,34.6545,36.6936,73.4845,20.4531
1200,100.314,99.1957,63.9957,37.1369,37.8239,74.5132,20.432
1230,108.984,95.6809,64.5296,37.3553,38.2564,71.6175,20.3062
1260,126.346,119.964,76.7786,36.9439,38.6819,69.8581,24.5228
1290,114.095,113.76,62.1051,35.2559,37.6279,68.6769,24.6982
1320,108.466,109.504,60.0234,36.0364,37.0935,70.1266,24.3866
1350,110.744,112.975,60.5705,36.8383,35.5984,69.6926,24.4839
1380,108.883,107.79,64.7834,38.9134,36.8082,66.8747,24.4781
1410,112.884,108.459,63.4813,38.203,36.9004,69.2136,24.7019
1440,112.521,110.989,62.1815,35.0814,36.649,72.5643,25.1777
1470,108.6,112.204,65.6442,38.1923,37.0653,74.4091,24.9294
1500,110.406,111.768,63.303,37.0218,38.0958,72.673,24.7068
1530,113.408,109.126,60.9778,35.4945,38.0436,70.7817,24.7143
1560,129.785,121.092,75.6793,36.784,37.5525,73.053,26.5165
1590,135.053,122.99,76.4143,36.004,37.7758,73.4214,26.64
1620,130.313,123.56,74.2442,36.2572,36.4958,74.7805,26.6312
1650,128.008,124.76,77.9641,37.4919,38.0543,72.6892,26.6393
1680,130.969,123.808,76.2716,37.9488,37.413,73.8292,26.1439
1710,130.713,122.558,74.9207,39.0828,36.9054,74.0274,26.689
1740,127.111,121.479,77.4326,36.8901,38.0224,71.1528,26.2013
1770,133.07,120.433,75.0779,36.3055,36.9851,72.9737,26.4004
1800,130.891,121.836,73.4636,36.6824,36.4562,70.6392,27.0516
1830,132.323,120.174,75.0413,36.7583,35.8482,75.048,26.3185
1860,129.086,121.8,73.8205,36.5325,37.3094,74.3221,26.0491
1890,134.468,123.062,76.1092,33.977,36.7105,71.5313,26.4774
1920,131.397,121.277,74.8397,37.3971,36.7429,72.4927,26.1511
1950,133.137,120.989,74.9261,35.8207,35.3706,73.3008,26.7437
1980,133.36,125.33,77.3799,35.397,36.1274,75.1054,26.5986
2010,130.427,125.949,73.3014,38.9433,35.8461,74.8235,26.9827
2040,135.445,132.102,76.3692,38.5108,36.6809,73.3217,27.4131
2070,137.013,133.64,82.1136,37.8354,36.5591,73.3643,26.9468
2100,136.566,133.436,81.7558,36.8358,36.5603,71.9326,27.8505
2130,137.454,133.451,78.3776,36.192,35.3261,71.8087,27.9251
2160,135.387,133.734,80.8829,37.2864,37.8945,75.1427,27.582
2190,138.557,127.803,79.5688,37.521,35.5921,73.3751,27.3613
2220,140.346,133.845,77.0141,36.4352,37.4095,74.6671,27.5744
2250,136.661,130.312,81.1414,36.559,37.0579,73.7818,27.0517
2280,132.894,131.529,79.3437,36.2225,36.784,74.3641,27.4511
2310,139.554,131.701,78.6971,35.9801,35.5744,72.8903,27.6699
2340,134.006,133.026,78.1415,36.6933,37.407,72.5356,26.9131
2370,134.645,129.355,82.2221,36.9863,37.2616,72.3657,27.5878
2400,138.133,128.75,81.3295,35.4485,36.6954,74.2015,27.7422
2430,139.891,132.402,78.6468,37.852,36.7785,73.1464,27.2529
2460,139.364,130.093,80.614,36.5509,36.1108,70.6001,26.9431
2490,135.074,130.747,82.0036,37.8763,36.9126,71.1907,27.9316
2520,140.88,130.939,78.2452,38.7817,36.52,74.2527,27.9419
2550,139.613,130.471,79.1094,35.8837,37.1838,71.2809,27.7258
2580,144.089,127.633,80.4878,35.6649,37.7761,74.937,27.4659
2610,140.393,128.339,83.0363,37.0373,35.9469,71.8834,27.4991
2640,144.212,131.658,81.4774,39.4482,37.175,71.1937,28.3486
2670,137.404,134.474,79.7608,34.484,35.1639,72.262,28.0489
2700,144.095,131.21,81.2065,37.2395,37.2449,71.6072,27.2795
2730,138.217,131.713,82.0281,36.198,35.8509,74.6979,27.7261
2760,144.853,135.046,81.5346,38.4226,35.8024,71.1245,27.8102
2790,143.876,132.321,80.731,37.3502,36.9178,72.0888,27.9081
2820,140.57,131.421,81.1051,35.5505,35.6615,74.4357,27.8243
2850,138.139,132.784,82.0623,35.2851,35.2747,70.8259,27.6272
2880,144.909,133.897,79.9119,36.7333,36.0171,71.2961,27.9881
2910,147.162,132.663,82.8518,38.8638,36.6003,72.2268,27.6752
2940,145.669,135.946,83.6475,35.4543,37.1384,74.228,28.1985
2970,144.277,132.888,82.5078,36.8,36.4543,73.002,27.8898
3000,147.383,131.763,82.8933,37.57,37.3326,71.8796,28.1492
3030,145.708,131.277,82.5408,35.9762,35.7743,73.2113,28.282
3060,150.619,135.122,82.703,38.2824,36.3168,70.7742,27.8746
3090,152.892,135.363,79.9081,36.4334,36.0242,71.3851,28.2862
3120,148.833,131.107,82.8695,36.6332,36.8498,70.7856,28.2787
3150,155.028,130.63,79.908,38.5656,35.6674,72.7456,27.9028
3180,154.395,137.419,78.935,36.437,37.0511,73.778,27.6716
3210,150.537,132.779,81.9268,39.5117,36.3295,71.0385,28.3279
3240,155.838,133.6,79.5042,39.1611,37.5869,73.5601,28.3232
3270,155.683,134.66,84.0562,37.0043,36.2561,73.1394,28.2901
3300,152.489,134.133,83.4016,36.3075,35.422,74.0824,28.6685
3330,153.514,133.445,83.6518,37.0565,35.7991,74.4453,28.8081
3360,156.034,132.74,81.4853,37.2409,36.943,71.5884,28.8896
3390,154.201,133.826,83.1267,35.0861,37.2303,71.8495,28.9891
3420,150.661,135.181,83.7033,38.9498,35.2589,67.4869,29.4183
3450,148.85,135.788,79.4147,35.9402,36.0164,65.2436,28.5894
3480,150.064,133.215,81.2108,35.549,35.4121,67.339,28.6793
3510,149.269,136.791,82.2603,36.6702,35.876,62.9567,29.0855
3540,147.931,137.642,87.1807,38.7659,36.1201,64.958,29.8393
3570,118.102,103.368,66.2406,37.9472,35.5602,62.8565,29.0424
3600,115.969,109.757,66.2415,38.4643,36.789,59.8517,29.611
3630,118.455,109.806,66.5917,36.9567,36.624,59.1597,29.618
3660,116.048,109.919,64.0871,38.5002,36.0141,59.6584,28.2059
3690,118.458,110.167,65.2035,35.433,36.2339,61.4957,28.2199
3720,113.025,107.544,67.1758,37.9581,35.4149,58.9024,27.684
3750,113.147,107.487,67.5204,36.04,36.6443,62.5333,28.1643
3780,111.163,107.386,64.2809,38.9524,36.9267,62.7823,28.2284
3810,111.959,107.72,66.8506,37.6212,35.6265,61.5847,27.9989
3840,116.269,108.577,64.0297,35.9136,36.3428,63.9761,28.1941
3870,110.666,100.827,65.0811,36.205,35.3278,63.4878,22.3049
3900,105.627,100.405,65.07,35.5165,37.4554,64.1725,22.5016
3930,106.829,101.475,61.783,35.7575,36.3005,65.8036,21.8772
3960,102.64,104.719,61.5914,35.3297,36.226,62.338,22.1481
3990,108.876,103.35,61.9713,37.2817,37.4,63.0658,22.0065
4020,106.981,103.402,64.3227,38.6197,36.4475,64.7889,22.3449
4050,110.111,105.819,65.1,37.0976,36.5135,64.1609,22.2103
4080,105.754,97.7328,62.1012,35.7451,35.4456,66.3712,22.7084
4110,107.158,102.929,63.314,36.2485,37.3038,66.7942,22.1029
4140,109.834,106.017,63.9144,35.2614,36.4404,66.4795,21.7387
4170,107.342,103.333,65.0587,38.3925,35.7179,71.3334,22.4584
4200,110.609,102.62,65.4526,34.898,36.1781,73.4011,22.5268
4230,103.187,106.807,65.2256,37.4808,35.7581,75.9279,21.7419
4260,106.938,99.7988,63.5241,38.218,34.7968,74.0533,22.2985
4290,103.762,106.087,63.4135,38.4688,36.8372,77.4022,21.7025
4320,108.612,98.2864,63.46,37.7302,35.8446,80.8486,22.3955
4350,105.436,98.8016,64.6918,39.1984,36.5284,82.7167,21.7474
4380,110.883,103.849,62.5514,36.6326,37.2776,81.4555,22.3882
4410,108.903,104.467,62.9705,36.8853,36.0651,83.9154,22.7015
4440,103.406,106.9,65.1301,36.0024,36.8356,82.3886,21.6372
4470,98.2252,91.0757,57.111,36.7096,36.322,82.4251,18.4323
4500,105.624,107.728,59.7802,41.2868,35.8512,84.3937,18.9395
4530,104.807,102.22,65.0372,41.6343,34.9401,82.5452,18.8009
4560,105.924,108.406,68.8091,43.9089,36.3453,82.0963,18.1692
4590,105.669,107.354,64.4749,44.0818,36.8582,86.0164,18.2259
4620,109.383,103.063,65.014,44.6771,35.7065,79.232,19.1537
4650,102.752,102.878,65.6321,41.193,35.9169,80.9146,18.568
4680,104.535,105.627,65.2892,44.5839,34.803,80.7222,18.3514
4710,104.455,110.396,66.4526,43.9911,35.2054,80.2441,19.2048
4740,104.785,102.568,66.9772,44.1917,37.4798,78.7495,18.544
4770,104.799,106.37,65.3116,44.0199,36.4515,81.31,18.9009
4800,104.931,105.781,66.8918,45.916,36.5827,79.0834,19.0777
4830,102.199,104.166,68.0783,42.5537,36.5463,78.4482,18.9361
4860,102.615,104.295,66.3814,43.4049,37.6161,78.2819,18.741
4890,106.656,107.112,68.4116,43.4998,37.5449,81.1298,18.9601
4920,103.894,105.177,69.4251,43.4549,35.7863,79.0689,18.2157
4950,103.405,105.766,67.0697,42.0106,36.3699,77.7894,18.3879
4980,104.852,105.585,65.7911,40.5808,37.2357,78.1773,18.968
5010,107.735,106.205,64.3967,40.9896,35.6825,81.0167,18.3057
5040,108.534,103.897,66.4381,42.048,34.4996,79.5883,18.7155
5070,104.097,104.299,65.6645,46.0088,36.487,78.8818,18.6943
