Time,FC,PAS,PAM,PAD,temp,SpO2,FR
-1,97,151,108,94,36.9229,91,26
0,106.7,166.1,118.8,94,36.406,91,28.6
30,104.45,165.521,116.596,94,35.8891,91,27.9237
60,105.181,162.609,115.925,94,35.3722,91,27.9717
90,107.699,167.214,116.755,94,34.8553,91,28.3179
120,106.163,166.855,119.627,94,34.3383,91,28.1766
150,108.841,165.223,118.466,94,33.8214,91,29.184
180,107.589,164.348,117.848,94,33.3045,91,28.2819
210,108.411,168.379,117.945,94,32.7876,91,28.7568
240,108.808,162.574,117.284,94,32.2706,91,28.4178
270,105.919,168.285,121.548,94,31.7537,91,28.1816
300,105.083,163.684,119.399,94,31.2368,91,29.0456
330,106.961,167.651,116.434,94,30.7199,91,28.83
360,115.615,164.471,130.065,94,30.203,91,29.0611
390,115.433,162.252,132.801,94,29.686,91,28.2607
420,118.716,165.603,115.989,94,29.9673,91,28.3606
450,119.623,167.17,119.042,94,30.2486,91,28.6869
480,105.803,168.735,117.306,94,30.53,100,28.8945
510,107.044,162.731,121.004,94,30.8113,98.4006,27.8697
540,103.198,133.757,92.875,75.2,30.7845,95.1939,27.7365
570,102.968,134.781,95.9971,75.2,31.0658,94.8183,26.3871
600,101.409,131.712,96.364,74.8683,31.7991,90.65,26.6841
630,100.313,131.237,94.9594,75.541,32.3144,91.7694,25.3787
660,99.7259,116.819,78.3272,64.0069,31.7277,88.5228,25.2639
690,87.8727,115.218,50.8953,65.4772,32.0368,89.0621,23.9737
720,86.991,115.603,52.1798,63.3626,31.8953,88.6481,23.5024
750,86.1093,110.498,51.8193,63.1791,32.4704,84.6114,23.7012
780,85.2276,115.578,51.2327,62.9274,33.629,83.6605,22.4097
810,84.3459,114.748,53.1856,82.6688,32.8814,85.128,21.8745
840,83.4643,116.482,53.4831,82.1971,32.994,80.914,20.7616
870,83.4643,148.637,76.0626,81.6531,33.1666,78.092,21.0675
900,83.575,147.163,76.3659,82.4221,34.7005,80.5894,21.8045
930,86.9489,144.953,97.4254,82.7045,34.7496,80.3514,21.8003
960,87.8093,148.524,99.4109,83.3806,35.0309,77.1912,21.4739
990,89.1047,147.783,99.084,84.1454,35.3122,77.5024,21.2249
1020,86.1309,126.98,83.0187,71.4207,35.5935,74.3054,21.8335
1050,89.8619,136.918,92.383,71.2251,35.8748,74.7227,23.8629
1080,90.8873,136.691,94.2094,70.6206,36.1561,71.1048,23.6118
1110,89.1921,135.557,91.8424,71.057,36.4374,69.3928,23.7662
1140,88.424,137.115,91.8743,70.2789,36.7187,70.1664,24.2295
1170,91.4006,137.416,96.3352,71.0201,37,66.7547,24.8481
1200,90.9826,139.554,97.2032,70.6528,37,66.5255,24.3575
1230,80.5758,123.4,85.2338,71.2797,36.2577,63.587,21.8387
1260,80.4169,123.304,88.4965,69.2895,36.4773,59.4322,22.1241
1290,81.3266,121.467,87.7589,71.429,37.6651,61.4508,22.0321
1320,81.4152,123.347,86.2112,71.0841,36.7843,62.5121,22.1539
1350,103.797,159.54,111.241,70.2457,37.4721,62.6489,28.5927
1380,106.132,161.961,109.953,71.0337,36.7996,60.6334,27.8752
1410,105.98,158.52,112.392,71.5443,36.8955,61.8493,28.7815
1440,104.532,157.496,111.358,70.6276,37.1794,62.8921,28.3501
1470,107.747,160.763,110.22,68.8594,36.685,62.3679,28.5544
1500,103.493,159.703,111.018,70.7697,37.1366,62.1026,28.3814
1530,107.676,160.338,111.773,70.2835,36.2058,61.6045,28.3898
1560,105.528,161.538,111.107,71.0624,36.264,63.2435,28.3426
1590,106.408,161.186,109.348,70.6203,37.231,61.3508,28.6825
1620,107.624,161.543,111.348,68.5718,36.9977,63.3083,28.6352
1650,103.434,159.168,110.539,68.5673,36.4205,63.3366,28.4674
1680,104.305,157.939,109.953,70.9096,36.4109,62.4906,28.4391
1710,104.43,159.426,109.675,71.5877,36.7873,61.114,28.5198
1740,103.136,158.174,111.221,71.5349,36.4905,63.5111,27.8011
1770,106.523,161.377,112.433,70.994,36.765,61.0606,28.7104
1800,105.744,161.857,111.131,71.0557,36.5168,62.5069,28.4368
1830,105.081,157.518,110.021,70.6925,37.417,61.569,28.5445
1860,103.615,158.352,110.714,68.8313,37.2786,63.0822,27.8899
1890,107.246,160.78,109.694,70.3603,37.3,63.2123,28.2278
1920,103.256,161.603,110.25,70.3485,37.7319,62.7082,28.2449
1950,112.465,173.265,122.951,70.2196,36.9316,61.3205,30.513
1980,112.723,174.076,122.728,69.4047,37.4776,61.6381,30.6935
2010,113.771,172.253,120.986,69.3566,37.6784,62.4935,31.2
2040,114.343,174.268,120.062,70.2556,36.773,62.245,30.4076
2070,113.125,172.729,121.24,69.7528,36.9016,62.4039,31.2874
2100,116.148,175.783,119.827,68.7606,36.3375,61.2985,30.6694
2130,116.101,174.173,122.247,69.4365,37.045,61.7563,30.8841
2160,113.687,176.857,120.87,71.3981,36.7573,62.9235,30.7666
2190,115.368,173.169,121.553,68.5062,36.87,61.4593,30.7014
2220,115.989,176.067,120.52,70.9633,36.9978,62.5283,31.2024
2250,114.866,175.993,120.089,70.1749,36.439,61.1505,31.1639
2280,115.249,174.112,120.737,68.8048,36.7055,63.3803,30.2704
2310,115.194,175.491,121.049,69.9018,37.7859,61.3305,30.7524
2340,113.513,173.872,122.581,69.1869,36.364,61.6671,30.2524
2370,114.935,176.746,122.585,69.3882,37.2926,61.3788,31.1474
2400,115.886,173.34,121.705,70.2878,37.3851,61.2223,30.9865
2430,112.059,172.013,121.857,70.8742,37.4022,61.5359,30.4664
2460,84.7863,126.589,89.8027,71.6451,37.5343,62.4765,22.2343
2490,86.2186,129.201,88.0353,70.3652,37.5074,61.2843,22.9612
2520,83.7875,126.174,89.9693,69.3676,37.2199,61.9973,22.9277
2550,83.2856,127.312,89.2546,69.6522,37.157,61.6169,22.1297
2580,83.1677,127.175,88.4379,71.4772,37.7805,60.9701,23.0176
2610,85.1125,127.776,87.7438,70.5504,36.9996,62.0288,22.2629
2640,83.0336,127.503,87.6417,70.7133,37.7515,63.2672,23.0732
2670,84.2285,125.926,90.4969,71.1806,37.6058,61.9914,22.2345
2700,83.6917,128.106,88.5092,70.7391,36.4374,62.8183,22.7077
2730,82.2894,128.474,89.484,71.1049,36.7588,63.0081,22.5158
2760,85.8584,125.461,90.0325,68.9057,37.5149,63.3098,22.9152
2790,90.9537,136.5,96.2719,69.1244,36.1899,62.8002,23.5904
2820,91.9203,132.85,94.0516,69.4142,37.5487,62.6784,23.5385
2850,92.4103,134.291,95.6001,68.799,36.3027,61.6615,24.5491
2880,90.0306,132.6,94.5815,69.601,36.5885,61.3436,24.0712
2910,87.9606,132.568,94.293,70.8222,37.6219,61.4316,24.5636
2940,91.9619,137.272,92.9376,70.9681,36.1253,61.7372,23.6168
2970,90.8407,137.648,93.2946,71.0592,36.728,61.9464,24.0611
3000,88.4188,132.636,96.3501,71.5422,36.351,59.5217,22.9324
3030,87.4176,134.801,96.2091,69.988,37.0583,58.1523,23.2271
3060,85.691,134.255,94.4371,69.0135,36.5689,57.3841,22.9171
3090,87.1202,132.505,94.1815,70.0894,36.3425,55.8958,23.4259
3120,86.1008,137.592,96.2563,68.5777,37.7279,55.2708,23.0207
3150,88.5474,133.793,93.9346,68.6248,37.2082,55.2105,23.6801
3180,87.2132,133.176,93.0757,70.4731,36.8115,53.3953,23.1031
3210,87.9266,136.04,94.1766,70.9201,37.4484,52.9521,23.5664
3240,89.4682,136.702,95.9866,68.8903,37.5091,51.7766,23.5273
3270,88.5908,137.432,94.063,69.8266,36.4913,50.5505,24.0541
3300,89.4724,133.648,92.8975,69.3487,36.8775,48.1032,24.7465
3330,90.3278,134.911,96.6442,69.7486,36.4002,47.5784,24.3149
3360,91.6055,137.344,94.7311,71.0234,37.4267,46.4298,25.9416
3390,82.593,125.646,84.8243,69.0117,37.5563,45.8448,24.0496
3420,85.8089,148.401,97.3677,81.6388,36.5362,43.9,23.6349
3450,92.7437,143.257,97.2197,80.3927,37.2865,45.6437,23.5051
3480,93.7134,147.402,98.0911,78.9157,37.4585,44.0943,24.0111
3510,92.2172,147.976,100.358,80.3312,36.8685,47.1371,24.0609
3540,92.431,145.147,97.1515,79.3209,36.9931,44.6513,23.7817
3570,91.4293,143.967,98.7075,80.359,37.8581,48.0478,24.0107
3600,91.915,143.692,99.3407,79.9845,36.2036,49.9534,23.9525
3630,93.2909,142.343,97.2397,79.8789,37.8216,50.8181,24.2812
3660,91.4876,145.589,99.0157,82.0536,36.0979,49.7973,23.6778
3690,92.0325,145.739,99.0767,81.6528,37.6412,52.3756,23.8377
3720,93.271,145.328,100.902,79.5964,37.4388,50.9841,24.1234
3750,93.2474,144.288,97.7663,80.7827,36.7352,51.5109,24.3946
3780,91.194,142.994,100.581,80.9684,37.31,53.7171,24.0913
3810,92.7309,147.707,100.529,79.2257,36.8965,55.4753,23.5533
3840,91.1519,143.864,98.7555,78.927,37.4896,57.2836,23.858
3870,92.0128,147.607,97.3224,79.6615,36.4395,58.5991,24.34
