Time,FC,PAS,PAM,PAD,temp,SpO2,FR
-1,91,138,98,76,37.2008,97,23
0,100.1,151.8,107.8,76,36.68,97,25.3
30,100.745,154.94,107.498,76,36.1592,97,24.8406
60,100.513,151.04,105.384,76,35.6384,97,25.8004
90,100.094,153.159,110.278,76,35.1175,97,24.6718
120,98.5692,153.664,108.659,76,34.5967,97,25.2312
150,101.313,153.427,106.558,76,34.0759,97,25.5253
180,102.471,150.546,108.3,76,33.5551,97,24.7431
210,100.373,154.103,107.577,76,33.0343,97,24.8834
240,100.109,151.379,109.679,76,32.5135,97,25.7419
270,99.925,151.093,108.317,76,31.9927,97,25.1549
300,100.45,151.791,105.647,76,31.4719,97,25.6852
330,100.189,148.182,105.862,76,30.951,97,25.1244
360,108.469,155.554,116.584,76,30.4302,97,24.8084
390,111.608,148.792,118.682,76,29.9094,97,25.6385
420,100.088,148.244,106.051,76,30.1627,97,25.8438
450,99.9941,153.506,107.421,76,30.4159,97,25.2713
480,99.5194,148.636,107.798,76,30.6691,100,24.9124
510,101.471,154.711,107.061,76,30.9224,95.4364,25.4213
540,98.6269,123.047,87.1415,60.8,30.8664,96.3798,23.9692
570,96.1418,124.146,84.9686,60.8,31.1196,93.7172,22.9551
600,96.2397,120.909,84.3251,59.3377,30.7395,91.4556,23.0468
630,95.7993,124.607,89.0375,62.1845,32.2914,90.0548,22.326
660,92.9087,100.725,72.5414,54.88,31.2662,83.5451,22.436
690,81.6952,100.307,47.3088,51.3794,32.1183,85.6215,21.5547
720,80.8658,102.394,46.1135,52.9848,32.4592,94.0801,20.5415
750,80.0365,98.7074,48.4836,51.2993,31.9337,91.9562,20.4345
780,79.2072,101.622,49.166,52.5201,32.6695,86.9818,19.7529
810,78.3778,130.281,47.391,66.6723,32.7497,87.7498,19.6377
840,75.9356,129.687,48.0886,67.0114,34.0559,87.0312,19.2342
870,79.4238,133.444,49.1821,66.958,33.7857,81.1021,18.7546
900,79.986,135.623,48.022,66.9349,33.5385,82.2246,19.2515
930,85.1452,133.783,88.9557,67.1973,34.4677,79.2779,18.71
960,82.4094,134.303,90.789,66.8293,34.7209,80.6997,18.5145
990,85.1165,134.254,89.8819,66.7723,34.9741,75.7173,18.7612
1020,80.8684,116.973,73.9625,60.5433,35.2274,72.9981,18.7638
1050,83.9048,122.647,84.3776,56.8592,35.4806,71.7464,20.6781
1080,86.6736,122.882,83.902,57.824,35.7338,70.1108,20.3648
1110,84.5303,126.588,85.2219,56.0014,35.9871,65.7292,20.4736
1140,84.9868,127.471,85.6221,55.6372,36.2403,64.1014,21.0106
1170,86.3606,129.595,88.3651,56.8973,36.4935,59.6257,20.7425
1200,88.7828,125.798,86.8518,55.8238,36.7468,60.6263,21.3308
1230,78.9799,114.164,80.5977,57.2976,37,56.8428,19.1905
1260,79.9953,115.267,78.9696,56.1812,37,56.97,19.3137
1290,78.618,113.259,80.0935,55.6478,36.8584,53.4071,19.502
1320,80.1335,112.377,79.7062,56.6725,36.3999,53.7202,19.0638
1350,100.71,148.022,103.167,55.5185,37.0122,54.5925,24.6237
1380,100.719,144.32,104.34,57.8365,37.8231,55.3397,24.4305
1410,100.407,147.186,100.996,57.5565,37.7644,55.6415,25.0105
1440,100.728,149.111,104.067,56.0025,36.2822,55.13,24.8209
1470,100.5,144.79,101.557,56.9719,37.7628,55.9987,24.7547
1500,101.096,145.141,101.563,57.3291,36.5924,54.6955,24.7683
1530,100.226,148.609,100.845,56.6317,36.9588,54.6086,24.4181
1560,100.971,148.842,101.763,57.2606,37.7125,54.7844,25.0315
1590,103.677,147.611,103.457,56.0852,37.6193,56.4062,24.9577
1620,102.566,148.61,102.898,55.7816,36.2448,56.1783,24.977
1650,100.875,144.2,103.029,56.9077,37.7621,55.933,24.1857
1680,100.965,148.264,102.243,57.4007,37.4166,56.0665,24.5876
1710,101.954,148.748,102.525,56.9432,37.1558,55.1825,24.9475
1740,101.097,145.086,103.668,55.7818,36.2257,55.5534,24.4227
1770,99.9873,145.128,101.647,56.7668,36.5462,56.61,24.2341
1800,99.9665,146.947,101.507,56.808,36.7546,56.1228,24.4255
1830,99.6348,145.837,103.879,57.1953,36.5362,55.5315,24.4003
1860,102.944,147.03,101.44,56.0049,37.52,54.85,24.5027
1890,103.074,146.035,103.528,55.427,37.1871,54.8853,24.6485
1920,103.044,148.769,103.357,55.397,36.9313,56.7092,24.6525
1950,112.094,161.596,113.598,57.7712,37.7854,56.3806,26.9324
1980,109.163,159.149,113.676,55.3569,37.3475,55.1379,26.586
2010,110.484,159.318,112.7,56.2136,37.0587,55.7231,26.6859
2040,108.979,160.968,113.682,57.9453,36.744,56.1502,26.3506
2070,112.068,161.669,112.358,57.0628,36.3842,55.8642,26.8849
2100,108.795,160.034,110.895,56.0392,36.805,55.1347,26.5983
2130,108.754,160.075,112.141,56.7947,36.8781,55.2769,27.1758
2160,112.701,162.009,111.072,55.5985,36.284,55.2313,26.4228
2190,110.501,163.024,110.498,56.1229,36.8831,56.2202,27.2393
2220,111.08,159.608,112.121,57.1707,36.965,56.3043,27.248
2250,112.297,163.177,111.01,57.8646,36.3798,56.3752,26.8224
2280,111.057,163.744,111.617,56.8248,37.2536,56.1322,26.9662
2310,111.734,162.976,112.959,55.926,37.3398,56.5366,26.8321
2340,108.924,161.396,111.91,57.2469,37.4407,54.8513,26.7358
2370,109.367,162.423,111.56,55.5888,37.2001,56.0696,26.3904
2400,111.837,160.566,112.255,56.315,36.7494,56.7547,27.2229
2430,108.392,161.742,112.381,57.3189,36.8921,55.5397,27.2605
2460,78.5674,116.253,81.8904,55.9874,37.4332,56.7724,20.1217
2490,80.1214,120.334,81.49,57.1657,37.3716,56.3772,19.9499
2520,79.3899,117.238,83.199,55.5543,37.4876,55.6548,19.6328
2550,78.5798,117.139,81.4826,55.6806,37.8638,56.8053,20.0377
2580,79.8357,116.967,83.2515,56.7487,37.0507,55.5459,19.9433
2610,79.1774,116.896,82.859,57.2773,36.6053,55.1286,19.6099
2640,82.4197,120.021,80.8394,56.1215,36.6152,54.9652,19.5635
2670,78.255,117.665,83.1629,55.8232,37.6041,55.2846,19.5019
2700,81.5593,116.289,80.7585,55.8768,37.0634,54.9502,19.9037
2730,78.2822,117.336,81.9875,56.1919,37.4042,55.3904,19.2611
2760,78.0291,117.397,81.8628,57.956,36.6707,56.2494,19.479
2790,85.5136,126.552,87.6825,57.1021,36.494,55.8454,21.1809
2820,83.0101,126.327,85.7868,57.5747,37.781,55.5698,20.4246
2850,84.8167,124.705,88.1464,56.7069,37.58,55.4709,21.3455
2880,86.5403,125.339,87.3641,57.7174,37.0706,56.8317,21.7154
2910,85.1456,124.207,85.5117,57.5025,37.7981,56.5525,22.3303
2940,85.4599,122.959,88.898,56.536,36.3278,56.2626,22.982
2970,87.171,125.872,88.8713,55.4344,36.2454,55.6386,23.7218
3000,85.501,123.637,85.6889,56.5336,37.4509,56.2925,23.6684
3030,84.0353,126.344,87.9712,57.4831,36.1552,56.5187,24.4916
3060,87.1291,126.204,85.6243,56.8568,37.5161,55.0782,24.2854
3090,86.8644,126.887,87.6169,57.7104,36.9262,56.1129,25.8404
3120,85.237,122.694,88.044,55.7645,36.5271,56.6503,25.9642
3150,87.189,125.862,88.8222,56.0514,36.7332,56.2734,25.8428
3180,84.5511,125.461,87.868,56.3205,36.544,56.5236,27.3495
3210,82.9184,127.581,88.8524,57.8383,37.5234,56.1029,27.2318
3240,83.8612,123.929,88.116,57.4343,36.6288,55.9401,27.359
3270,84.5001,124.925,87.3156,56.7381,36.2372,54.6338,26.6308
3300,83.3521,123.892,88.5001,57.554,37.5828,53.4604,25.3971
3330,80.9832,124.879,85.7656,55.6049,36.822,51.2448,24.6591
3360,80.8136,126.596,88.5433,56.4736,36.1458,51.0245,24.3175
3390,73.2573,112.915,78.3258,57.6566,37.3406,49.8756,22.3062
3420,76.9598,133.152,90.9082,61.5041,36.4715,48.1879,21.2216
3450,78.7407,130.878,92.4484,66.3243,36.8907,46.0802,21.1164
3480,80.2234,131.897,91.9441,67.2435,37.4396,45.1683,20.6494
3510,80.1656,129.72,91.2137,66.0483,36.8049,44.6164,19.983
3540,80.594,132.135,90.0944,66.5055,36.0824,43.6028,19.7413
3570,79.3181,129.151,90.479,66.4522,36.3036,43.9168,19.0988
3600,78.6656,130.979,93.5782,66.0232,37.5876,46.2138,18.7585
3630,80.9478,129.506,91.4899,67.6275,37.221,47.6248,17.948
3660,83.3398,128.832,92.8941,66.102,37.1652,47.6143,17.7116
3690,84.6791,131.117,90.2603,67.1218,37.2377,47.5673,18.1899
3720,85.5876,130.575,90.8803,68.2705,37.3852,49.0405,17.5483
3750,84.8082,133.469,92.926,68.157,37.846,50.0045,18.0944
3780,85.836,133.854,92.6177,66.6082,37.7525,52.4509,18.0057
3810,86.351,134.309,92.9313,66.7508,36.7943,55.4131,18.4316
3840,85.3159,129.62,92.4411,68.2819,36.9445,56.6017,18.3757
3870,85.9426,130.334,89.8786,67.5662,36.268,56.9486,18.072
3900,85.4887,129.498,90.7691,67.3801,36.1219,53.7632,17.4364
3930,88.8706,132.005,91.9203,66.7834,37.0822,56.6899,18.3076
