Time,FC,PAS,PAM,PAD,temp,SpO2,FR
-1,92,180,115,99,36.8711,94,22
0,101.2,198,126.5,99,36.3549,94,24.2
30,98.9521,197.887,125.307,99,35.8387,94,23.6513
60,100.895,194.524,125.56,99,35.3225,94,23.6847
90,101.874,197.687,127.065,99,34.8063,94,24.3638
120,100.039,199.049,126.444,99,34.2901,94,23.8265
150,100.571,199.469,128.003,99,33.7739,94,23.7665
180,102.051,201.827,127.318,99,33.2577,94,24.3817
210,98.8015,201.335,128.385,99,32.7415,94,23.8058
240,100.945,198.955,127.396,99,32.2253,94,24.3768
270,102.082,200.453,124.938,99,31.7091,94,24.3042
300,100.475,198.946,124.827,99,31.1929,94,23.6776
330,99.8647,193.843,129.371,99,30.6767,94,24.0221
360,111.266,193.887,137.481,99,30.1605,94,23.7815
390,111.126,202.044,141.015,99,29.6443,94,23.8718
420,112.582,199.215,142.445,99,30.8703,94,23.834
450,112.894,196.488,142.708,99.99,32.4049,94.94,24.8612
480,101.012,197.062,130.56,99.8676,33.2928,96.7038,24.2459
510,101.525,197.274,130.174,99.6168,34.7248,96.6763,24.9034
540,101.826,201.56,129.783,99.0847,36.5318,97.4876,23.9968
570,100.962,159.911,102.56,78.4496,37.286,92.9955,22.9606
600,99.7261,159.807,103.23,82.4735,36.2358,94.7313,23.1028
630,97.9615,154.938,99.9462,81.3414,36.2624,89.8071,22.3422
660,95.4834,158.339,100.879,81.5856,35.7529,90.3597,21.5126
690,97.016,163.447,102.872,78.1958,35.8184,84.0194,21.3348
720,90.4244,145.058,84.3465,74.2314,36.2275,82.3693,21.1032
750,80.1748,129.921,55.8785,68.7039,36.4952,80.6851,20.3226
780,78.1869,129.419,54.9551,69.3135,35.5987,94.8393,19.3595
810,76.6128,129.082,56.5057,70.1548,35.7397,90.5329,18.7033
840,76.633,133.173,53.1672,85.4891,37.008,87.527,18.9006
870,76.3459,131.801,54.3698,88.6258,36.8771,85.3641,17.7339
900,72.7609,175.581,58.003,85.6581,36.8424,84.0214,18.3352
930,73.642,170.931,53.2622,86.4419,36.9233,83.094,18.7092
960,73.4423,177.629,78.2694,86.3552,36.7861,83.9464,17.7444
990,77.7063,176.005,105.528,87.3368,36.1747,85.469,17.3475
1020,79.1484,182.009,107.237,85.2371,37.5061,83.0585,17.3252
1050,77.0292,176.157,107.767,86.1956,37.0732,81.7401,17.3622
1080,74.1619,162.597,89.4593,79.8447,36.4145,77.7588,17.3687
1110,81.6042,167.112,101.007,75.8953,36.0043,73.7491,18.7087
1140,78.4648,170.206,101.928,74.4028,37.6773,73.5438,19.0451
1170,82.0239,162.849,96.626,75.669,37.0948,73.1912,19.5807
1200,78.9032,167.536,100.048,73.2822,36.0462,72.0947,19.0334
1230,96.0593,199.496,118.944,76.4963,36.1263,68.9995,23.3512
1260,82.6955,160.309,97.1673,72.8436,37.2666,66.9939,23.3137
1290,85.7256,153.721,91.7746,73.6484,36.5297,62.7753,22.6111
1320,87.4031,162.212,90.7761,72.3793,37.0874,64.4397,22.9322
1350,75.4816,148.955,93.5349,76.4695,37.5548,66.2178,18.1693
1380,77.2225,150.14,90.751,72.1188,36.4977,63.731,17.4437
1410,94.0697,188.34,120.592,75.111,36.0775,66.7029,23.0421
1440,103.043,204.865,133.793,73.5618,36.0022,66.943,24.6029
1470,108.232,215.235,136.937,73.6932,37.6272,64.7065,25.0424
1500,109.106,213.988,139.162,75.992,37.5968,64.4029,25.7496
1530,86.484,178.691,113.368,73.4834,37.2498,66.1237,21.1748
1560,89.9173,178.321,112.348,73.4782,37.3915,66.3495,20.8006
1590,90.238,179.032,113.236,75.1666,36.3486,65.5907,21.2387
1620,86.4697,172.409,107.57,72.6209,36.7287,63.3854,21.1792
1650,74.4871,151.3,94.366,75.822,36.3894,65.9329,17.1127
1680,71.2969,147.919,94.7378,72.0999,36.0687,66.4414,17.01
1710,70.8635,149.2,94.3173,76.9904,36.4161,66.8147,17.3926
1740,74.517,148.107,92.0436,76.8894,36.8245,66.3779,16.7554
1770,71.3831,152.273,95.0592,75.1814,36.543,66.1852,17.1149
1800,82.0941,162.41,100.6,76.8444,37.1829,64.6397,19.5321
1830,61.0992,127.592,79.3334,72.4393,36.9699,63.6055,18.4477
1860,61.6291,136.094,82.3189,76.118,36.4672,64.0753,19.309
1890,61.4561,136.026,83.6583,73.21,37.2016,66.9491,19.399
1920,62.9649,131.668,79.1651,72.9619,37.2736,66.0593,18.5384
1950,65.2695,126.507,78.238,75.954,35.876,64.6908,19.3994
1980,66.1109,131.455,84.0826,72.1704,36.484,65.7803,19.3741
2010,66.5511,134.76,81.9001,72.4053,37.0602,65.2239,18.7306
2040,65.0216,129.631,78.5916,72.3871,37.1429,64.813,18.6665
2070,65.614,126.874,80.2441,74.9346,35.6679,65.2917,18.799
2100,62.5771,135.029,79.0026,73.0039,36.212,63.5918,18.6245
2130,80.8921,162.768,94.7174,76.6072,36.5628,66.1012,19.8504
2160,78.1836,156.867,96.3938,72.8805,36.3618,65.0242,18.9488
2190,77.9369,163.754,97.8014,73.1845,37.1023,67.0436,19.6353
2220,75.7968,159.008,95.5168,73.6215,35.8638,64.7167,19.2757
2250,79.4534,160.514,99.5038,75.0637,35.8838,66.5598,19.2892
2280,80.71,159.699,97.9277,73.7869,36.4759,66.626,19.2858
2310,76.3546,157.556,99.6983,74.7296,35.4831,63.9859,19.586
2340,75.6961,156.241,98.416,72.2686,36.1957,66.3696,19.0987
2370,79.8708,156.361,100.534,74.1656,36.4758,65.6605,18.7014
2400,80.9101,158.765,98.2398,76.1845,36.7678,63.1067,18.88
2430,78.0114,163.533,99.2873,74.7951,35.4044,64.9664,18.7725
2460,76.5026,161.879,100.438,72.8892,36.7046,64.8798,18.9224
2490,77.073,156.707,98.422,72.0723,35.7756,64.9466,19.1824
2520,80.8113,155.346,97.6017,76.2737,35.9674,67.6291,19.4787
2550,76.6238,155.618,100.44,75.0318,36.8943,65.456,18.8453
2580,80.9563,164.994,96.0114,72.5253,36.468,63.293,18.9842
2610,77.9681,160.227,97.7378,75.3887,36.4865,63.1016,19.4769
2640,80.8441,159.963,95.0574,76.2156,36.1877,65.529,19.4862
2670,80.5151,160.752,96.8839,72.2439,36.3829,63.8699,19.4323
2700,78.2897,162.937,99.9546,74.0969,36.6136,62.9738,19.275
2730,73.002,146.008,94.0398,75.9299,36.391,64.0406,17.407
2760,76.6241,160.389,104.814,78.7825,36.6837,63.9365,16.8809
2790,80.8547,177.837,108.905,84.3414,35.8879,63.1037,17.0523
2820,84.8095,172.823,109.607,85.7511,37.1159,65.5934,17.8378
2850,83.7443,176.467,106.182,84.1748,36.5447,63.2611,17.8996
2880,81.4309,173.785,106.13,86.4674,36.3927,64.8911,17.7264
2910,81.9896,177.018,109.13,86.8312,36.0465,64.8326,17.7404
2940,84.2803,175.13,110.237,87.1117,36.5743,66.027,16.9461
2970,84.1284,172.897,110.185,85.8195,36.7848,63.7325,17.4567
3000,83.0198,173.132,106.427,87.6889,36.3348,65.9552,17.2575
3030,81.1698,171.257,104.201,86.4424,36.5846,66.466,17.045
3060,80.8736,172.215,110.194,88.0853,36.3669,66.4141,17.508
3090,81.97,174.636,108.214,83.8154,36.3551,65.0731,17.3702
3120,82.7235,176.972,110.442,88.4926,36.781,64.0632,17.745
3150,82.7929,179.542,104.312,86.9268,36.8623,63.2871,17.068
3180,83.9535,178.98,106.278,87.7654,36.8886,63.7756,17.6465
3210,83.6518,179.816,105.426,88.5427,35.5946,66.6194,17.988
3240,85.5991,172.871,106.746,86.0065,36.5466,64.1974,17.3063
3270,84.4465,175.548,104.877,85.1325,35.6187,63.6319,17.9242
3300,82.977,172.615,104.489,84.1953,34.976,64.5793,17.8857
3330,81.3805,175.479,107.682,87.4582,35.6563,64.7628,17.2846
3360,85.4663,174.364,108.234,87.7164,36.0204,66.5351,16.3637
3390,84.8524,172.614,108.628,85.4745,35.4766,65.5538,16.1511
