Time,FC,PAS,PAM,PAD,temp,SpO2,FR
-1,80,149,100,87,36.8731,98,17
0,88,163.9,110,87,36.3569,98,18.7
30,86.9157,162.122,108.817,87,35.8407,98,18.9841
60,86.9968,160.159,110.085,87,35.3245,98,19.1345
90,89.9866,166.64,111.944,87,34.8082,98,18.8048
120,88.3508,167.38,109.468,87,34.292,98,18.5383
150,88.4575,160.847,107.587,87,33.7758,98,18.6918
180,86.3366,167.958,111.503,87,33.2596,98,18.2945
210,86.7276,165.166,107.849,87,32.7434,98,18.9626
240,88.8402,161.422,110.639,87,32.2271,98,18.9985
270,86.4974,167.988,111.347,87,31.7109,98,18.3838
300,89.7023,161.996,108.836,87,31.1947,98,18.2624
330,87.7337,166.574,107.405,87,30.6785,98,18.6164
360,95.8015,163.433,118.353,87,30.1622,98,18.5225
390,95.3162,166.844,120.778,87,29.646,98,19.0983
420,97.2321,164.418,123.082,87,30.2588,98,18.7837
450,97.7938,161.552,123.93,87.87,31.1743,98.98,19.1667
480,90.9923,166.056,113.041,87.4288,31.6185,100.743,18.9929
510,89.5086,163.641,113.379,85.9627,32.1444,97.1405,18.6393
540,88.8508,165.104,109,86.331,32.6022,95.7852,18.1192
570,88.9526,128.454,87.7019,69.2295,33.4401,94.247,17.6797
600,86.4218,129.602,86.6038,69.7658,34.034,90.2368,17.2618
630,84.3635,131.849,86.7326,68.6596,35.0213,87.3803,16.9903
660,84.6406,131.446,89.391,68.2769,35.8704,86.3514,17.0827
690,86.2349,128.222,86.9985,69.2002,36.2398,82.3823,16.5313
720,78.4457,123.93,82.4627,63.2178,35.9281,81.6671,15.7151
750,66.4756,110.967,47.5377,61.8451,37.4058,78.1444,15.4432
780,67.15,116.159,49.0047,61.3514,37.3772,97.0274,15.4963
810,65.4538,108.238,49.3186,57.8033,37.1701,93.9343,14.6173
840,67.706,115.033,52.2032,57.4241,37.6074,91.4867,14.0853
870,66.2904,110.758,50.7633,58.1144,38.189,88.4762,14.1615
900,66.6191,141.47,72.379,77.6488,37.2368,88.03,14.4802
930,65.9938,144.677,72.8689,78.6767,37.7592,83.187,14.3537
960,65.2119,147.371,71.4405,76.9302,36.8866,87.7522,14.0526
990,69.276,143.378,96.0203,78.6366,37.1794,83.3871,14.0021
1020,67.8871,146.255,94.5144,78.7312,38.2735,79.3931,14.132
1050,68.9589,147.821,93.8208,75.7054,37.8081,76.8535,13.6047
1080,65.32,136.59,86.3342,69.4001,37.0863,78.3402,13.3898
1110,71.2696,134.401,91.6631,66.898,37.1568,73.5706,15.2687
1140,68.886,139.011,90.8442,65.6986,36.9787,74.1689,15.0301
1170,71.3173,141.668,90.1322,64.4483,37.9197,70.56,15.0536
1200,67.6793,139.707,93.0341,64.9442,37.4506,65.0833,15.0252
1230,83.4266,169.932,111.387,64.2075,36.9996,63.1098,17.9372
1260,72.0301,152.146,96.0753,65.5558,37.3458,60.9818,17.9694
1290,72.5342,149.575,94.7229,63.7976,37.3434,61.8303,18.2665
1320,75.0831,153.226,96.8235,67.2077,37.6981,60.9381,18.1631
1350,65.6602,129.165,84.9595,64.1595,38.4186,59.0451,14.0989
1380,66.4333,126.748,83.0558,63.9475,37.1991,58.5641,14.3442
1410,83.296,161.745,108.414,66.8127,38.3664,58.9987,18.5046
1440,88.348,173.608,115.867,67.5784,36.836,58.5932,20.1237
1470,92.2643,175.962,117.875,64.6698,38.5001,62.1341,20.4319
1500,93.8084,178.513,122.703,66.7431,38.508,59.5871,20.8337
1530,74.1308,147.764,98.9343,66.3834,37.2222,59.5358,16.5453
1560,73.9317,148.193,97.842,64.6903,36.8201,61.5271,16.345
1590,73.8185,142.352,96.2344,66.2851,36.8105,59.5364,16.0614
1620,73.425,144.739,98.3549,67.3146,37.8888,60.1936,16.7313
1650,65.0043,128.412,84.4692,67.2237,37.7795,59.3472,14.1404
1680,65.4753,125.059,79.7847,63.8357,37.47,60.8561,13.731
1710,63.702,122.431,83.6908,66.5324,37.4076,62.75,13.7108
1740,63.6267,122.054,81.7001,66.113,37.8337,57.9782,13.8425
1770,62.8345,123.223,80.7496,63.7024,37.3183,62.8129,13.3025
1800,67.3586,133.324,90.4794,63.4972,36.5339,61.8025,14.7198
1830,55.9992,107.388,72.5183,63.8005,37.9352,60.0807,15.3675
1860,54.7683,107.57,70.4272,67.0165,37.87,61.7699,15.0246
1890,55.8417,110.578,69.0436,67.2682,36.9326,59.9114,14.5585
1920,57.0014,107.285,68.6536,66.9258,37.6441,61.2147,15.387
1950,56.9234,107.776,68.9988,64.3612,37.8942,61.5968,14.8987
1980,56.5219,105.528,70.0437,67.2853,37.4122,60.7639,15.2778
2010,55.185,106.965,70.2806,67.0496,36.5343,59.8509,15.2812
2040,55.3828,110.601,73.452,63.8796,36.589,62.0655,15.4695
2070,57.532,108.217,73.9113,65.7327,37.9917,62.706,15.3159
2100,57.1341,109.933,69.7057,65.0174,37.8515,60.1894,14.8461
2130,67.9296,128.32,84.998,66.8315,36.8977,59.9044,15.4957
2160,68.0841,134.596,87.2536,67.1467,37.2384,59.2864,14.8793
2190,69.2491,128.988,84.4487,65.7275,37.2822,62.3579,14.973
2220,68.3034,135.216,90.2593,64.5252,37.184,58.6966,15.5056
2250,67.7861,133.138,84.4682,67.0726,37.2934,58.5513,15.5006
2280,70.561,132.416,86.6682,65.309,36.6847,62.0988,15.1879
2310,69.9074,129.044,86.7836,65.7666,36.5303,59.9574,14.9803
2340,69.6714,130.605,86.0369,64.7093,36.4193,59.0503,15.4391
2370,69.174,131.227,86.3306,63.8013,37.9411,59.6123,15.7931
2400,68.6608,131.926,88.6169,65.825,37.936,58.2452,14.9025
2430,67.0318,135.584,86.9358,63.7826,36.1536,61.9377,15.5071
2460,66.7914,129.9,89.5366,63.3564,37.0811,58.4748,15.1868
2490,68.9586,130.855,90.4443,64.8504,37.4324,59.4315,15.3133
2520,69.0297,133.403,87.3893,64.4549,36.3095,58.8194,15.6648
2550,66.036,130.082,90.0608,64.7033,36.3848,59.608,15.2775
2580,66.4053,129.314,85.2807,64.8187,36.7934,62.8119,15.2104
2610,69.9516,128.879,88.9455,65.5462,36.9093,61.5135,15.69
2640,66.2912,128.306,86.714,66.7193,37.3493,62.2434,14.9112
2670,69.3791,128.504,90.1178,66.8036,36.6535,62.1415,14.983
2700,67.7322,129.656,88.0502,65.6605,36.739,61.6284,15.7078
2730,64.39,125.149,81.0206,65.6222,37.648,58.0996,13.5115
2760,65.8748,134.954,91.6633,69.971,37.5621,59.6016,13.5832
2790,70.4796,140.028,93.5547,74.3802,36.5941,58.6224,14.3795
2820,71.0532,146.501,93.0399,77.7249,36.4467,61.5054,13.9081
2850,70.9777,142.191,94.7007,74.3665,36.4921,61.3201,14.1214
2880,68.6995,144.374,97.0736,74.6824,36.9919,61.549,14.008
2910,69.8871,139.12,96.7999,76.5064,36.6269,62.5809,14.2332
2940,71.3385,139.337,97.2903,73.7743,36.2425,62.5615,14.395
2970,70.0159,144.27,95.0685,76.7489,36.3526,62.1148,14.3416
3000,70.5176,143.338,95.9232,75.0002,36.5743,59.7456,14.4345
3030,72.5215,139.876,93.1531,77.6966,36.4212,62.2611,14.866
3060,71.2352,145.956,94.8209,77.6852,37.767,59.0405,15.6226
3090,73.8759,140.648,98.0094,74.3206,37.6263,59.8102,15.9407
3120,74.5406,141.319,96.9146,74.6865,37.5108,62.0659,16
3150,74.9471,145.438,92.8334,76.7214,37.5998,62.4334,16.1126
3180,74.9018,140.506,93.564,75.4079,37.7936,65.1102,15.8644
3210,74.3013,146.398,94.0596,77.1114,37.8618,63.8715,16.4903
3240,74.3222,144.129,97.4094,77.015,37.4435,66.477,16.5714
3270,73.1189,146.625,95.6868,76.1482,37.0091,67.6049,15.8998
3300,72.9546,147.795,98.4456,75.3246,37.0875,70.4688,16.4272
