Time,FC,PAS,PAM,PAD,temp,SpO2,FR
-1,82,187,147,106,37.2876,96,16
0,90.2,205.7,161.7,106,36.7655,96,17.6
30,92.3057,203.78,158.875,106,36.2435,96,17.8774
60,92.1384,207.691,158.971,106,35.7215,96,17.3742
90,92.1767,202.561,161.068,106,35.1995,96,17.9309
120,91.3092,207.263,165.296,106,34.6774,96,17.3862
150,90.8357,205.968,160.184,106,34.1554,96,17.3095
180,89.5349,210.266,161.556,106,33.6334,96,17.3502
210,89.3811,207.007,165.004,106,33.1114,96,17.8444
240,91.2026,201.665,165.512,106,32.5893,96,17.4497
270,88.0451,209.112,165.583,106,32.0673,96,17.7382
300,88.9551,204.165,159.146,106,31.5453,96,17.3019
330,91.1216,210.579,158.516,106,31.0233,96,17.8653
360,98.873,208.734,176.981,106,30.5012,96,17.6853
390,97.4677,210.814,179.198,106,29.9792,96,17.8547
420,89.712,202.25,178.539,106,30.6813,96,17.4521
450,87.5105,205.211,179.481,105.435,31.56,94.9379,17.7927
480,90.5009,202.897,163.376,107.479,31.7267,96.416,17.5224
510,92.7224,205.014,158.276,105.609,32.3481,100.823,17.6392
540,89.7663,207.793,155.441,103.861,33.5093,99.0468,17.7135
570,86.0648,162.042,130.941,87.4389,34.4607,96.1653,17.2173
600,87.7102,160.253,134.164,87.2405,34.114,91.4883,16.691
630,86.733,167.59,133.867,85.1439,34.6346,88.1848,15.4573
660,87.321,163.225,127.863,86.581,35.7755,87.1689,15.4202
690,85.6137,161.329,127.688,85.0068,37.3054,84.8811,14.9789
720,74.9022,137.326,125.246,77.4423,36.2095,79.9412,14.3146
750,68.5886,135.97,71.7965,70.5833,36.4339,77.7918,14.3657
780,67.8076,141.833,77.0009,69.5751,36.1454,94.2001,13.7382
810,69.0353,143.498,72.2165,69.7183,37.0349,91.2911,13.7534
840,66.5885,136.242,107.509,71.8679,38.7413,89.8631,12.7919
870,64.2612,131.063,104.142,70.9252,38.0955,86.5441,13.0925
900,65.2319,132.452,105.249,71.334,37.6946,84.4999,12.5398
930,66.4847,130.651,105.419,73.7581,38.1399,80.4195,13.5912
960,65.1769,177.532,103.271,90.6433,38.3773,85.7639,12.9865
990,72.2265,172.284,139.556,91.3726,38.2508,80.5327,12.8451
1020,70.2388,172.821,141.697,92.9171,38.2692,77.7849,12.684
1050,71.828,171.706,138.778,90.7266,37.8669,77.4767,12.3651
1080,64.583,151.727,130.739,85.6044,37.6187,73.7236,12.7456
1110,69.7481,165.67,137.418,80.4888,37.3214,71.9071,13.7193
1140,70.2407,161.336,137.257,77.2222,35.934,69.7377,14.2737
1170,69.3605,166.189,132.597,80.9506,37.8262,64.4053,14.2979
1200,70.924,164.411,135.135,78.9547,38.9949,62.3157,13.685
1230,87.5646,193.795,160.279,79.3129,37.1682,63.3526,16.948
1260,73.4013,187.537,129.547,77.0616,37.8382,57.2713,16.4787
1290,74.8652,183.357,130.814,80.1728,35.5802,58.3811,16.9157
1320,76.4073,184.443,125.446,79.6577,36.4341,58.7689,16.5941
1350,74.3201,189.578,129.501,78.7476,37.6586,55.2005,16.9478
1380,74.4943,189.36,129.322,77.1328,37.5774,55.3314,17.0427
1410,73.3231,182.91,128.196,76.6394,36.3777,60.4581,17.2036
1440,75.9898,187.96,128.821,80.8859,38.1741,58.181,16.6702
1470,75.1637,189.327,129.35,76.8519,37.8999,61.0268,17.097
1500,76.3755,185.585,130.665,77.134,35.9765,62.0106,16.6921
1530,87.208,206.021,160.067,78.3218,38.5138,59.5569,18.0673
1560,88.9287,202.56,161.163,79.4596,37.4462,62.2401,17.7206
1590,88.3677,207.71,158.909,76.6923,37.7457,62.0841,17.9202
1620,87.4154,209.067,160.965,79.0031,37.542,62.0221,17.7928
1650,89.4978,203.491,161.552,79.3711,37.0137,58.7587,18.2286
1680,90.1021,207.508,160.527,78.9207,36.1565,60.9378,18.2565
1710,90.1094,208.126,163.154,78.7462,37.3663,62.1066,18.2913
1740,88.2962,204.482,160.415,78.4276,36.6145,61.0051,17.9954
1770,87.7336,203.272,158.461,78.4417,35.5304,58.9987,18.4295
1800,89.6522,206.739,161.453,76.9427,36.8231,62.4036,18.2793
1830,89.6182,207.764,159.959,78.1977,35.8542,59.141,18.309
1860,87.8272,206.833,159.764,80.9917,37.9691,60.2389,17.7693
1890,90.1158,206.121,161.523,76.533,37.5362,58.2405,18.0679
1920,87.3116,206.671,161.93,76.92,37.0492,62.5268,18.0487
1950,86.8902,203.757,163.513,78.6839,35.5656,59.7797,18.1835
1980,88.7302,207.06,162.279,78.1824,35.8344,60.5891,17.966
2010,93.4454,211.116,173.157,77.5302,36.9634,61.8172,18.9286
2040,94.9058,213.741,171.233,79.1176,38.1802,58.5638,18.9141
2070,91.8433,218.531,173.562,78.4777,38.0922,58.7457,18.6358
2100,92.6595,217.211,176.784,79.9859,37.2358,58.9644,18.4946
2130,93.1839,215.249,174.701,77.5146,37.1834,59.2308,18.8208
2160,94.1248,213.163,173.387,78.9795,36.1303,60.7159,18.4815
2190,92.9376,218.763,175.908,78.3523,37.8301,58.2405,18.2518
2220,94.0477,218.806,176.089,79.0277,35.5255,62.8953,18.8671
2250,93.4005,215.741,171.546,78.5839,37.147,59.6863,18.707
2280,93.6894,216.781,172.247,80.3665,36.5337,59.4136,18.6639
2310,94.0812,211.412,171.016,78.5046,36.6672,60.7617,18.7173
2340,91.3077,213.943,172.399,78.4391,35.8682,59.8293,18.88
2370,94.5054,214.594,173.139,80.05,37.4688,60.5307,18.4901
2400,92.8571,216.713,172.365,79.2656,36.5346,59.4062,18.3223
2430,93.5179,213.175,174.619,79.0741,35.6059,59.5451,18.4406
2460,93.31,215.237,175.514,80.5508,36.3151,62.1887,18.624
2490,93.4278,212.476,173.042,78.0166,37.9362,61.7764,18.4011
2520,95.3302,221.154,180.637,76.5903,35.8999,59.1545,18.4091
2550,94.8001,219.669,178.987,79.8558,38.1764,58.5986,18.7135
2580,94.8577,219.905,177.338,77.5246,36.7961,61.9553,18.7205
2610,94.6467,214.118,180.114,77.9702,37.5532,60.8369,18.7592
2640,95.2407,216.559,178.456,77.0436,37.1589,58.6073,19.1014
2670,95.2885,218.822,179.605,79.3072,37.3606,62.8587,18.3931
2700,95.6746,215.643,176.5,79.8003,37.5336,58.4378,19.0234
2730,93.6755,220.021,175.931,77.8745,36.7311,61.2958,19.055
2760,93.5739,214.46,180.942,80.4156,36.4576,61.4069,18.7313
2790,96.0087,216.166,180.947,78.8738,36.7648,60.0051,19.0403
2820,94.0101,217.916,177.528,80.6193,36.6217,61.122,18.995
2850,94.2869,219.065,180.272,80.4473,36.3068,61.1408,18.8677
2880,95.6861,217.479,176.264,79.8726,37.2603,58.2427,18.7225
2910,94.0601,220.789,178.911,79.2622,37.9968,59.3975,18.5822
2940,95.4296,218.24,179.927,78.1648,35.4056,62.5765,18.8061
2970,93.5894,219.036,175.317,79.7394,36.1003,58.4248,19.1668
3000,93.8734,214.917,177.524,80.7368,35.3869,58.3753,18.7683
3030,94.4932,218.327,179.593,78.2146,37.4319,59.4042,18.6908
3060,96.2939,213.184,177.423,80.4142,35.6791,58.3827,18.917
3090,94.7227,213.595,175.257,78.314,35.8425,58.4517,19.2064
3120,96.6573,216.626,179.054,79.0992,37.1889,61.5614,18.6679
3150,97.4802,216.413,177.301,81.6219,36.2199,58.9384,19.2707
3180,98.7579,217.32,179.142,77.4717,37.1503,59.3656,18.7537
3210,99.3538,217.574,175.129,79.4861,35.6532,57.1654,18.4587
3240,98.393,221.432,177.103,78.8681,37.4848,56.4545,18.1146
3270,98.1149,220.498,181.083,80.9192,35.3747,56.32,17.0558
3300,98.9126,217.054,176.075,79.1407,35.748,52.1497,17.2505
3330,97.3452,215.485,177.601,80.987,36.1455,53.3213,16.7863
3360,99.3955,214.266,176.217,78.9455,35.5257,50.0339,16.1596
3390,98.525,216.261,177.186,81.4395,36.807,51.8526,16.1319
3420,97.5293,215.079,177.827,79.6191,36.6041,49.8469,16.0777
3450,97.8796,220.167,180.343,81.6429,35.8016,52.5636,15.4127
3480,96.0485,221.011,178.606,79.4288,36.3694,54.5022,15.9523
3510,98.3301,218.817,182.958,78.5831,35.798,52.1084,14.6923
3540,77.9042,178.112,148.01,79.451,36.7401,53.9493,15.1771
3570,78.7975,174.38,145.684,78.907,35.6934,55.1588,15.6815
3600,75.1512,180.428,143.872,79.2555,35.5616,55.4396,15.701
3630,75.9911,181.762,146.157,78.9342,37.0412,59.3756,16.0123
3660,76.099,180.616,147.017,78.525,34.8033,60.8337,16.156
3690,75.5044,178.248,144.519,79.9175,37.2519,59.5192,17.0776
3720,76.9552,180.076,143.506,81.731,36.8676,60.3633,16.9283
3750,76.3311,174.518,145.113,81.6372,36.5611,61.0393,17.2872
3780,75.2105,175.026,144.596,78.0883,35.3916,61.7476,17.4469
3810,78.0286,179.389,147.86,79.884,35.7605,63.5661,17.8447
3840,71.9556,170.605,142.178,81.5637,34.9659,63.1745,14.6725
3870,72.8177,170.282,139.046,77.9687,37.2601,65.2248,15.0704
3900,74.7232,171.31,137.433,81.7748,35.0352,66.5638,14.9522
3930,75.5185,167.885,138.942,78.924,36.9307,67.1088,14.8608
3960,73.1497,166.502,140.513,79.2662,36.3405,72.3883,14.8192
3990,72.8184,167.267,141.411,78.0615,36.079,71.222,14.8177
4020,74.6969,167.305,140.447,80.7728,37.175,75.7793,14.7265
4050,72.6875,172.967,141.965,81.2679,35.733,78.1215,15.0921
4080,72.5773,166.71,139.25,79.911,36.3918,78.7901,14.4268
4110,73.573,173.185,138.27,78.8651,36.8452,84.8926,14.8868
4140,74.0097,169.977,139.632,77.9093,35.3249,85.6723,14.892
4170,75.3965,169.225,140.362,79.8908,35.6116,87.7318,14.9075
4200,72.8156,173.296,138.607,77.8269,35.6479,86.0452,14.8377
4230,73.3969,169.133,142.81,79.1095,37.5768,85.5623,14.6217
4260,73.5911,170.11,139.682,81.6507,35.613,88.3343,14.7223
4290,73.877,167.556,137.036,77.7044,36.1792,89.0221,14.8274
4320,73.8767,166.41,141.282,80.6419,37.2098,86.8963,14.3553
4350,73.1935,168.342,139.13,78.0696,35.7756,87.567,14.8963
4380,71.9074,173.587,140.93,80.1195,35.1488,85.587,14.8016
4410,74.0797,166.726,140.897,81.6739,36.6455,87.9416,14.5561
4440,65.8727,148.897,127.448,78.1687,35.5101,85.9514,12.6869
4470,73.6291,175.103,135.487,88.1148,34.937,88.4577,12.2922
4500,71.7727,173.509,144.622,91.4814,37.1416,89.4425,12.4559
4530,74.4796,175.141,141.907,93.0926,36.0098,89.5915,12.705
4560,71.399,178.079,145.352,91.8263,36.7234,89.8057,12.9784
4590,72.9158,176.414,146.352,92.6513,37.3954,84.1213,12.3937
4620,70.8839,173.001,143.538,93.3349,35.2809,85.9169,12.9866
4650,74.6309,172.472,144.479,94.6174,35.5967,84.0693,12.392
4680,72.8118,173.876,144.003,93.6398,36.1119,84.7838,12.9132
4710,71.8879,176.412,143.255,91.1938,35.2199,83.2067,12.517
4740,72.3681,178.248,140.903,92.2145,35.1629,83.3008,12.4615
4770,72.0911,171.417,142.221,91.8411,37.3634,83.8938,12.3796
4800,72.0917,171.797,146.419,93.2409,37.054,83.9324,12.9633
4830,72.5983,170.875,141.647,93.7558,35.8217,81.9255,12.6236
4860,73.1197,172.59,146.472,94.2389,35.808,82.087,12.7223
4890,72.9748,174.605,140.539,91.1639,36.2655,83.0836,12.7781
4920,73.8322,173.607,142.948,92.204,36.4471,83.1385,12.6493
4950,71.0026,175.636,142.589,90.8863,35.8522,84.3621,12.8648
4980,73.597,176.744,145.226,90.6095,35.8179,84.7023,12.5328
