Time,FC,PAS,PAM,PAD,temp,SpO2,FR
-1,106,147,97,83,36.8746,94,20
0,116.6,161.7,106.7,83,36.3583,94,22
30,117.727,162.504,108.098,83,35.8421,94,21.9369
60,113.875,163.88,109.026,83,35.3258,94,22.2102
90,114.699,162.81,107.977,83,34.8096,94,21.7899
120,114.631,158.146,105.185,83,34.2934,94,22.2234
150,119.226,163.805,104.68,83,33.7771,94,22.1425
180,117.756,157.998,105.259,83,33.2609,94,22.2416
210,118.949,165.549,106.648,83,32.7446,94,22.19
240,116.787,160.203,105.691,83,32.2284,94,21.7519
270,117.068,158.181,105.814,83,31.7121,94,21.8104
300,116.597,164.52,104.507,83,31.1959,94,21.9294
330,115.145,158.84,106.577,83,30.6797,94,21.9146
360,126.366,161.785,116.821,83,30.1634,94,22.0444
390,127.316,164.792,119.247,83,29.6472,94,22.2822
420,130.717,163.6,108.409,83,30.1724,94,22.2405
450,130.051,159.551,108.149,83.83,30.9993,94.94,22.438
480,118.786,159.425,105.825,85.5073,31.0087,95.4561,22.0911
510,119.464,159.553,108.209,82.9013,31.9438,98.3918,22.3641
540,119.651,164.403,107.849,85.1923,32.2792,98.0565,21.866
570,114.478,129.678,86.3943,68.6077,32.2037,93.2831,21.6198
600,115.891,131.263,87.1704,68.6452,33.3607,94.3957,20.7274
630,115.951,131.088,85.8049,68.2901,33.194,91.4997,20.2175
660,109.659,126.47,87.5787,67.2198,34.7863,87.6288,20.1825
690,109.175,129.703,83.2869,68.2025,35.1789,83.4256,19.3851
720,105.301,118.826,72.5855,59.6684,35.1264,80.9966,18.2752
750,94.3668,110.474,49.6443,56.5139,35.7841,80.0965,18.4763
780,91.9757,110.107,47.3569,54.1079,37.3208,90.9644,17.4995
810,91.4233,108.027,49.2761,55.3005,36.9075,88.8867,17.7028
840,91.5962,140.583,67.4987,57.4944,36.8694,85.6317,17.146
870,90.1131,142.535,69.8046,57.7291,37.4476,83.4611,16.53
900,85.5191,143.94,72.2051,54.7431,37.3907,81.3901,16.5632
930,86.732,146.37,70.8394,53.9024,36.914,82.6437,16.4839
960,85.4809,145.795,67.248,72.4203,38.1067,84.1969,16.7699
990,90.6445,146.954,90.8645,74.0725,36.5763,82.107,16.6938
1020,96.1321,142.68,90.0545,71.2262,37.7874,76.49,16.2519
1050,92.5105,145.521,92.4413,73.8799,37.1331,75.1167,16.7377
1080,91.1314,134.129,75.0846,69.1653,36.8945,71.455,16.2347
1110,93.6942,132.575,87.8118,61.4596,37.6461,70.3635,17.6673
1140,97.5034,135.014,87.6936,63.1796,37.2352,67.3,18.4864
1170,93.7704,136.013,84.0684,62.6928,38.0951,63.9676,17.9461
1200,94.5041,135.685,83.803,60.5963,37.9146,63.1898,17.6058
1230,112.584,163.269,103.66,61.8085,37.2987,61.2122,22.2668
1260,97.7836,158.238,89.7388,60.3515,36.5395,57.2574,22.3373
1290,100.28,153.772,94.0748,63.7493,37.5862,55.6804,21.9965
1320,100.578,152.975,89.78,60.2212,37.3111,56.5292,21.6102
1350,86.5761,125.49,79.1665,62.4755,36.3541,59.4339,16.5369
1380,87.6351,122.676,76.9864,63.4554,36.265,55.9499,16.409
1410,109.771,155.451,98.5233,63.2239,36.8643,59.5325,21.66
1440,118.077,167.509,109.612,63.0648,36.4272,58.0191,23.8933
1470,125.612,179.194,112.813,60.5774,36.9764,58.6801,24.7242
1500,124.323,176.927,111.572,60.4317,37.6615,55.7795,23.8268
1530,104.25,142.214,90.5082,60.0712,36.722,56.0068,19.9971
1560,103.203,148.618,93.8705,63.2409,36.0507,56.3954,19.683
1590,99.4143,146.432,92.9868,63.5105,37.0745,59.3611,19.0887
1620,98.6052,144.272,95.2494,62.1786,36.0597,60.3128,19.8136
1650,89.179,119.694,81.6195,62.9932,36.3793,60.0538,17.1513
1680,86.1908,125.199,80.0763,61.0291,37.7265,58.1409,16.0872
1710,88.769,122.318,80.1196,60.2606,36.5689,57.4122,15.9536
1740,88.4578,117.853,76.5713,63.7324,36.9081,56.2974,16.5269
1770,86.2133,117.455,77.4362,61.6659,35.9852,56.3186,16.1915
1800,92.5522,136.694,83.7195,63.2892,37.6268,59.9964,17.6233
1830,78.2847,104.068,68.1051,63.4373,37.6208,56.2758,17.4571
1860,74.2991,104.569,66.6432,60.709,36.7098,56.669,17.6563
1890,72.425,103.314,70.4093,62.277,36.3162,55.947,17.5227
1920,74.4819,102.094,68.123,62.322,35.9017,57.7986,17.9698
1950,72.4388,103.472,69.8569,63.7188,36.8493,60.2814,18.3837
1980,75.9651,101.318,71.0643,63.4273,36.4559,60.0608,17.5746
2010,78.0651,101.618,68.0912,63.5707,36.2186,56.0108,18.0331
2040,75.9802,101.558,69.6754,63.5529,35.9088,60.1395,18.0405
2070,73.562,103.721,71.8901,60.7201,36.6785,58.8259,17.6556
2100,73.268,105.756,66.5685,62.7725,36.6284,59.996,18.1275
2130,94.3614,132.408,84.9583,63.2068,37.0423,55.9923,18.6695
2160,88.57,126.636,82.4843,62.3889,35.7132,59.9582,18.4456
2190,89.4762,132.479,81.4285,61.4287,35.6363,56.2256,18.5501
2220,92.1146,131.942,85.5261,62.9174,35.9717,59.9018,18.3781
2250,93.2157,132.131,81.5238,62.7174,36.3841,59.7432,18.4408
2280,89.6595,133.132,82.5843,60.9652,37.1622,58.5177,18.8731
2310,94.3645,129.656,83.5995,60.3449,35.8459,58.4824,18.4496
2340,89.4766,131.344,82.045,63.0998,36.1035,55.9501,18.4658
2370,91.5923,133.335,81.2852,60.9591,36.5917,56.5584,17.8386
2400,88.2178,134.117,83.9978,60.7415,36.9911,59.83,18.4316
2430,92.4194,129.433,83.5316,62.2137,37.0102,60.306,18.6599
2460,94.3788,130.2,82.5803,60.3543,35.7136,58.1333,18.8999
2490,90.6713,130.257,83.8286,63.5266,36.172,58.5569,18.0554
2520,94.049,132.053,82.119,63.5286,36.7494,59.4265,17.9976
2550,90.9466,131.015,84.7282,60.0435,37.3144,56.5472,18.5792
2580,93.0305,126.832,83.212,62.6108,36.5496,59.1451,18.7688
2610,92.263,127.572,85.306,59.7694,36.7279,57.3057,18.8575
2640,94.5351,133.353,81.622,63.4711,36.5783,57.3665,18.6984
2670,89.4736,126.727,86.0287,62.5848,36.7085,58.7124,18.6173
2700,91.9539,132.304,83.0043,61.4142,37.0206,59.5128,17.84
2730,84.8806,122.052,80.5904,64.1988,36.6644,58.8449,17.0736
2760,88.8858,135.661,93.2922,66.2849,36.9818,60.5691,16.0716
2790,94.1244,140.251,93.0966,72.8638,36.1937,59.4829,16.1651
2820,98.3649,140.702,93.1567,72.9481,35.6973,56.9126,17.4115
2850,97.7073,145.867,93.2633,71.5051,36.3319,59.2589,17.0668
2880,92.1127,140.543,89.1791,71.7328,36.0089,60.6361,17.8537
2910,92.0927,145.941,91.4143,72.1002,36.067,57.6671,18.7609
2940,96.0758,138.883,88.6483,73.1387,36.434,60.0583,18.3882
2970,95.6141,138.572,88.5466,72.4281,35.6745,60.0625,19.3793
3000,95.1684,142.662,92.8004,72.7758,37.2124,60.2096,19.9808
3030,93.0305,145.316,89.7437,71.4056,37.1367,59.4974,20.1593
3060,93.0824,138.908,90.8202,73.9677,35.9357,57.9075,20.4505
3090,96.8094,140.303,91.6698,71.858,36.146,58.4311,21.263
3120,95.9602,141.222,90.7808,74.5867,37.2356,56.4864,21.4137
3150,99.9731,138.093,90.231,70.962,37.0969,57.9719,21.6435
3180,100.433,139.439,93.4687,74.8382,35.9313,56.7643,22.2478
3210,99.8023,142.748,90.3335,71.9888,36.9524,59.3092,22.0398
3240,99.7613,140.82,91.8328,73.7532,35.9429,59.1169,22.5645
