Time,FC,PAS,PAM,PAD,temp,SpO2,FR
-1,46,116,84,68,37.0299,98,16
0,50.6,127.6,92.4,68,36.5115,98,17.6
30,51.612,124.725,94.4647,68,35.9931,98,17.8047
60,49.3762,126.39,93.0946,68,35.4747,98,17.3025
90,50.7184,125.725,90.398,68,34.9563,98,17.8451
120,49.712,126.133,92.699,68,34.4378,98,17.6418
150,51.1099,127.349,93.5895,68,33.9194,98,17.9759
180,51.7388,125.805,94.5976,68,33.401,98,17.7501
210,50.933,125.966,94.6175,68,32.8826,98,17.5783
240,50.4579,124.515,93.2337,68,32.3642,98,17.8518
270,50.0661,125.504,90.3541,68,31.8457,98,17.2993
300,50.3501,126.63,92.9451,68,31.3273,98,17.9825
330,49.5574,127.018,90.8032,68,30.8089,98,17.4962
360,56.1482,130.397,102.058,68,30.2905,98,17.2433
390,54.7753,128.654,99.6786,68,29.7721,98,17.2766
420,55.9559,127.368,100.57,68,30.1006,98,17.9938
450,57.0555,130.262,101.546,68.68,30.7302,98.98,17.7717
480,52.1116,130.489,93.065,70.2706,30.5463,99.3742,17.3652
510,51.083,131.813,94.6159,68.3679,31.519,99.4974,17.8948
540,51.19,129.95,92.4665,69.6734,31.7775,96.3497,17.7924
570,49.5487,101.128,76.8212,53.8955,31.2301,94.7263,17.2991
600,49.7544,104.926,73.5372,55.3738,32.5664,89.5212,16.3203
630,50.2139,100.92,75.1887,53.7998,32.9643,84.7918,16.482
660,48.9126,100.407,73.7105,53.8212,33.0748,82.2801,15.7506
690,48.6518,101.589,76.1371,54.8888,32.7248,81.9996,15.0248
720,43.7101,93.2245,61.4846,50.2147,33.863,76.963,14.8492
750,40.0908,89.2969,42.2868,46.2016,34.6872,75.0116,14.2304
780,40.1659,85.6224,38.2424,46.2503,34.3975,93.882,13.9596
810,37.6204,83.4954,41.1727,44.6557,35.1618,91.6375,13.9561
840,38.4986,88.227,42.8806,46.7644,34.5433,86.2629,13.3182
870,39.1673,84.0676,40.1207,44.953,35.7882,83.9209,13.5284
900,38.6239,115.709,57.8092,59.4628,35.6661,80.5016,13.209
930,37.8634,109.538,59.2521,59.0774,36.3416,75.8369,13.5317
960,38.8112,114.023,59.0056,58.4836,35.8784,79.628,13.7358
990,39.7989,113.232,76.7491,60.55,37.5207,74.3167,13.412
1020,41.1163,112.838,77.9968,58.3584,37.8233,69.7857,13.4463
1050,40.0242,113.924,76.9152,61.0786,38.0275,67.1194,13.9394
1080,37.2778,108.201,67.4615,54.4451,37.5486,67.7057,13.2816
1110,40.0599,109.694,73.0389,49.4561,37.2368,64.2074,15.0742
1140,39.9506,105.267,71.7429,52.0517,37.6967,61.0025,15.1811
1170,40.6048,109.841,72.5318,51.5196,37.478,57.5595,14.8532
1200,40.0396,110.109,73.4552,51.6296,38.3665,52.3927,14.3392
1230,49.0667,128.348,87.864,51.2339,37.1112,50.7679,18.1127
1260,43.411,109.03,72.1147,51.7655,38.114,48.0092,18.0333
1290,42.8498,109.432,72.2685,51.8786,37.6825,45.813,17.9225
1320,41.8812,110.255,69.8162,50.0147,37.9802,44.3231,17.4583
1350,38.0926,93.5572,64.4279,49.3868,37.3048,42.4918,14.1045
1380,37.9882,93.1696,66.794,49.9244,37.6229,41.5414,13.4806
1410,48.2423,124.975,87.6677,51.7545,37.476,42.8642,17.6412
1440,51.5097,134.108,93.2027,49.5635,36.6642,42.7352,19.1393
1470,54.9008,141.992,96.9628,50.901,36.5574,43.918,19.9263
1500,53.7552,141.066,96.4985,49.382,38.0096,45.8353,19.6666
1530,43.8357,116.726,78.6471,51.813,38.0606,42.1958,16.1649
1560,43.7386,113.548,77.6857,50.6811,37.9443,43.5196,16.1925
1590,45.1902,114.934,76.9113,51.5508,37.6977,44.336,15.8697
1620,44.6996,110.946,81.2254,49.5625,38.1143,43.2125,15.8485
1650,38.5023,94.6921,68.4781,49.5832,36.814,41.8733,14.1488
1680,36.0237,92.8484,66.9942,50.6333,37.6674,45.7359,13.9571
1710,37.1987,93.0028,67.0273,50.3983,38.0943,45.078,13.2182
1740,37.5234,93.0418,66.1619,50.1967,36.9423,43.5636,13.5456
1770,36.4496,95.8656,67.873,52.4207,37.9871,43.7651,13.2327
1800,39.5483,103.924,71.4085,49.7472,37.4349,45.455,14.9417
1830,32.1479,83.7694,59.6735,51.794,37.6444,43.0298,14.5142
1860,33.1693,86.0981,58.2232,50.0028,36.463,45.7123,14.8938
1890,32.4746,81.1136,57.1055,51.2807,37.6717,46.2906,14.9136
1920,33.1458,82.0435,60.5361,51.6819,37.4497,46.5238,15.2192
1950,32.0126,84.4594,59.8432,50.9237,36.4634,43.3911,14.6533
1980,33.6955,83.6552,59.3599,50.783,36.8858,46.446,15.0489
2010,32.5853,84.6928,58.624,52.0167,37.5807,44.6399,14.8067
2040,32.7222,83.097,57.3805,49.5717,37.3731,46.771,15.1727
2070,32.1154,86.1699,61.1344,50.8842,37.0893,44.8147,14.4125
2100,33.0448,85.975,58.7915,50.6317,36.7858,42.0608,15.2154
2130,40.5043,105.173,72.8868,49.5631,37.1806,42.9319,14.7487
2160,39.398,103.958,71.7769,51.8122,36.356,45.5777,15.6037
2190,40.6906,103.747,73.533,49.2184,37.1631,46.0078,15.2647
2220,38.7192,101.763,72.4579,51.3792,36.5203,42.6772,14.8628
2250,40.1433,100.275,69.6299,49.9632,36.1885,46.4487,15.1122
2280,40.2889,99.8893,71.2682,52.2229,37.5583,42.0245,15.3984
2310,41.1708,103.997,72.5781,51.4384,36.8168,45.0122,15.4113
2340,41.3203,102.02,70.7553,49.2242,37.5078,42.1883,15.3972
2370,38.6231,100.44,73.4986,51.1042,36.6091,42.1058,15.52
2400,39.6131,105.235,70.5103,49.0571,36.0149,45.7294,15.5762
2430,40.847,104.194,72.4245,51.6284,36.881,43.9321,15.1422
2460,41.0866,99.3222,70.0706,52.1012,36.7411,44.8011,15.5883
2490,39.1575,103.201,72.4849,49.9062,37.3863,44.8879,15.5049
2520,38.8196,103.206,72.7053,50.6987,36.9044,42.1907,15.1729
2550,40.0453,104.41,71.1642,50.2606,36.9353,42.5543,14.8305
2580,38.6446,102.716,71.8931,52.2767,36.8282,45.9098,15.4891
2610,41.1368,101.955,72.9987,49.5338,37.6605,44.4007,15.0894
2640,40.6227,100.275,70.2984,51.9256,37.1304,46.9233,15.0251
2670,39.1016,100.217,73.1524,51.5666,37.4114,43.2636,14.8142
2700,40.0284,102.521,70.0598,50.4734,37.4897,45.8993,15.0584
2730,37.8285,97.114,65.2847,50.0511,37.6159,42.0154,13.5905
2760,43.8784,104.143,79.9271,55.3523,36.9145,42.5236,13.6299
2790,42.4231,109.282,79.7885,58.7618,36.1359,45.1697,13.3478
2820,44.9088,114.384,77.0328,58.447,36.3711,44.4099,13.8821
2850,42.9932,110.403,76.3152,59.0052,37.4657,43.6884,13.9181
2880,45.2836,110.837,76.9039,59.6534,37.4208,42.4624,13.4962
2910,44.5693,109.904,79.835,59.4094,36.4391,45.1837,13.2445
2940,45.1263,110.46,76.8513,58.6452,36.2202,44.5301,13.8658
2970,45.5771,115.043,78.2417,59.2576,36.3932,45.1856,13.2687
3000,45.1187,114.957,80.1743,60.4493,36.4933,42.7033,13.7556
3030,45.6287,110.137,80.5372,59.1664,36.685,45.9132,13.3515
3060,47.2422,111.427,76.8722,57.8596,37.216,44.3736,13.7104
3090,47.7189,114.995,77.2821,58.4695,37.714,46.1278,14.0338
3120,45.9237,111.708,75.7525,58.708,36.7439,46.5205,13.5049
3150,47.4149,108.992,80.4893,60.69,36.4229,46.5508,13.6893
3180,47.2175,113.203,79.1653,59.0511,36.1196,46.6284,13.8162
3210,47.6248,111.303,76.7149,60.1928,36.5605,44.64,13.3723
3240,46.348,110.999,76.0408,59.8939,37.3347,42.3991,13.338
3270,45.7718,115.016,77.8639,58.0552,35.8236,42.4313,13.0908
3300,45.5164,110.403,78.9069,57.9815,37.5154,40.7367,13.2594
3330,45.1485,110.815,77.7679,57.8389,36.2963,39.8951,13.0587
