Time,FC,PAS,PAM,PAD,temp,SpO2,FR
-1,95,126,95,79,36.9489,97,20
0,104.5,138.6,104.5,79,36.4317,97,22
30,102.432,140.363,102.923,79,35.9144,97,22.4699
60,104.786,136.126,101.945,79,35.3971,97,22.3977
90,102.793,136.022,106.388,79,34.8798,97,22.2552
120,103.862,141.749,104.4,79,34.3625,97,21.9512
150,103.399,141.494,106.223,79,33.8452,97,21.5442
180,104.138,139.098,106.272,79,33.328,97,21.493
210,104.793,136.726,102.833,79,32.8107,97,22.2685
240,104.128,135.325,106.439,79,32.2934,97,21.4944
270,102.013,135.557,107.08,79,31.7761,97,21.6612
300,106.896,141.841,102.465,79,31.2588,97,22.0861
330,106.454,138.172,102.677,79,30.7415,97,22.3565
360,116.463,139.448,112.441,79,30.2242,97,22.4474
390,116.072,139.412,117.031,79,29.707,97,22.1277
420,104.963,141.581,105.419,79,30.1121,97,21.842
450,105.47,139.749,102.151,78.8842,29.6971,98.2945,22.357
480,105.984,138.533,104.29,79.4654,30.7357,95.2623,21.6015
510,104.04,140.334,102.967,80.1289,31.4013,104.048,22.5154
540,102.709,136.815,105.663,78.7147,31.9107,102.161,20.8753
570,129.229,111.739,83.0529,72.154,32.3585,97.105,0.759121
600,123.812,113.563,83.696,74.3986,32.64,95.8566,0
630,127.378,106.429,80.5836,73.6816,32.8779,95.4668,20.4561
660,121.517,105.996,77.8856,72.8161,34.1651,94.7721,21.2018
690,125.227,108.813,79.4019,73.4141,33.6576,90.58,19.5332
720,113.025,98.643,69.6236,68.1687,34.2936,90.9738,20.2866
750,103.936,94.5129,44.7844,61.5374,34.7661,86.6027,19.8116
780,102.044,88.9558,44.3295,62.1747,35.2995,95.1758,19.815
810,105.087,87.6931,46.075,61.3815,35.4479,89.5171,17.6977
840,102.34,97.3221,43.2289,60.9602,36.9555,90.4242,18.0871
870,99.6086,93.2301,45.1728,60.2911,36.7971,88.8698,17.2234
900,100.023,87.8237,43.5682,60.8063,36.5567,85.8947,18.2247
930,102.617,96.5975,46.7101,61.8835,37.721,85.9455,18.0879
960,102.506,90.2255,43.5154,61.255,37.4534,86.3835,18.075
990,106.131,86.1343,65.2785,61.1232,37.1546,85.2241,18.1044
1020,107.542,87.9224,62.627,61.0595,36.6173,82.2794,17.6179
1050,110.246,87.872,61.3664,62.7054,37.9963,81.9588,17.8937
1080,99.1341,82.6871,56.1523,55.9598,37.0998,81.0191,17.4704
1110,107.616,85.8535,60.7635,51.0271,38.7976,80.1416,19.246
1140,109.488,78.7341,61.1186,51.6277,37.5807,76.5293,19.3446
1170,108.757,80.6788,59.6089,53.8842,37.7963,74.9546,19.1547
1200,107.947,80.6482,60.1388,52.3024,36.1824,73.1636,19.647
1230,132.657,93.0358,75.0899,52.5942,38.5695,72.3308,24.027
1260,117.114,71.9009,63.8245,51.8148,36.6093,69.9197,23.9911
1290,113.352,75.0198,62.4641,52.8083,36.9008,68.581,24.2187
1320,116.485,70.2238,61.4799,51.3715,35.5541,69.1717,24.0743
1350,113.059,74.0938,61.1552,53.9221,36.36,68.3538,23.7161
1380,114.828,74.3285,62.5379,52.4353,36.4589,65.8855,23.723
1410,113.538,75.3117,59.7051,52.9354,36.9892,71.2271,24.2252
1440,116.327,70.3559,60.2707,53.4241,35.5064,71.1563,23.5255
1470,115.838,75.9275,60.2143,50.9563,37.0561,70.1637,23.8911
1500,89.52,100.271,82.5033,58.726,36.5914,68.8555,23.9142
1530,97.0534,131.302,104.371,57.0962,38.5761,69.208,25.708
1560,100.594,132.582,105.452,56.3473,36.1628,68.9059,25.1613
1590,122.013,103.304,81.232,52.9656,36.3372,71.8278,0.503294
1620,124.148,106.79,82.5401,52.3584,36.4094,71.0331,0.175659
1650,124.543,106.916,82.9398,54.1111,37.8742,69.404,25.7105
1680,121.809,106.411,83.787,53.6214,38.4097,70.361,25.9749
1710,122.084,105.001,81.6523,52.9983,36.9772,72.2536,25.6523
1740,125.02,103.204,83.4401,55.1342,36.9587,68.8678,25.5134
1770,121.863,105.589,80.899,54.8675,36.2213,70.5708,25.4582
1800,121.738,102.874,84.1649,55.2837,35.6018,72.6985,25.2539
1830,125.028,102.474,82.3249,54.9155,35.5654,70.3154,25.8513
1860,123.549,102.038,83.9328,53.0591,37.1547,71.4925,25.4023
1890,123.836,105.963,81.3586,55.0171,37.9329,69.3741,25.9661
1920,125.149,101.894,84.6996,55.0035,37.0985,72.9902,25.1731
1950,125.923,103.833,84.4817,52.5251,36.5579,72.5869,25.9665
1980,123.198,105.67,81.735,54.3147,37.5924,72.7784,25.1534
2010,137.679,104.306,84.2127,54.0729,36.4334,70.8036,26.0446
2040,135.743,106.668,81.9571,53.6801,36.1261,70.5172,25.8768
2070,138.082,105.982,82.0151,53.0658,36.6004,69.2709,25.6379
2100,139.088,106.501,83.2207,53.7112,36.5896,70.4535,26.4055
2130,138.005,105.957,82.4994,53.4618,35.7285,72.3068,26.1448
2160,137.13,105.028,80.6877,54.8029,36.7743,68.6125,25.8039
2190,138.869,106.518,82.3755,53.9697,37.3373,70.7841,26.1444
2220,135.475,104.928,80.7269,53.6616,37.1711,69.8589,25.9934
2250,138.834,108.824,83.8399,53.3422,37.485,72.6905,25.867
2280,138.738,109.799,80.8119,53.4797,35.9312,70.9745,25.9205
2310,137.637,103.934,84.1569,53.2327,36.7238,72.521,26.2716
2340,137.603,109.639,81.2897,53.424,36.5315,71.9599,25.8881
2370,136.538,107.341,83.1605,52.8206,36.1286,70.3266,25.6619
2400,137.4,106.952,82.2261,52.3904,37.7262,69.9732,25.825
2430,139.435,105.26,82.7024,54.4346,36.6325,70.2807,25.7978
2460,136.651,107.593,82.8231,54.903,35.5505,68.8288,26.0188
2490,173.172,85.0934,65.5017,48.8351,35.3772,68.952,0.319782
2520,166.54,104.461,82.4351,53.1171,36.096,70.3872,-9.88094
2550,166.059,106.997,79.6484,52.6966,36.5616,69.5929,16.3208
2580,165.091,106.156,81.1767,53.5846,36.2602,72.1941,15.7371
2610,165.99,103.772,79.5182,54.7962,36.1981,71.0559,15.7401
2640,167.891,103.788,79.9832,53.7101,37.2739,72.682,15.7906
2670,167.117,101.791,79.672,52.6835,36.9638,72.1506,16.5146
2700,165.461,103.348,80.2419,53.9336,35.102,70.7596,16.1074
2730,166.737,105.275,79.8452,52.7698,36.2412,69.003,16.4271
2760,165.289,103.705,79.9768,55.4079,35.3563,68.5176,16.4089
2790,165.489,102.627,82.7098,52.6398,37.4421,68.3883,15.7365
2820,164.588,103.296,81.0541,52.9854,35.7751,71.4056,15.803
2850,167.348,106.581,79.8311,54.7855,36.7855,71.1636,15.6956
2880,167.725,106.464,82.8174,55.5419,34.8649,72.2137,16.0325
2910,165.246,105.673,80.7917,52.4609,36.5375,68.512,16.2082
2940,167.875,104.644,82.1203,53.6762,36.6693,70.7396,16.0177
2970,165.601,105.707,79.3877,52.6862,36.2867,68.624,16.5271
3000,166.824,101.232,82.9135,54.6672,36.1406,68.7553,15.9482
3030,166.523,104.571,80.1364,52.6046,35.3527,71.3944,16.4848
3060,168.482,103.761,80.3549,54.4046,37.7174,72.9243,15.8895
3090,167.193,101.719,80.4174,55.0359,36.7568,71.8352,16.0973
3120,167.445,105.487,80.0262,54.161,35.9306,71.8856,15.7641
3150,170.482,101.485,79.9534,55.757,36.6604,72.42,16.0281
3180,168.791,102.399,83.6699,53.2793,36.2711,69.9288,16.2602
3210,169.173,105.345,81.4788,55.9017,34.8177,70.1632,16.103
3240,173.688,104.981,83.6004,54.4353,37.2998,70.693,16.331
3270,173.961,105.463,82.5431,53.8257,36.227,71.1104,16.2709
3300,174.784,105.211,83.0141,55.7268,35.6784,70.5205,16.2321
3330,175.889,107.293,82.0068,55.9038,36.3301,69.8951,16.5448
3360,174.109,103.573,81.4766,54.504,37.948,67.8808,16.0077
3390,217.233,84.6858,66.3936,49.4473,36.1922,69.2716,0
3420,180.549,106.007,84.1086,55.4156,36.4514,66.3313,0
3450,180.93,108.512,81.3819,54.6648,37.2253,65.7844,15.6172
3480,182.075,108.533,83.4124,56.1953,37.7751,65.7834,15.3132
3510,183.64,116.546,89.0546,54.0254,35.1242,63.3228,20.9473
3540,144.646,91.737,69.7252,54.204,36.8371,63.8308,20.5154
3570,141.678,89.8927,72.4168,53.7524,36.2622,61.6369,20.6197
3600,139.226,91.5526,72.4161,56.1501,35.9371,59.4835,20.279
3630,137.855,94.2,71.441,54.3309,37.9756,60.1499,20.7549
3660,137.502,94.3278,73.441,54.0511,36.3409,58.025,20.8291
3690,138.349,90.8544,72.615,55.4505,35.9564,56.6962,20.9326
3720,137.731,90.5965,71.5418,53.6831,37.3306,55.0666,21.5724
3750,137.599,94.6641,70.0526,55.4821,37.6784,53.9028,21.5253
3780,137.812,91.4095,71.4135,53.399,34.7365,54.1349,21.826
3810,135.839,91.9431,72.5399,55.7781,36.4066,51.7517,22.7304
3840,127.717,93.1864,71.381,53.8493,36.1995,48.7545,21.5932
3870,125.658,88.6112,69.547,56.0233,35.9074,48.1302,22.3243
3900,125.767,91.2497,72.3487,53.8909,36.8279,49.4377,22.0088
3930,125.94,87.6531,71.7368,56.1394,35.4057,51.2494,23.1595
3960,126.265,89.0255,68.4346,53.2928,35.2445,52.2667,22.8399
3990,126.601,92.9976,69.7539,54.4215,36.3993,51.3934,23.0324
4020,125.942,89.0599,72.0537,55.6675,36.4037,54.3695,22.4812
4050,126.416,91.1935,72.3279,54.8779,36.8802,52.943,22.4928
4080,128.785,89.8846,68.5899,53.7197,36.517,54.775,23.0743
4110,128.083,93.38,68.7764,53.8527,36.0035,56.6766,22.938
4140,128.491,92.2628,69.7641,55.1222,36.4449,57.2785,22.6156
4170,128.829,91.1544,71.3098,55.1741,34.743,59.2038,23.188
4200,127.644,92.0044,68.4026,56.2394,36.3992,61.1007,22.4852
4230,128.217,92.4268,69.2989,53.4734,35.0743,62.6867,23.2456
4260,129.54,87.4864,70.557,56.0294,35.0353,61.7507,23.2466
4290,161.369,73.3975,55.6301,52.1353,36.5001,66.8065,0
4320,118.661,95.8423,72.1731,54.4349,35.3709,67.0988,0
4350,118.253,95.2483,71.3441,53.5247,37.5016,66.9956,23.8297
4380,118.063,94.6771,73.4419,53.1508,37.3059,72.9617,23.6895
4410,116.9,94.063,72.7861,54.6604,36.3301,74.4874,23.8034
4440,99.3034,83.6645,64.099,54.877,36.2413,75.0344,21.226
4470,111.023,92.5006,76.9531,59.2235,36.5099,78.3003,21.4565
4500,109.876,96.8305,77.5931,66.9301,36.1179,77.8109,21.0218
4530,109.59,98.4548,77.4581,66.5616,35.8003,79.6328,21.3807
4560,112.631,102.563,75.3287,64.3608,36.2727,80.4848,21.5976
4590,111.735,102.807,79.0462,64.7099,36.4183,79.7606,21.2674
4620,111.843,99.9557,76.1568,67.1523,37.1834,82.7675,21.6959
4650,112.825,101.381,77.7829,64.4144,36.3631,82.362,21.5668
4680,113.151,101.652,78.402,64.6827,34.9768,83.9961,21.6373
4710,113.161,103.052,79.2163,64.2865,36.8507,81.5273,21.1775
4740,113.654,101.795,76.009,66.4324,35.2556,82.4268,21.0623
4770,112.476,99.1911,75.9809,66.0773,36.235,81.1563,21.1091
4800,110.673,98.4699,76.5698,65.6893,34.9839,80.9638,21.8276
4830,113.789,99.4156,75.4002,66.1391,36.7162,83.8428,21.6947
4860,113.793,98.408,77.6049,65.0124,34.9561,81.4754,21.7514
4890,110.673,101.471,77.4115,65.8618,36.3198,83.0339,21.441
4920,113.181,104.33,75.3603,67.1696,35.2373,84.2939,21.1501
4950,111.532,104.232,78.7142,65.1436,36.3339,80.4563,21.3117
4980,112.573,102.544,78.0104,66.9424,35.9116,83.5174,21.081
5010,111.857,100.045,78.0032,66.5698,35.1873,81.1965,21.8044
5040,110.428,100.803,79.6511,65.7427,36.6009,79.7897,20.8589
