Time,FC,PAS,PAM,PAD,temp,SpO2,FR
-1,105,186,128,97,37.0491,94,22
0,115.5,204.6,140.8,97,36.5304,94,24.2
30,114.342,199.497,138.626,97,36.0117,94,23.6522
60,114.66,206.338,143.072,97,35.493,94,23.6348
90,114.095,207.998,139.783,97,34.9743,94,24.5365
120,114.242,199.584,142.616,97,34.4557,94,24.6423
150,116.589,206.513,143.993,97,33.937,94,24.7192
180,118.195,208.781,143.822,97,33.4183,94,24.754
210,113.797,200.624,141.706,97,32.8996,94,24.19
240,112.963,209.145,139.567,97,32.3809,94,24.162
270,113.735,199.631,140.64,97,31.8622,94,24.2388
300,117.335,205.014,138.829,97,31.3435,94,24.5985
330,116.67,199.86,142.483,97,30.8248,94,24.195
360,127.696,203.563,155.796,97,30.3062,94,23.9528
390,128.391,204.458,153.225,97,29.7875,94,24.7701
420,127.199,200.463,158.459,97,30.689,94,24.6071
450,127.253,208.331,154.189,97,31.5906,94,24.1345
480,115.871,202.981,140.67,97,32.4922,100,24.7729
510,115.545,207.661,141.265,97,33.3937,96.9062,24.0511
540,114.434,208.379,144.106,98.7393,34.2953,96.815,22.6559
570,117.096,159.958,114.442,75.5197,34.8539,90.9307,22.5268
600,113.435,155.458,115.63,79.2371,35.7555,88.9443,22.3426
630,108.518,159.893,113.134,76.0742,36.0881,88.7024,21.23
660,108.977,159.934,112.011,77.9521,36.0093,84.5014,20.6576
690,106.639,145.471,107.163,72.4867,36.4983,80.7415,21.0397
720,91.9322,139.1,69.4862,67.2734,36.0031,77.7854,19.6007
750,93.4871,141.059,65.2826,64.7026,36.7258,91.0121,19.3182
780,91.5946,138.568,66.8677,66.9551,35.9744,87.2954,19.363
810,91.0342,142.632,66.918,66.0327,35.728,86.2335,19.0522
840,91.1665,135.247,94.005,63.6613,36.5427,81.0977,18.7322
870,91.8398,140.053,95.1217,64.5466,37.6002,78.9998,17.9434
900,91.6689,138.686,91.717,65.8753,37.8691,75.8724,18.3117
930,90.4083,135.656,91.9082,66.3266,37.8281,78.1554,18.0549
960,93.9948,171.909,126.055,85.6841,37.7433,76.9958,17.9944
990,99.272,173.595,121.042,84.0588,36.6612,74.5083,17.9028
1020,99.1855,170.853,124.874,83.7673,37.6938,69.5863,17.8156
1050,90.5107,162.882,118.667,80.1331,36.7195,64.8063,17.9166
1080,99.0988,167.083,126.23,72.3655,36.8142,64.036,19.1415
1110,94.1808,163.241,120.092,72.4483,37.8243,61.0359,19.13
1140,99.5601,168.53,117.318,73.0264,36.3804,60.354,19.539
1170,99.7845,164.187,120.693,70.7846,36.7631,56.3739,19.0268
1200,98.9207,166.953,118.838,73.0829,36.2272,53.7642,20.0876
1230,97.3666,166.821,120.309,73.3379,37.7664,52.6714,19.9436
1260,89.4172,151.047,105.98,74.3167,36.892,49.8892,18.1436
1290,84.5661,149.856,106.289,72.5947,36.0865,47.5481,17.7106
1320,88.2636,150.875,109.257,70.5381,36.3344,47.8847,17.5756
1350,88.7853,152.346,107.599,71.3213,37.2749,46.8104,18.1182
1380,113.905,197.454,137.098,71.1778,37.4165,49.4368,22.923
1410,115.627,194.175,137.666,72.8644,37.5813,48.9339,23.2985
1440,114.243,193.673,140.234,72.446,36.4075,49.5051,22.8765
1470,114.891,195.631,139.566,72.5279,37.4657,48.7096,23.3722
1500,113.107,197.616,139.471,70.9253,37.8717,49.5752,23.4935
1530,113.635,191.636,136.187,71.7058,37.638,49.334,22.6436
1560,110.688,195.987,139.25,72.1852,37.4144,49.5627,23.4062
1590,114.23,193.582,141.499,71.8635,37.6877,49.5221,23.3528
1620,113.553,193.006,137.94,73.6978,36.6387,48.7739,22.8268
1650,115.033,191.818,136.224,71.8652,37.8467,48.4988,23.0504
1680,113.372,190.19,139.013,72.8687,37.652,49.0626,22.6851
1710,114.699,190.324,140,73.5619,37.5612,49.3192,23.5014
1740,115.627,192.086,137.495,71.2226,37.0315,49.3646,23.4971
1770,117.167,197.424,137.626,73.4214,37.9015,49.8434,23.3904
1800,116.433,192.674,137.843,73.1833,37.3571,49.3543,22.6357
1830,113.505,195.593,137.1,71.4693,36.4269,48.934,23.3476
1860,110.961,190.186,137.225,74.4967,36.9686,48.9626,23.4469
1890,110.36,191.193,140.65,70.7914,37.6904,49.7619,23.4382
1920,116.506,191.426,137.273,73.4851,37.1,49.108,22.7912
1950,118.153,192.804,137.085,71.0516,36.937,50.2543,22.7927
1980,129.363,209.176,151.908,72.5009,37.0151,49.704,25.0866
2010,127.106,209.719,151.471,73.277,36.2295,49.5642,24.726
2040,124.092,209.77,151.852,71.5785,37.3254,50.1662,24.6974
2070,125.083,209.269,151.928,73.6848,36.6968,50.1905,25.0184
2100,123.634,208.401,151.992,74.0525,37.6957,49.34,24.8567
2130,127.6,206.447,149.199,74.5336,37.0692,49.5172,25.3981
2160,126.038,211.469,150.44,73.2402,37.1158,49.8238,24.71
2190,125.334,213.658,150.725,72.2919,37.6635,48.863,25.1588
2220,123.088,209.682,153.041,71.4958,37.5751,49.2526,25.2956
2250,125.59,206.89,150.781,74.4403,37.1196,49.5189,24.5984
2280,124.12,210.642,148.475,73.7152,36.5205,49.2833,24.994
2310,123.673,206.537,151.763,71.1513,36.2729,49.3963,24.7735
2340,126.847,207.964,151.599,73.4541,37.0657,49.58,24.7712
2370,128.014,212.554,152.042,71.2564,36.6184,50.1151,25.1304
2400,125.009,212.288,148.772,73.4805,36.2807,49.8469,25.4123
2430,126.048,211.461,150.869,74.2408,36.2164,50.0749,24.7706
2460,125.897,213.698,151.082,73.1481,36.9611,50.1321,24.9406
2490,89.5436,152.193,109.537,74.8701,36.2205,50.2171,18.2748
2520,91.8059,155.027,109.059,74.1368,36.58,48.9722,18.0741
2550,89.6559,156.312,112.756,74.4636,37.1504,48.9474,18.6364
2580,89.8416,153.486,109.394,73.0043,36.5469,49.8565,18.4821
2610,94.9798,157.434,113.172,74.9529,37.5825,49.281,18.3435
2640,92.7997,155.615,109.944,71.3392,37.5458,49.6033,18.0555
2670,90.5467,150.639,110.834,74.382,36.3368,49.2218,18.3504
2700,90.2524,156.142,112.45,74.6925,36.8554,49.424,18.696
2730,89.289,156.531,109.957,71.0811,36.2769,50.0611,18.4859
2760,88.3853,158.039,109.307,71.749,37.0102,49.3898,18.7081
2790,92.0994,153.345,111.762,73.0159,37.2984,49.0052,18.6131
2820,97.59,164.13,116.909,71.8698,37.8865,48.988,19.7109
2850,97.5163,167.325,117.736,70.6391,37.5409,48.8704,19.1597
2880,93.6401,161.845,118.456,72.9587,37.3048,49.4509,19.4248
2910,95.953,166.049,120.876,73.3989,36.9409,48.9922,19.5094
2940,100.026,160.019,120.85,70.8784,36.7001,50.2904,19.3239
2970,101.722,161.814,116.232,74.7624,37.3457,49.0516,19.8057
3000,101.737,161.643,115.488,74.0927,37.0124,49.6675,19.4356
3030,100.187,159.861,119.184,71.6513,37.5868,49.8325,19.9565
3060,101.641,166.202,117.214,70.9239,37.6606,49.2621,19.277
3090,102.219,161.995,117.654,71.2819,37.0883,49.6509,20.073
3120,102.881,161.602,119.53,74.3929,37.9104,50.3248,20.9994
3150,106.718,163.632,117.934,71.1379,37.3097,52.1757,21.033
3180,107.836,166.971,116.989,72.7759,37.606,56.2518,21.3738
3210,105.027,164.995,116.441,72.6394,37.6483,56.459,21.9201
3240,105.533,164.143,117.102,74.2018,37.3438,58.3982,21.7776
3270,105.889,163.965,118.501,72.4746,36.6907,57.1261,22.2105
3300,104.654,165.429,117.451,71.8643,37.2798,61.2825,22.1791
3330,103.774,161.635,116.188,73.3656,37.7577,60.8058,21.4713
3360,104.085,165.404,120.249,70.5995,36.603,61.2194,22.3551
3390,104.086,165.491,117.718,72.8545,36.5814,66.327,22.554
3420,93.6077,145.993,109.602,70.8606,37.4995,63.7707,21.1548
3450,96.3958,160.933,115.407,77.2307,37.742,64.4362,20.5332
3480,100.794,170.058,119.769,85.1387,37.5816,66.8809,20.3436
3510,101.171,175.002,125.616,85.2696,37.295,68.3059,19.3867
3540,97.4697,175.343,122.116,82.8643,36.7012,67.8488,18.8469
3570,98.4758,176.702,123.027,85.804,36.6843,69.1191,18.829
3600,97.6676,172.008,123.518,85.655,36.7366,69.5962,18.771
3630,97.4162,172.985,126.941,82.2354,36.2946,74.0403,18.988
3660,100.014,170.789,126.055,86.5121,37.7011,76.2241,18.5152
3690,97.6119,169.896,122.322,85.051,37.8116,74.8385,18.782
3720,97.8294,173.906,124.065,84.4328,37.6493,77.9941,18.6436
3750,97.5736,175.995,125.478,83.902,36.5303,78.5112,18.7411
3780,98.2368,172.379,122.089,82.8239,36.9981,80.7945,18.5079
3810,98.302,175.774,122.803,84.8691,37.5916,79.2314,18.6133
3840,99.9382,175.351,125.347,82.318,36.5959,79.256,18.8519
3870,97.2464,176.732,126.031,83.7244,37.4191,82.288,19.0099
3900,100.85,170.906,122.238,83.699,37.0259,81.9609,18.8107
