Time,FC,PAS,PAM,PAD,temp,SpO2,FR
-1,78,134,99,75,36.9287,98,16
0,85.8,147.4,108.9,75,36.4117,98,17.6
30,86.8749,146.759,111.216,75,35.8947,98,17.9012
60,87.8775,147.289,107.356,75,35.3777,98,17.6518
90,84.4435,144.802,111.108,75,34.8607,98,17.944
120,87.392,149.631,110.798,75,34.3437,98,17.7339
150,87.3137,148.373,108.703,75,33.8266,98,17.3359
180,86.0491,147.778,109.51,75,33.3096,98,17.2405
210,85.0607,146.127,109.31,75,32.7926,98,17.5461
240,84.0968,144.303,109.364,75,32.2756,98,17.1652
270,87.5137,147.435,110.575,75,31.7586,98,17.5232
300,85.3806,145.877,106.426,75,31.2416,98,17.9032
330,83.9382,143.999,108.338,75,30.7246,98,17.8093
360,95.3411,149.968,117.371,75,30.2076,98,18.0049
390,95.4016,147.36,117.233,75,29.6906,98,17.7517
420,85.2538,146.689,117.981,75,30.0967,98,17.7027
450,86.3991,151.206,118.812,74.9479,30.4766,97.6347,17.7151
480,88.1511,152.281,108.896,74.0415,31.178,95.7888,17.8818
510,84.3391,148.052,109.549,76.4772,31.7701,100.472,17.5317
540,82.1575,148.734,108.636,76.1675,31.8544,98.5783,17.3343
570,83.9909,120.008,87.8535,59.7626,31.2521,93.9721,16.9272
600,84.3104,117.192,85.2367,59.1132,31.9048,93.6455,16.121
630,81.0491,120.763,84.7934,60.8554,31.9486,92.1834,16.2408
660,80.462,116.505,83.3038,58.0235,32.9234,85.9542,15.8662
690,80.61,121.831,88.5662,58.368,34.5574,82.5704,14.9295
720,73.084,98.1757,78.1831,54.896,33.4258,78.6714,14.4682
750,66.89,97.5525,45.8395,49.5344,35.324,76.2927,14.5778
780,65.7977,98.4256,45.0939,49.9519,35.7921,93.8636,14.653
810,67.2389,99.1525,44.8245,49.2702,34.8954,91.039,13.4711
840,67.395,99.0644,68.3918,50.2517,35.8168,88.8823,13.4216
870,64.7241,98.844,66.3681,51.6266,35.5241,83.6862,12.9449
900,63.3188,98.7806,68.4053,49.1265,37.1372,79.4001,13.6358
930,65.1788,95.1765,68.6976,49.2782,37.8368,78.0194,13.5943
960,64.9722,127.914,65.1836,66.1726,37.7906,78.0033,12.671
990,69.0444,124.65,86.6259,66.0014,36.2498,74.4266,12.4967
1020,70.4671,122.788,86.6674,65.6653,36.7012,72.6401,12.4682
1050,67.992,128.016,88.2191,65.9822,37.8216,71.2967,12.4201
1080,65.1851,105.968,80.3905,60.0939,37.1391,67.892,12.6312
1110,70.9182,115.989,84.1488,54.3975,38.0936,63.835,13.9134
1140,70.4303,114.853,83.8238,57.0242,38.5317,59.8395,13.5122
1170,70.7421,115.74,85.9733,54.7972,37.3897,57.8453,13.7579
1200,68.2822,115.356,86.3063,56.0144,36.4619,53.4199,13.938
1230,83.5797,139.745,104.91,54.7926,36.3139,53.5936,16.9603
1260,75.2802,128.251,94.7455,56.9326,38.811,51.0448,16.8484
1290,74.4333,131.448,95.2237,54.8604,36.3669,46.6781,16.6554
1320,75.3329,130.208,95.6495,57.1684,35.6039,46.8617,16.6961
1350,74.3026,130.55,94.1748,56.5808,37.8031,45.7748,17.0327
1380,73.8504,128.123,95.1097,55.3984,36.821,48.0627,17.0052
1410,73.2712,131.296,96.3878,56.0751,38.3994,50.1383,17.079
1440,72.4721,131.394,95.7651,54.723,37.8558,48.3368,16.7864
1470,72.2642,133.08,92.9185,57.2942,37.3444,50.1486,17.0966
1500,74.8325,130.557,93.3446,56.9698,36.1856,49.4792,16.8923
1530,88.393,146.455,105.045,56.8494,36.097,49.9185,18.0208
1560,87.8181,146.08,107.18,55.8408,35.944,51.0968,17.8657
1590,85.6337,143.681,105.369,55.8488,37.131,48.5713,18.135
1620,87.4639,146.991,106.747,56.9211,35.7904,48.7957,18.2726
1650,88.5691,146.622,107.516,55.1904,37.642,50.6498,18.0151
1680,85.5923,145.699,104.305,55.1931,36.5937,49.5272,18.2396
1710,85.8908,147.73,105.853,54.5496,36.8244,50.5606,18.1088
1740,87.3698,144.96,106.497,56.1705,36.5297,49.244,18.0982
1770,87.7795,144.44,108.382,55.7786,38.2641,46.6306,18.319
1800,86.4019,143.024,105.456,54.4406,37.0617,51.1895,17.8877
1830,88.0669,144.529,106.021,56.7704,35.9737,48.9511,18.2105
1860,87.5261,142.787,106.116,55.3218,35.2721,46.5332,18.2013
1890,86.3136,148.18,105.49,54.7796,37.2151,47.3574,17.7758
1920,86.6362,145.347,105.098,55.8369,36.1527,50.735,17.8191
1950,86.9549,144.223,104.297,56.3911,37.0841,49.1219,17.8124
1980,87.2012,148.23,106.613,56.208,37.9791,48.7552,17.8923
2010,92.0635,154.068,111.69,55.2765,36.551,48.9701,18.4281
2040,90.6777,153.808,109.696,55.9855,38.4004,50.4464,18.3421
2070,90.7942,154.472,109.903,56.512,36.9211,51.2441,18.7017
2100,92.3299,152.643,112.102,56.1333,35.307,51.2481,18.5038
2130,93.0851,152.349,109.41,57.1485,36.2199,48.9404,18.2971
2160,90.8687,152.858,113.454,54.5853,37.1737,49.1347,18.5234
2190,92.0416,153.348,111.317,57.0875,36.2059,50.947,18.6728
2220,93.3534,152.536,111.797,54.2362,36.9101,49.8155,18.3403
2250,93.5628,153.494,110.978,54.6053,36.8214,48.821,18.3373
2280,91.5295,151.837,111.719,56.9522,35.173,49.3564,18.4928
2310,92.5909,149.692,111.934,57.2619,36.4878,51.0054,18.2755
2340,93.5746,152.208,110.795,55.8703,38.4455,51.1933,18.6678
2370,92.4226,151.366,109.569,56.7602,36.0782,47.6159,18.4395
2400,93.2819,153.948,111.375,57.2354,36.3674,49.5782,18.4053
2430,90.1501,150.745,111.586,55.519,36.7853,50.1286,18.4854
2460,93.1235,149.906,110.136,56.6433,35.0689,49.969,18.5206
2490,91.537,153.876,111.655,55.9343,36.6182,47.07,18.1654
2520,93.5445,155.135,111.922,55.1018,37.2286,50.4542,18.5861
2550,95.1509,153.561,111.59,56.0124,37.4703,47.5486,18.534
2580,94.7482,154.084,112.847,56.8166,35.6936,49.1163,18.7721
2610,94.5409,152.111,113.459,54.2168,37.2349,47.181,18.3543
2640,92.292,153.363,113.845,56.452,37.1465,48.1919,18.7815
2670,94.0795,154.097,113.636,55.1965,36.2411,50.7564,18.8159
2700,92.2033,152.932,115.026,56.0144,35.5827,48.9168,19.1609
2730,93.3187,157.346,115.696,54.666,35.6909,48.5185,19.3225
2760,93.3349,157.387,113.17,55.2815,36.3997,47.8072,19.8606
2790,92.5503,156.299,112.535,55.0498,35.509,47.6981,19.9965
2820,93.2468,152.38,112.123,55.7192,36.3619,48.7342,20.4946
2850,94.4513,154.588,115.522,54.5856,36.0007,50.4417,20.9291
2880,93.4161,153.437,112.423,56.0242,37.0495,49.0843,20.7572
2910,93.3905,156.945,112.839,56.4908,37.1023,48.0543,21.2055
2940,94.796,155.378,114.352,54.2661,34.8556,50.4605,21.9278
2970,94.5412,156.949,115.153,54.3552,35.7068,51.1192,22.0528
3000,95.6189,153.852,115.558,56.5293,36.4656,50.4765,22.7859
3030,93.4485,153.799,114.289,54.5505,37.4802,47.9054,22.7638
3060,94.2089,158.536,112.869,55.9364,34.7623,47.8794,22.946
3090,95.7026,153.803,114.244,56.9987,36.874,47.7268,22.9418
3120,95.2499,154.15,112.896,55.3572,35.8454,47.8918,23.1259
3150,93.5465,158.44,115.756,57.1173,36.5575,47.733,22.7784
3180,93.3801,156.422,115.476,55.1383,36.0347,50.7715,22.9216
3210,93.6796,155.954,113.65,54.5573,35.8481,49.642,23.0746
3240,95.8436,158.652,112.451,56.1221,35.4297,48.4311,22.7957
3270,93.9706,155.217,113.178,55.4215,36.6086,49.4573,23.1101
3300,93.0799,155.894,112.456,57.2729,37.4408,51.3743,23.1795
3330,94.3192,157.908,116.506,56.4454,36.5954,54.036,22.8414
3360,94.0098,155.851,116.404,56.9666,36.7554,54.1084,22.2974
3390,93.6285,155.148,114.769,55.8573,36.3777,56.1146,21.672
3420,92.5897,154.797,116.129,55.7196,35.3708,57.8472,21.6697
3450,89.7797,154.508,113.469,56.7376,37.1269,58.308,21.0451
3480,88.9164,153.132,113.069,57.847,35.4923,60.8471,20.3164
3510,88.9974,157.605,114.622,56.3321,37.3309,63.5166,21.0927
3540,71.458,123.54,94.0516,55.2421,35.9251,66.6751,20.697
3570,69.0054,122.102,91.4903,55.7156,36.5161,67.5682,20.2827
3600,68.8902,126.717,93.374,57.1417,34.8499,69.1971,19.8119
3630,70.5545,122.495,91.1035,57.5245,37.359,69.1116,19.29
3660,67.9061,123.805,93.5345,57.3565,36.8344,70.7309,18.4203
3690,70.1735,126.463,91.3878,56.5275,35.1719,71.1408,18.4082
3720,68.0179,121.997,92.0382,55.5001,35.2832,75.7859,17.9864
3750,70.369,122.772,94.1413,55.7012,35.3714,77.0299,18.0967
3780,72.5298,125.711,90.214,56.386,36.4147,76.3788,18.1312
3810,71.8442,126.294,93.7013,57.3549,36.5833,77.7919,17.9547
3840,68.4367,116.915,87.4554,56.3482,35.4312,79.3339,13.9289
3870,69.7853,119.773,86.7929,56.5075,36.3241,81.8592,13.9744
3900,71.6817,121.708,88.0876,55.6894,37.0218,82.2252,14.0468
3930,72.3045,119.263,89.9742,57.2075,36.2363,84.7361,14.0217
3960,70.7327,117.051,88.3573,56.9038,34.9693,84.5976,13.914
3990,71.3098,120.141,87.8487,56.3727,35.8224,85.5109,13.7075
4020,72.9277,121.231,89.7019,56.1776,36.3293,87.1736,13.7364
4050,72.1265,118.21,87.6375,55.9824,35.6798,88.0856,14.0383
4080,69.8254,121.275,89.2683,56.0597,36.1413,85.7791,13.6185
4110,71.9869,119.808,90.0733,55.897,36.0155,87.3159,13.8102
4140,72.9693,120.075,86.6648,56.9369,37.0059,84.225,13.8314
4170,72.0753,119.591,86.5292,55.8586,36.149,84.808,13.8559
4200,69.8963,122.369,86.8079,57.7035,35.1518,84.5548,13.9417
4230,72.3229,117.379,87.1621,56.211,36.8617,83.6223,13.6043
4260,71.4317,117.641,90.7862,56.2353,35.9672,83.8241,13.6571
4290,71.841,117.698,89.5998,55.5604,35.4609,87.9141,13.8384
4320,69.4139,117.023,89.0477,55.1664,36.6373,87.9388,13.4948
4350,72.8943,117.509,88.9939,55.679,35.8853,86.1704,13.8509
4380,72.3359,120.159,87.0255,56.2157,36.3497,87.4423,13.7021
4410,70.9047,120.088,89.4793,57.7152,36.7434,86.2649,13.8131
4440,64.5536,104.771,79.8813,54.803,35.8458,83.9146,11.2273
4470,71.8915,126.012,84.6843,62.0486,36.8642,86.2896,11.334
4500,70.7734,126.199,92.8283,64.4194,35.4221,86.8984,11.4878
4530,69.2461,124.332,91.5925,65.7131,36.414,84.8488,11.6833
4560,69.7032,122.226,93.1911,64.4451,37.4657,84.9001,11.5633
4590,71.1816,125.646,92.046,63.5905,35.6894,80.442,11.2523
4620,72.0953,126.946,91.4772,66.3154,35.3446,81.03,11.5119
4650,70.8876,126.025,90.67,65.4341,36.7052,81.1118,11.8044
4680,71.0353,122.446,90.8522,64.5749,37.2906,83.7936,11.5911
4710,69.7508,124.051,92.6062,66.0441,36.8914,83.7708,11.4279
4740,71.6076,123.29,90.9597,63.9686,36.1638,82.4199,11.7716
4770,70.1021,126.432,92.0473,63.6965,36.568,84.2309,11.7687
4800,72.4248,123.011,90.7944,66.49,36.0201,82.1057,11.8353
4830,70.7306,122.834,93.3591,66.5908,35.7078,81.0133,11.6809
4860,72.3344,125.188,93.7641,64.4301,35.6639,80.1717,11.515
4890,70.0322,125.626,92.2374,65.4295,36.3227,81.7617,11.4989
4920,71.5734,125.835,91.6961,65.0531,37.7047,81.6666,11.3865
4950,69.5322,123.876,91.293,64.0433,36.7489,83.8407,11.5146
