Time,FC,PAS,PAM,PAD,temp,SpO2,FR
-1,68,103,63,51,36.1803,96,17
0,74.8,113.3,69.3,51,35.6738,96,18.7
30,74.487,112.011,70.9542,51,35.1673,96,18.7938
60,72.9713,113.938,68.7885,51,34.6607,96,18.4849
90,75.2215,115.3,68.7528,51,34.1542,96,18.7336
120,74.592,115.33,68.8982,51,33.6477,96,18.2841
150,74.9124,115.226,68.4489,51,33.1412,96,18.2575
180,74.6464,114.086,68.6008,51,32.6347,96,19.058
210,73.0745,112.385,69.2879,51,32.1281,96,18.3101
240,75.3944,111.268,70.8076,51,31.6216,96,18.4337
270,74.9382,115.421,67.8254,51,31.1151,96,18.3528
300,76.5734,115.013,70.9206,51,30.6086,96,18.4122
330,73.8845,113.693,70.4432,51,30.102,96,18.3815
360,81.9504,110.725,76.3333,51,29.5955,96,18.2562
390,80.3778,111.002,75.1856,51,29.089,96,18.7894
420,80.9397,114.044,76.244,51,29.4845,96,18.9276
450,81.7865,112.704,77.7822,51.061,28.9807,94.7209,18.6309
480,73.8639,114.966,69.128,51.4779,29.4249,98.0993,18.689
510,77.6673,112.702,68.6065,50.5574,29.9072,95.6178,18.9705
540,72.6752,111.081,68.9935,50.8773,31.785,96.8598,18.3949
570,76.7382,94.1059,56.486,40.7731,31.4392,92.6344,17.602
600,75.2624,91.2604,57.1691,40.9978,31.2063,89.6063,17.8124
630,70.8043,88.0788,56.1877,40.1126,32.1866,82.8618,16.3584
660,72.7553,89.5892,54.3191,40.5128,31.576,81.0639,16.1037
690,68.2766,87.6386,56.9537,40.2407,33.7232,80.312,15.9409
720,65.7153,73.3622,46.6063,34.7363,33.4265,73.6616,15.7023
750,57.6093,77.3488,31.9741,33.794,33.3668,73.3109,15.7962
780,56.3548,80.1582,32.9342,34.4857,34.7144,92.0982,15.03
810,57.5764,78.238,32.8949,34.9722,34.4481,89.0631,14.599
840,57.3482,99.5661,44.7079,43.9229,35.4197,86.6212,14.357
870,56.2028,100.028,43.3162,45.3197,35.9597,83.874,13.7652
900,54.3137,101.906,46.1515,45.5114,35.7393,77.9981,13.6191
930,55.4432,95.4319,45.9952,44.9927,36.0131,75.9512,13.5606
960,56.5652,98.3696,44.4828,43.9063,36.9145,74.7805,13.8837
990,60.1507,98.9486,59.5282,44.9719,37.6346,73.8739,13.696
1020,60.7642,95.0303,57.5607,44.3003,37.1032,69.782,13.1139
1050,58.1041,95.1235,59.2084,44.9284,37.9092,66.6921,13.3534
1080,58.4901,80.7412,51.5743,37.1386,36.7798,62.5138,13.1752
1110,61.6211,88.5463,55.1286,37.9613,37.4178,59.1873,14.0195
1140,61.8071,88.0938,54.7173,37.3662,37.8887,58.3497,14.8155
1170,61.2425,88.0949,55.8406,37.3449,37.3961,56.2701,14.044
1200,58.8839,91.1732,54.999,38.191,38.2369,49.3482,14.8261
1230,73.5878,109.064,67.2077,38.8643,37.3623,45.703,17.5886
1260,64.8492,94.9983,57.1554,38.0604,37.5596,44.6045,17.8432
1290,63.8043,98.9867,58.0135,38.2718,38.5988,42.9496,18.2553
1320,64.0235,94.167,57.2789,38.2165,37.8612,41.8192,17.7059
1350,62.3847,98.9297,56.4033,38.073,37.2358,43.7056,17.7578
1380,63.848,96.8508,55.3344,37.723,38.0169,39.5452,17.7539
1410,63.4859,98.658,55.6495,37.7067,38.4255,43.4901,17.6388
1440,61.7348,94.4424,55.1608,37.9619,38.0452,41.5053,17.3467
1470,63.553,96.0794,57.4082,36.9554,38.0346,44.4018,17.7295
1500,62.3437,97.6392,58.2034,36.8393,37.5684,44.2057,18.0549
1530,74.8769,113.315,67.8606,37.9462,37.8672,46.0414,19.2839
1560,74.6015,114.56,68.0386,38.1781,36.8748,45.2176,18.67
1590,74.3485,111.699,67.8171,37.9199,36.9272,41.8511,18.818
1620,73.7908,114.299,68.1547,38.5247,38.5047,44.7087,19.312
1650,74.0515,113.85,68.1124,37.4506,36.6528,42.2356,18.8719
1680,72.6851,111.283,70.4257,38.4833,37.7341,46.2625,18.9223
1710,72.4333,110.137,70.2005,37.1953,38.6856,44.3324,19.0816
1740,74.8442,113.655,68.206,38.3704,38.182,44.4827,18.8703
1770,74.6336,113.687,69.2883,37.4223,36.5786,45.1888,18.8451
1800,72.1504,112.634,67.3137,38.3268,37.577,42.6891,19.0435
1830,72.3596,109.432,69.4975,36.94,37.1818,45.2319,19.336
1860,71.9166,114.52,68.8563,38.251,36.8517,42.2863,19.2705
1890,74.8117,112.853,67.1524,38.7281,37.0139,43.1646,19.0006
1920,72.9111,110.872,67.6145,38.0991,36.0514,42.7831,18.9627
1950,72.8233,113.722,68.8179,37.1277,35.352,46.8195,18.5787
1980,72.3334,112.029,69.513,36.7983,37.3296,45.8238,18.9305
2010,77.2001,119.357,72.5173,38.3783,36.7615,43.1647,19.6768
2040,78.4882,117.08,72.9252,36.7513,37.0878,44.2788,19.8021
2070,77.0398,120.129,71.8526,37.477,35.2672,43.9897,19.1298
2100,77.8331,115.61,72.4802,36.8977,36.4974,44.4331,19.0912
2130,78.7535,119.065,74.8028,37.3832,35.5738,42.6183,19.8754
2160,77.5946,117.65,75.0165,36.9666,37.5187,42.3367,19.2214
2190,77.1839,115.726,73.8565,37.7511,35.2741,45.5062,19.6372
2220,76.3013,120.208,74.4109,38.7662,37.2415,42.7548,19.7272
2250,76.0009,115.379,71.9879,37.2492,35.5548,43.2715,19.5673
2280,78.2366,116.277,74.2732,38.1804,37.4982,46.8336,18.9194
2310,79.0185,118.516,73.2258,36.8631,36.3939,46.0365,19.6951
2340,76.3716,118.457,74.0268,36.9845,38.0057,46.7127,19.8496
2370,78.8543,115.578,72.2077,36.7542,36.0691,45.4804,19.8688
2400,78.0305,117.629,73.7235,37.2724,36.3807,43.5174,19.0832
2430,76.7244,119.105,72.4178,38.7415,36.5763,45.5414,18.9721
2460,78.2568,117.328,72.2179,38.039,35.4327,44.8001,18.9967
2490,76.6642,119.011,71.9458,37.831,36.463,44.4559,19.6667
2520,78.5716,118.453,72.5767,37.9132,36.5355,45.6258,20.1354
2550,77.7632,123.04,75.472,38.8623,35.7809,42.396,19.9127
2580,80.9349,119.133,73.5998,37.1214,36.9739,43.5656,19.7916
2610,79.6512,120.031,72.8522,38.329,36.1326,44.5461,19.6735
2640,79.9032,120.613,72.5668,37.4917,37.5391,43.6162,20.0326
2670,80.0522,118.678,75.3003,38.3339,37.5108,44.3291,19.8451
2700,77.808,121.905,75.429,37.6364,36.0533,42.3026,19.3952
2730,79.3837,118.52,75.7326,38.2841,36.7208,43.1006,19.5347
2760,80.7853,118.984,74.9182,38.288,38.2398,44.7967,19.8334
2790,78.028,119.739,73.7811,38.4905,36.5139,44.3384,19.4206
2820,79.5514,119.42,74.8149,37.0633,36.611,43.9332,20.1023
2850,80.2319,119.423,74.7858,37.6566,37.3875,45.8278,19.8064
2880,81.1006,120.318,73.827,38.7481,36.9979,44.8216,19.7451
2910,78.461,122.727,73.9979,37.5114,37.3682,44.9887,19.4745
2940,78.0906,119.119,74.3943,37.7938,37.6358,43.9497,19.8558
2970,78.193,123.049,73.1268,38.5442,37.4425,43.9849,20.0065
3000,78.9293,121.544,75.32,38.4571,35.8877,43.3726,20.0266
3030,78.5003,121.01,73.4347,38.8382,36.416,42.7549,19.7558
3060,81.2868,120.809,76.2106,38.7762,35.5411,44.1379,19.7612
3090,79.0332,120.347,73.6953,39.3263,35.914,45.7152,19.9144
3120,79.1106,120.053,73.8876,38.8321,36.3975,44.6396,20.1042
3150,78.5767,121.157,75.0392,38.0501,36.1828,46.2861,19.5787
3180,78.4715,121.921,76.4907,38.3379,35.131,45.263,19.2291
3210,79.9587,118.693,73.8948,37.3379,37.462,42.2452,19.5078
3240,77.7099,122.632,75.472,39.3008,35.4001,44.1578,18.5983
3270,78.5459,119.552,75.9359,37.3234,37.3834,43.8586,17.9589
3300,76.6156,119.69,75.5161,38.1059,36.8346,47.3016,17.9076
3330,77.2275,123.176,75.1513,38.1942,36.4955,47.5566,17.294
3360,74.8382,118.882,73.9348,38.1193,36.6771,51.2671,17.0999
3390,75.2098,122.017,73.7149,37.4505,35.9307,50.3161,17.7801
3420,77.0554,118.62,73.8626,38.0276,37.3135,54.7313,17.4541
3450,77.3243,121.299,76.3943,38.748,36.4005,56.8036,17.8172
3480,75.9334,120.084,74.0984,38.7097,35.0292,57.4793,17.3823
3510,76.9102,124.473,75.9323,37.4411,36.8708,59.6943,16.2625
3540,62.4027,95.2355,60.9652,38.3025,35.5152,61.6291,17.3248
3570,60.1374,99.395,60.983,38.8008,36.1297,61.3544,17.5325
3600,63.7239,99.0845,60.3223,37.2735,34.9183,62.5168,18.0136
3630,62.1303,94.7603,62.1977,38.6585,37.818,66.1483,18.3661
3660,62.2156,97.3033,59.9505,37.4027,35.1845,63.6937,18.047
3690,63.619,97.9853,61.774,38.4115,35.8369,66.643,18.5136
3720,63.8282,98.4462,59.7034,37.9441,35.8402,67.7939,18.5621
3750,65.4744,95.4631,62.0275,38.809,36.18,71.1236,18.4954
3780,64.0051,99.2088,59.8408,38.1787,35.5178,72.8639,18.855
3810,62.7285,96.8059,59.1754,37.8708,36.8984,74.28,18.5777
3840,60.884,94.901,58.3531,37.588,37.0227,75.5665,15.4791
3870,60.3277,92.7424,56.6909,37.4416,36.2079,76.5968,15.7278
3900,62.3841,94.0103,56.5809,39.0985,37.5538,78.7065,15.0993
3930,60.7634,93.5264,57.3953,37.2813,37.8807,79.9474,15.2678
3960,62.6257,95.7635,57.5452,37.7343,37.5122,84.7064,15.9397
3990,61.0886,95.0555,56.176,38.2497,36.0814,85.4222,15.2855
4020,63.5608,92.1594,56.4636,39.2805,35.3706,89.3505,15.25
4050,60.4212,92.4864,57.0056,37.22,35.9497,85.8772,16.0351
4080,62.1256,94.0278,56.9653,37.9606,37.035,85.9299,15.8488
4110,62.7938,91.9898,57.1149,37.8288,36.3154,87.3088,15.6542
4140,62.6865,93.9184,58.0374,38.7359,35.6538,89.0755,15.2917
4170,63.2229,91.4222,57.0563,37.3922,36.6917,85.3068,15.3782
4200,60.6909,92.3484,58.5111,38.5697,36.5515,86.9294,16.0769
4230,60.7959,94.3422,57.2583,38.8336,36.2366,86.6049,15.948
4260,61.8123,95.3204,58.2186,38.4828,36.0974,88.8973,15.385
4290,62.3869,91.1267,57.6509,37.9406,36.4587,88.21,15.8188
4320,63.0844,92.4981,57.5077,37.2862,36.4161,85.436,15.5311
4350,61.973,92.7598,56.9112,38.587,35.9171,87.5479,15.8028
4380,61.7614,91.3197,57.3164,39.0779,35.8549,85.9272,15.3391
4410,61.0594,93.8973,58.3431,39.0019,35.2206,87.807,16.0579
4440,55.9999,85.8108,50.3474,39.1862,36.1335,86.8399,13.2832
4470,58.5141,96.9816,62.0794,44.918,35.6477,87.4811,13.596
4500,61.7199,98.3058,60.445,43.6982,35.7127,87.4444,13.242
4530,60.6132,94.5652,59.0877,44.1391,36.5202,87.0533,13.0685
4560,61.8938,96.3754,58.7673,44.2027,36.3099,88.7513,13.1388
4590,59.5702,97.816,62.0329,43.5293,35.7735,85.0173,13.8638
4620,60.6869,95.4354,59.1798,43.9189,37.4481,84.1676,13.2758
4650,62.2757,97.6899,61.3005,43.6645,35.5424,82.8206,13.0905
4680,61.8256,95.7046,60.7512,43.7818,36.5158,83.396,13.7376
4710,60.034,96.0062,61.9682,44.0463,37.4203,82.6651,13.1921
4740,59.7159,96.1497,60.6654,43.2376,34.9287,82.9029,13.855
4770,62.7326,94.3569,59.0966,43.9531,35.7493,83.5268,13.9058
4800,62.336,94.2298,59.4568,44.4201,36.4979,82.8527,13.5666
4830,59.8685,95.3023,58.6811,45.3464,35.0025,82.2242,13.0419
4860,62.1048,97.8856,59.0796,45.0146,37.0393,84.6466,13.8554
4890,61.4941,98.2383,59.5467,45.0241,36.2949,84.9052,13.0727
4920,62.3289,99.0674,61.027,43.7283,35.6792,85.2949,13.7388
4950,60.6818,98.8562,61.5745,43.8437,35.966,83.0696,13.6393
