Time,FC,PAS,PAM,PAD,temp,SpO2,FR
-1,92,179,127,100,36.9791,97,18
0,101.2,196.9,139.7,100,36.4614,97,19.8
30,100.88,199.602,142.3,100,35.9437,97,20.0744
60,99.0617,200.717,137.457,100,35.426,97,19.9724
90,102.348,201.438,138.345,100,34.9083,97,19.6004
120,100.214,195.711,136.442,100,34.3906,97,19.4263
150,98.7547,193.384,140.246,100,33.8729,97,20.2343
180,103.303,193.098,141.196,100,33.3552,97,19.8175
210,101.539,196.75,139.046,100,32.8375,97,19.7894
240,100.796,196.369,139.359,100,32.3197,97,19.404
270,98.7943,200.917,139.548,100,31.802,97,19.4853
300,99.5744,193.78,138.471,100,31.2843,97,19.3061
330,102.19,193.913,137.003,100,30.7666,97,19.821
360,113.582,197.417,149.956,100,30.2489,97,20.022
390,113.054,199.043,151.105,100,29.7312,97,20.0715
420,110.783,196.579,154.68,100,30.6398,97,20.146
450,109.89,191.105,152.049,99.4523,30.9142,97.0383,19.8291
480,103.179,193.004,145.019,99.401,32.8652,97.7261,19.7208
510,103.378,196.87,142.163,98.6659,33.3599,97.8457,19.2196
540,99.1772,198.833,144.251,98.2884,34.0394,96.4408,19.3407
570,101.723,162.758,107.095,78.4222,35.7183,93.6547,18.9749
600,98.8087,163.226,110.956,79.0152,35.6892,92.1942,19.1937
630,97.4249,155.02,108.877,81.6724,36.186,89.848,17.7675
660,98.5617,154.353,109.404,81.1866,36.1061,86.0958,17.2565
690,94.6112,162.602,108.969,79.0329,37.8856,87.6351,17.3705
720,88.9956,146.03,92.6782,72.665,37.6674,82.3257,16.9678
750,75.4425,145.148,64.3149,67.1486,36.8584,78.6293,17.2497
780,77.3921,134.507,61.704,67.5784,35.6855,92.236,16.3591
810,74.0061,133.722,61.2614,67.4879,37.5314,90.4466,15.5867
840,72.2744,131.376,92.8663,67.7774,37.2632,89.4512,15.1695
870,71.434,134.941,94.9324,66.2248,37.5773,89.1866,15.4394
900,73.8478,171.998,90.0181,69.4146,36.9139,86.6739,14.6951
930,72.5148,169.296,94.8941,68.5164,36.525,81.0481,14.3663
960,72.0298,164.841,93.7076,86.133,36.4502,85.7049,14.2133
990,78.2167,169.057,118.941,87.8805,37.5085,80.4486,13.8631
1020,75.7629,168.547,119.763,86.9965,37.3455,79.1626,14.3424
1050,76.0542,169.688,121.861,87.0791,35.7042,78.2689,13.931
1080,75.4974,160.996,101.445,79.1136,37.5186,73.5113,13.9759
1110,78.1411,164.604,114.961,72.9258,36.6841,71.8145,15.7311
1140,80.0233,158.369,110.418,74.9379,37.6296,69.813,15.8972
1170,78.1267,153.558,111.582,73.7111,37.4224,68.6031,15.9421
1200,80.0517,160.672,115.398,73.652,36.4619,66.493,15.7818
1230,95.8641,188.486,140.765,72.7037,36.5496,65.0679,18.8286
1260,84.238,156.31,134.131,74.2881,36.2188,60.8623,19.1068
1290,82.1367,154.654,134.077,73.837,37.1445,58.2632,18.8995
1320,82.3685,151.359,132.689,75.2661,36.3116,59.2543,19.3458
1350,83.5301,152.239,134.099,72.5758,37.3307,58.2442,18.8381
1380,82.7116,150.344,133.237,74.7783,35.9854,57.7481,19.1243
1410,83.7261,157.71,134.372,73.0365,36.3743,62.2128,19.253
1440,82.6753,149.864,131.638,75.0004,37.3951,62.3157,19.3806
1470,81.91,152.042,134.13,74.8046,37.2105,64.2182,18.9189
1500,81.8808,153.988,134.464,74.1327,36.4879,64.9716,18.8497
1530,94.7064,189.539,145.731,73.7575,36.9498,60.464,20.2765
1560,98.2053,185.835,144.228,72.6556,36.9567,64.6251,20.3506
1590,98.2041,188.34,144.406,75.2905,38.6515,60.7218,19.9082
1620,96.7552,190.288,146.281,72.6811,36.1486,61.9542,19.8983
1650,96.0255,187.872,145.668,73.8369,36.9374,64.5244,20.2162
1680,98.0622,190.035,146.047,72.9425,36.775,63.8685,20.2142
1710,94.8685,189.033,144.263,75.7631,37.0401,65.0901,20.1623
1740,95.2214,185.442,145.746,72.9179,38.0466,61.5543,20.0477
1770,96.1233,186.621,146.723,75.6817,37.6149,61.9053,20.5637
1800,95.9305,187.806,148.65,75.4932,38.0653,61.6597,19.9192
1830,96.2271,184.705,148.743,73.068,37.5756,63.1496,20.4345
1860,95.5407,189.547,147.803,72.6182,37.8587,61.9776,20.7053
1890,96.4473,188.944,147.92,73.7645,35.4884,61.3684,20.3261
1920,97.407,182.32,145.262,74.9073,37.0965,64.1458,20.7558
1950,97.8557,187.348,144.401,73.3595,37.101,64.9648,20.4742
1980,96.7607,187.384,147.612,72.6429,37.8388,65.5156,20.7505
2010,103.75,201.888,150.649,76.0175,37.2908,62.9097,21.0297
2040,102.494,201.759,149.306,72.556,36.9075,60.8858,21.5433
2070,102.24,196.907,150.259,75.5998,36.7568,63.1792,20.9283
2100,103.648,197.314,150.985,73.4102,36.0298,61.9226,21.491
2130,101.11,200.211,153.831,75.7519,37.4595,62.2765,21.0559
2160,100.887,198.826,151.658,73.4759,36.2762,62.1778,21.1594
2190,103.411,200.077,151.136,74.2433,37.8692,64.6451,21.0089
2220,101.096,197.074,152.617,73.5038,37.6456,61.934,21.2489
2250,102.503,196.558,151.921,74.142,37.353,65.1991,21.1098
2280,101.629,199.056,153.347,74.0022,36.83,65.5769,21.2042
2310,103.186,198.94,149.427,73.4981,37.1581,64.1455,21.0308
2340,100.991,198.635,152.892,74.8481,37.164,62.3184,21.3072
2370,100.94,202.811,149.925,74.4139,36.4221,61.0351,21.5157
2400,102.788,202.683,151.029,74.1833,37.3096,61.2512,21.1542
2430,103.855,197.202,153.658,72.7746,36.0675,63.3603,20.8251
2460,104.393,197.663,153.573,73.1408,35.5145,65.2914,20.9065
2490,100.705,196.626,153.447,75.2331,36.8593,64.2215,21.3414
2520,105.125,200.09,152.534,74.8936,36.3255,61.8702,21.1357
2550,104.385,199.883,153.33,74.8518,37.6391,64.853,21.3821
2580,102.896,205.007,155.415,73.8507,37.6122,64.0393,21.6604
2610,105.555,203.386,154.593,72.6301,36.0448,64.8369,20.9527
2640,103.932,199.934,155.291,75.8971,37.3162,61.7618,21.7425
2670,102.33,204.144,154.549,74.9424,36.5319,61.8859,21.4881
2700,103.595,207.48,151.484,76.1323,37.368,64.8535,21.3248
2730,104.842,203.043,154.305,74.6405,36.951,64.0098,21.0628
2760,106.758,202.602,151.816,75.8611,36.0237,64.9532,21.2326
2790,109.321,203.153,151.481,73.9264,36.9896,61.1847,20.9227
2820,107.572,200.529,151.282,75.9646,37.92,62.8548,20.9679
2850,108.671,207.853,155.015,72.7481,36.0244,62.2374,21.6628
2880,111.307,203.206,155.53,72.8026,37.1328,63.2112,21.4491
2910,109.524,204.582,151.349,72.4569,36.3088,61.1273,20.9754
2940,110.964,200.778,151.367,72.8317,37.1042,61.8355,21.1297
2970,112.647,207.771,153.254,75.586,36.1217,64.1855,20.8866
3000,112.118,204.408,151.807,75.5155,35.7847,62.9577,21.0877
3030,113.453,204.589,152.563,72.4462,36.1079,61.395,21.6406
3060,114.49,202.027,156.584,73.7617,35.9056,63.8579,20.9673
3090,113.244,200.914,156.28,73.6332,36.8071,62.4011,21.606
3120,113.423,204.62,154.428,73.2066,34.6017,62.9811,21.5396
3150,115.233,206.702,152.613,72.7899,35.147,65.4491,22.0996
3180,115.452,208.558,155.661,73.01,35.3533,62.0707,22.2801
3210,115.062,202.088,154.207,72.7574,37.349,65.1,23.3015
3240,114.565,204.583,151.957,73.7576,36.2474,63.7826,23.8204
3270,114.408,207.914,152.204,73.3858,34.9132,64.0959,24.0223
3300,117.466,204.322,157.035,72.8047,36.2494,62.1238,23.9628
3330,114.816,206.84,153.892,72.9673,35.7982,65.5643,24.875
3360,115.246,209.262,152.935,73.2378,36.7159,60.1695,24.6849
3390,113.955,202.505,157.563,75.8722,35.9429,60.8214,24.0987
3420,114.751,204.815,153.625,76.0787,36.4527,57.0521,24.6556
3450,110.441,204.282,152.316,75.7468,37.2918,57.7944,23.9306
3480,112.615,206.527,154.396,74.8354,36.0734,54.6897,24.0689
3510,115.383,205.881,156.878,76.7281,36.3012,52.9683,24.4257
3540,91.7091,166.789,124.205,74.7352,37.067,52.5965,23.3079
3570,87.5799,166.746,125.347,75.5213,35.4744,53.6437,23.024
3600,90.4221,165.837,125.236,74.4377,37.4541,49.433,22.6935
3630,85.7451,164.141,123.308,75.9707,36.0123,48.6221,21.9271
3660,88.2689,171.777,124.334,75.8922,37.1193,50.783,21.805
3690,84.8738,167.487,122.206,75.4193,35.837,52.1102,21.3812
3720,85.0301,168.289,126.717,73.413,35.7565,51.2764,21.2221
3750,85.1313,171.003,122.329,75.8626,36.2739,53.6735,21.0209
3780,86.2067,166.956,126.589,73.7728,36.2246,53.8473,21.3203
3810,84.307,171.144,122.136,76.4214,36.1735,53.5295,21.0336
3840,80.9185,160.325,117.075,73.1643,37.3072,54.1487,15.453
3870,81.5081,161.986,119.667,73.4309,36.1138,54.1459,16.187
3900,78.7173,158.62,115.57,74.3807,37.5754,57.6651,15.4513
3930,81.3525,156.856,120.477,75.4818,35.2861,58.2468,15.9328
3960,82.2249,157.918,118.72,75.5225,34.5736,58.1836,16.0158
3990,81.6543,160.384,119.632,73.2747,34.7531,60.0341,15.4842
4020,80.05,164.647,117.688,74.2473,36.3912,58.0613,15.7509
4050,80.1593,158.781,115.34,74.7952,37.3018,57.26,15.894
4080,78.837,161.876,116.298,73.3547,37.363,61.4351,15.7962
4110,80.0442,160.857,118.024,74.8349,36.3063,61.1836,16.24
4140,80.2233,164.642,116.599,73.6697,36.0568,63.3906,15.9808
4170,82.2111,161.076,115.776,75.3293,35.4364,63.6699,15.8056
4200,81.8004,159.063,118.201,75.0608,35.2709,69.8408,15.8585
4230,81.9097,160.135,120.705,74.7264,36.9349,69.2382,15.5973
4260,80.6262,161.438,117.355,76.1519,36.4415,71.8703,15.4372
4290,80.5313,160.902,118.785,76.5551,37.0231,73.6758,15.7683
4320,78.9195,163.768,120.47,74.1342,36.2967,77.9672,16.2301
4350,79.9306,162.696,117.24,73.798,36.1968,78.3924,16.0476
4380,79.8848,162.93,118.186,75.0457,37.4443,81.3311,15.5123
4410,80.6482,157.87,115.417,73.7225,36.831,83.6847,16.2767
4440,70.8647,142.153,103.778,74.6685,35.1604,82.5368,13.4193
4470,77.0243,151.864,123.521,79.1864,35.612,84.5961,13.4288
4500,77.9845,156.601,119.773,87.7235,36.2143,84.995,13.4597
4530,81.5926,169.726,123.664,88.2104,35.7111,84.8884,13.2531
4560,81.7455,162.968,123.755,86.2139,35.0215,85.705,13.5864
4590,81.5983,169.488,123.779,86.1594,35.8128,81.6356,12.9122
4620,81.7285,163.853,123.376,85.697,37.3365,81.224,13.5367
4650,80.1087,168.947,122.373,88.061,35.711,78.2786,12.9581
4680,80.1024,163.898,121.449,87.4729,36.0514,79.3234,13.0855
4710,79.201,165.774,122.168,86.6166,35.6448,79.4505,12.8056
4740,81.0663,165.395,119.733,87.6515,34.6343,79.2809,13.3186
4770,81.4192,163.595,120.784,85.364,36.7647,78.1335,12.9456
4800,81.3077,168.627,123.218,85.9425,35.3903,79.534,13.2896
4830,80.7851,163.736,124.121,87.9745,36.737,80.5748,13.2896
4860,81.3651,170.359,120.001,88.3922,35.8134,79.0408,13.6073
4890,81.4489,169.229,124.277,86.8816,35.7392,79.959,13.0777
4920,81.9216,166.054,121.801,85.801,35.9747,80.4464,13.2085
4950,78.9478,168.262,119.965,85.0991,36.5915,79.571,12.8404
4980,81.7183,168.992,123.907,88.7285,36.0439,81.0001,13.1466
5010,78.6282,169.47,123.612,87.5081,35.516,81.4441,12.8692
5040,81.5478,167.709,121.104,87.6472,35.059,74.6375,13.229
