Time,FC,PAS,PAM,PAD,temp,SpO2,FR
-1,105,148,108,86,37.0615,97,18
0,115.5,162.8,118.8,86,36.5427,97,19.8
30,116.794,164.986,117.811,86,36.0238,97,19.9254
60,113.126,163.561,117.497,86,35.505,97,19.5165
90,117.405,163.916,117.418,86,34.9861,97,19.9889
120,114.711,159.208,119.589,86,34.4672,97,19.347
150,117.606,166.781,115.959,86,33.9484,97,19.4683
180,114.956,161.012,121.369,86,33.4295,97,20.0954
210,114.726,163.631,118.164,86,32.9107,97,20.2543
240,117.569,166.481,119.376,86,32.3918,97,19.7569
270,117.328,159.858,118.884,86,31.8729,97,19.7419
300,115.452,162.354,118.392,86,31.3541,97,20.2807
330,116.519,161.187,117.415,86,30.8352,97,20.0772
360,126.629,162.036,129.847,86,30.3164,97,19.8053
390,128.66,166.138,130.295,86,29.7975,97,19.5363
420,128.969,165.676,118.035,86,30.0745,97,20.2452
450,128.712,165.204,118.182,86,30.3515,97,19.594
480,113.704,166.744,119.351,86,30.6286,100,19.8946
510,115.32,160.651,115.865,86,30.9056,98.6809,19.7054
540,111.247,131.227,92.6732,68.8,30.8735,96.525,19.2295
570,109.998,132.642,97.9542,68.8,31.1506,92.5737,17.9867
600,109.962,133.456,98.5481,68.9119,30.7326,91.1721,18.3315
630,109.225,129.995,96.7423,70.1131,31.0176,92.3018,17.9963
660,102.804,122.499,79.218,64.1107,31.6198,86.6236,16.9666
690,89.7986,108.898,50.5549,59.7706,31.6675,84.9876,16.3292
720,88.8511,110.249,54.1863,57.6046,33.1756,94.999,16.8084
750,87.9035,113.146,50.8471,59.6237,32.2938,94.5934,16.2916
780,86.956,113.107,53.3165,57.5935,32.7543,90.3237,15.6033
810,86.0085,112.128,75.7475,58.8347,33.6758,87.5465,15.5309
840,85.0609,109.201,76.7395,59.9781,33.9528,87.1327,15.0726
870,85.0609,146.5,76.1406,58.646,34.2298,86.6824,15.0145
900,83.5772,144.24,74.1059,59.0257,34.5068,87.1321,15.3938
930,92.5121,142.038,99.1386,75.483,34.7838,84.135,15.0947
960,92.317,144.993,98.5716,75.5012,35.0609,82.8566,15.2006
990,89.3875,142.465,100.425,74.1635,35.3379,80.3214,15.0231
1020,88.086,133.418,82.9036,69.6217,35.6149,76.7007,14.8019
1050,93.9801,133.974,93.5886,64.371,35.8919,76.2991,16.4285
1080,94.215,133.824,92.1227,63.1786,36.1689,76.37,16.5432
1110,92.263,136.149,91.8364,65.6892,36.446,71.5076,16.596
1140,92.184,135.16,94.346,64.0127,36.723,71.4057,16.2083
1170,94.0302,134.736,95.7453,65.8032,37,70.4858,17.012
1200,90.8702,136.239,94.0043,64.8458,37,65.6155,17.0346
1230,86.0052,119.821,87.4963,63.6363,36.5632,66.2471,15.4803
1260,85.0781,121.694,87.7034,65.1412,37.4782,63.0755,15.1463
1290,82.611,120.536,86.6815,65.7339,36.689,62.7508,15.2188
1320,85.5929,121.184,84.8156,64.8063,36.9152,63.8825,15.4806
1350,106.665,154.758,109.608,63.2141,36.6979,62.3858,19.6897
1380,109.126,158.878,108.874,64.1072,36.8583,62.1285,19.5436
1410,106.993,156.742,110.366,64.4026,37.6014,62.4824,19.7689
1440,106.866,157.007,111.986,63.0911,37.907,62.3974,19.9553
1470,108.337,154.078,110.32,64.5466,36.4995,64.1192,19.9206
1500,108.949,158.958,108.61,63.3625,37.6668,62.6883,19.8468
1530,107.515,154.964,111.517,64.2592,37.4603,62.9354,20.1493
1560,108.999,155.994,110.284,65.0494,37.8941,63.2378,20.017
1590,111.044,156.183,110.579,64.1232,36.9765,64.9764,20.1513
1620,109.72,157.975,111.121,63.7087,37.3644,64.3271,19.7457
1650,108.915,158.634,108.513,65.3782,36.2478,64.5764,19.6423
1680,110.362,153.921,109.596,64.1116,36.861,64.55,19.5214
1710,108.151,154.238,112.322,64.015,37.0301,63.9531,20.0164
1740,106.081,156.456,111.642,65.0122,36.5264,63.9339,19.4098
1770,110.867,154.699,110.24,64.3567,36.1592,64.0573,19.667
1800,106.763,155.229,111.076,65.7833,36.6046,65.2323,19.7076
1830,109.691,157.605,110.64,63.2268,37.5065,64.122,19.789
1860,107.547,159.228,109.671,63.7466,36.9459,63.1123,19.4194
1890,109.71,156.825,108.465,64.8196,37.3996,64.0277,19.5253
1920,109.949,158.961,110.44,65.5428,36.4457,63.2371,20.0707
1950,118.285,169.401,119.774,63.4547,37.5239,64.921,21.4829
1980,118.655,170.66,122.015,65.3955,36.6425,63.1877,21.3527
2010,119.773,170.154,119.296,64.3325,37.5146,63.2969,21.3552
2040,118.334,172.403,119.886,63.6335,37.1365,64.8675,21.3613
2070,119.756,174.114,118.782,63.6425,36.1458,63.6308,21.5884
2100,119.998,169.582,121.815,63.9991,36.8961,64.3472,21.4167
2130,119.636,172.864,120.173,64.4394,37.8254,64.1898,21.2587
2160,119.511,172.758,119.328,63.5285,36.6967,64.0335,21.6048
2190,120.45,170.348,121.243,64.9036,36.463,64.5304,21.9559
2220,117.064,174.239,120.284,63.0726,36.248,63.2879,21.5819
2250,118.545,173.084,121.42,63.7238,36.9603,62.9779,21.8588
2280,117.978,172.058,122.067,63.3215,36.5814,65.3685,21.5256
2310,118.915,171.448,122.137,64.414,37.4165,64.072,21.3972
2340,120.578,169.693,119.245,63.4104,36.2852,64.2266,21.4325
2370,116.855,172.819,121.506,65.0782,36.9454,63.7937,21.2664
2400,120.651,171.189,122.108,63.9851,37.9022,64.5585,21.6415
2430,117.143,172.6,122.336,65.4616,36.3243,64.7411,21.5387
2460,87.9294,123.832,89.1366,65.2337,36.7643,64.7131,16.1064
2490,86.0175,124.109,87.6296,64.9258,37.9041,65.1747,15.6969
2520,85.8893,124.172,88.6023,64.0879,37.3792,63.6268,15.9615
2550,87.0839,127.967,87.9777,65.7143,37.2764,63.3841,15.9942
2580,87.542,127.835,87.5974,64.7847,36.4136,64.8938,15.7006
2610,86.3727,125.574,88.4045,62.9904,37.5956,64.4653,15.9217
2640,87.6876,125.646,87.38,63.6815,37.641,64.4336,15.8844
2670,86.3615,127.693,88.6163,63.6049,37.7509,64.8081,15.5232
2700,86.3811,127.982,86.8297,63.8831,37.8035,63.4814,16.1124
2730,84.1404,122.87,88.4371,64.8711,37.1806,64.9596,15.9078
2760,85.6865,125.174,88.5271,63.5634,36.1302,64.3875,15.7514
2790,93.4364,131.624,92.9455,64.1462,36.3718,64.4995,16.8762
2820,89.3022,132.692,95.7825,64.7238,36.8262,65.1426,17.0933
2850,90.7045,131.191,96.0645,64.2356,36.4582,63.7871,16.4656
2880,93.0704,131.461,95.6414,63.54,37.32,63.5832,16.7119
2910,92.5487,135.271,96.1299,64.5912,36.3059,63.2374,16.372
2940,90.4121,134.758,94.9798,63.9131,36.4916,64.2701,17.101
2970,92.1825,132.922,96.0218,65.7608,37.2208,65.0807,16.6914
3000,93.1816,131.726,94.4839,64.7467,36.9106,63.8802,17.0121
3030,89.6007,134.158,93.4639,65.3312,37.1544,63.5548,16.6726
3060,92.5765,132.684,93.8725,65.82,36.4892,63.1007,16.6246
3090,91.2506,133.955,93.4725,63.105,36.2999,63.4939,16.4046
3120,92.7436,131.083,94.1517,64.5564,36.7841,62.9681,16.5155
3150,93.2249,132.808,92.3957,65.725,36.3295,63.7807,17.1419
3180,92.9797,134.321,94.8069,63.4424,36.8672,63.0236,17.6381
3210,91.1052,131.931,95.0469,65.1353,37.4337,63.7493,17.5377
3240,93.1165,132.958,93.5215,65.4394,36.4712,64.0191,18.1882
3270,91.6877,134.65,95.6396,64.017,37.881,64.8072,18.5371
3300,93.5107,130.511,94.7949,65.7502,36.805,66.4104,18.5815
3330,89.7084,133.742,92.6589,63.1626,36.4825,67.6581,18.3293
3360,94.2875,131.987,92.6722,63.6761,36.7657,70.3264,18.702
3390,85.6616,122.904,87.6712,63.3462,36.3358,70.0377,17.4561
3420,88.4446,132.807,103.097,69.1707,36.7352,70.7578,17.3023
3450,94.5727,140.219,103.207,72.3309,36.3958,69.5094,17.1438
3480,94.5243,142.861,102.887,74.352,36.9887,73.2217,17.8409
3510,96.7111,141.41,103.069,73.8888,36.1421,71.6253,17.1593
3540,94.5584,143.28,100.917,72.9112,36.3914,74.3722,17.2183
3570,96.0851,143.381,100.88,74.9687,37.5542,75.1451,16.8412
3600,98.0768,141.14,104.286,73.0565,37.677,74.4565,16.513
3630,95.5775,143.138,102.924,72.6833,37.8439,73.763,16.24
3660,98.1564,144.742,100.473,72.8796,37.0591,74.0478,16.1605
3690,96.9726,140.707,101.169,73.0117,37.7033,75.5064,15.9509
3720,96.8857,141.745,104.079,74.3476,37.3359,78.6011,16.5143
3750,96.345,142.995,103.446,75.1501,36.4819,76.9524,15.9187
3780,94.8263,144.536,102.895,72.8216,37.4429,79.1122,16.1409
3810,95.2157,139.79,103.209,75.355,36.6061,75.9936,16.0356
