Time,FC,PAS,PAM,PAD,temp,SpO2,FR
-1,64,99,70,54,35.9922,95,18
0,70.4,108.9,77,54,35.4883,95,19.8
30,68.7461,110.017,76.4901,54,34.9844,95,20.2592
60,69.2667,108.561,77.9525,54,34.4806,95,19.4201
90,70.6817,107.475,76.034,54,33.9767,95,19.6846
120,70.5486,111.051,76.5666,54,33.4728,95,19.6487
150,71.189,111.366,75.9777,54,32.9689,95,19.8668
180,70.8852,107.306,76.1283,54,32.465,95,19.4332
210,72.0517,110.255,77.2548,54,31.9611,95,19.7414
240,71.5717,107.003,77.6855,54,31.4572,95,19.3627
270,70.2782,110.07,78.7416,54,30.9533,95,20.034
300,69.3441,106.245,77.7323,54,30.4494,95,20.1637
330,68.6469,110.292,75.3664,54,29.9455,95,19.945
360,76.9233,110.159,84.137,54,29.4416,95,20.2612
390,76.9478,107.723,83.068,54,28.9378,95,19.5933
420,69.1551,110.698,75.1024,54,30.9533,95,19.5954
450,73.0121,107.972,76.0262,53.763,32.6339,93.4759,19.8471
480,70.5089,112.468,78.6409,53.1505,34.9456,94.3979,19.7881
510,71.2761,111.554,78.7443,54.4619,36.6055,99.1155,19.5589
540,68.1557,110.934,77.8909,53.0825,37.7908,98.1173,18.5622
570,69.5731,87.5651,60.4138,42.7773,36.2914,94.2226,19.1004
600,68.5918,89.194,58.0493,42.4159,36.0232,92.166,18.3469
630,66.4673,84.6446,60.9724,42.3928,36.9686,90.7434,18.0227
660,67.7258,83.4656,61.9517,43.579,36.246,91.275,17.4445
690,69.3692,84.4254,62.511,42.1313,36.9764,86.6261,17.1675
720,59.0535,78.8731,55.1278,40.8752,37.0971,85.7032,16.3015
750,56.1602,72.7395,32.4175,36.7428,36.6011,85.8501,16.0134
780,55.3547,72.9117,33.9852,36.1455,36.9279,87.9309,15.432
810,53.4794,71.0909,33.4496,36.924,36.4804,86.9808,15.7528
840,52.5003,77.5175,50.1432,36.8767,37.4668,85.4299,15.5607
870,52.5628,74.8803,47.9662,37.4039,36.9458,84.3072,14.9056
900,51.4628,77.3117,49.2371,48.206,36.6588,81.1248,15.5085
930,53.2274,73.3086,48.2517,46.2726,37.046,80.1166,14.8754
960,52.429,95.2348,48.1994,47.3144,36.453,78.1295,15.036
990,54.1626,94.4147,64.154,47.5981,37.9429,79.2124,14.4653
1020,56.5711,94.7677,65.944,46.833,36.4569,76.6093,14.6362
1050,54.9722,93.8733,64.0151,47.9558,38.4909,72.271,14.681
1080,49.9181,88.1578,60.4014,43.4578,37.5405,73.7983,15.0187
1110,57.2433,87.0718,62.2436,39.6002,36.2464,69.6987,16.4847
1140,57.4356,87.4848,60.932,39.38,37.9293,68.1726,16.4786
1170,54.8954,90.2764,62.6287,38.9497,38.2344,65.4982,16.5299
1200,55.871,86.1955,61.4548,39.5445,36.5619,61.8844,15.9985
1230,68.1892,105.529,74.843,40.2267,38.9219,61.1181,19.8335
1260,59.0982,98.9634,64.7301,40.9414,36.8841,60.6192,19.5784
1290,59.3461,97.9549,63.035,39.2093,37.1873,60.0164,19.6355
1320,61.4973,97.6885,64.1789,39.7884,37.8179,58.335,19.9259
1350,59.5473,97.118,62.9604,39.6658,37.096,55.856,19.591
1380,58.7707,101.656,62.6973,40.0487,36.4277,60.0446,19.9917
1410,58.9144,98.4565,61.6676,39.7008,35.9253,62.6971,19.4157
1440,58.6831,99.7141,63.6609,40.3585,36.7383,61.0331,20.0256
1470,59.0553,101.16,62.505,39.9238,37.3091,63.0503,20.0116
1500,59.0947,97.7435,63.0353,40.8593,36.5431,62.5892,19.6793
1530,70.5964,111.357,76.7866,38.945,38.2685,60.135,20.7428
1560,69.1386,111.601,76.1359,40.8545,35.8679,62.8989,21.0459
1590,68.1187,107.661,76.6995,40.6715,37.5734,62.4998,21.3612
1620,71.5272,107.949,75.9704,39.5054,37.1137,62.9871,20.921
1650,68.7841,110.737,74.6915,39.1617,37.1065,60.0426,21.3609
1680,69.3247,111.642,75.9621,40.0651,36.2804,63.7088,20.8093
1710,69.9677,111.248,76.8858,39.0161,37.4977,63.3215,21.1567
1740,70.8148,109.668,76.5076,39.7037,38.1269,62.3786,20.8487
1770,69.0241,111.806,74.7306,40.6686,36.9352,62.1339,21.4064
1800,69.1178,108.297,74.936,39.8767,37.0605,62.1199,20.9207
1830,68.1542,109.661,74.7995,40.4184,35.7553,60.4642,21.4822
1860,70.2411,107.301,74.6899,40.2557,38.0841,63.1401,21.5175
1890,70.8821,107.55,76.3126,39.5465,36.8156,60.0186,21.4516
1920,69.8982,109.612,74.8308,39.5303,38.2454,62.0109,21.4202
1950,69.2695,111.568,75.534,40.1313,36.5711,61.6772,21.2532
1980,70.7509,111.043,74.6067,39.9423,36.47,61.4754,21.1043
2010,72.9565,113.426,80.9864,40.4831,37.7323,62.249,21.3227
2040,73.8971,117.193,79.5345,39.297,38.2671,59.5693,21.4343
2070,75.3164,115.337,80.909,40.6999,36.0872,61.5978,21.3407
2100,76.1643,116.152,80.2395,40.4298,38.3075,60.1956,22.017
2130,73.1393,117.246,80.3707,40.52,36.9446,63.1615,21.4354
2160,72.8927,113.155,79.634,41.0446,35.8613,60.1521,21.9289
2190,76.1101,117.083,80.3453,39.593,35.348,61.3054,21.3518
2220,75.3357,117.334,81.0321,40.1472,38.4872,61.5143,21.3549
2250,75.7717,112.617,81.1826,40.5502,36.5428,63.8548,21.5394
2280,75.2977,114.055,79.2928,40.7207,37.1147,62.2324,21.845
2310,73.7283,113.358,81.7506,39.9883,36.0953,62.2018,22.0926
2340,73.7507,114.35,80.1623,39.5792,37.326,61.3552,21.4251
2370,72.4966,113.657,81.5142,39.4632,38.0891,62.1413,21.7711
2400,73.1184,116.828,79.7369,40.9603,35.4542,62.2691,21.7829
2430,73.1405,115.495,78.6617,39.8481,37.9756,61.3048,21.5318
2460,72.6701,117.218,80.4581,39.7829,36.605,62.1779,22.0262
2490,73.4496,115.043,78.844,39.2054,36.8756,62.8923,21.7118
2520,75.7042,114.765,81.5584,40.8834,35.2062,61.76,21.7699
2550,75.943,117.072,82.5453,40.3483,35.5834,63.9674,21.7737
2580,73.7666,117.153,82.4609,41.1039,36.4707,63.5851,22.2307
2610,76.5231,114.475,83.4306,39.3069,37.5198,62.7751,21.774
2640,76.7731,115.265,80.7066,38.9541,36.4306,60.9964,22.2084
2670,74.5983,114.956,81.6494,40.187,35.9277,63.6206,21.7105
2700,73.5761,117.821,80.787,40.3159,36.577,61.7064,22.0713
2730,74.0232,117.339,82.9389,40.9156,36.1199,60.4202,21.5428
2760,76.1914,117.018,80.2528,40.9775,35.6645,62.9785,21.8197
2790,75.2784,116.059,83.2672,40.4177,37.4715,63.7549,22.057
2820,75.1215,115.614,80.985,39.6246,36.5782,64.0964,21.804
2850,74.4152,119.196,80.8775,39.8973,36.3029,61.7187,21.5754
2880,76.861,117.748,80.0446,41.1154,37.8878,61.097,21.8459
2910,77.347,116.434,80.2845,40.3614,36.7894,60.8317,21.9574
2940,74.8173,117.879,83.0244,39.7528,36.9112,62.8733,21.9794
2970,77.5291,119.932,80.149,39.0757,36.441,60.1662,21.7519
3000,75.8125,115.754,81.1537,41.1572,37.5984,61.3322,22.2576
3030,79.7974,117.376,82.1105,39.0483,37.1403,62.2436,21.9995
3060,78.5357,117.225,83.6336,40.6205,36.484,60.945,22.3117
3090,80.1532,116.574,80.4797,39.1649,36.4575,61.3413,22.2126
3120,78.9606,118.413,83.3296,39.5407,35.5785,60.972,21.2735
3150,80.3473,118.536,81.4939,39.3628,37.1149,64.6471,21.4586
3180,78.8216,118.748,82.9795,40.3347,35.2881,64.455,20.3187
3210,78.7976,118.066,81.3306,39.2849,36.9732,62.437,19.9367
3240,78.5178,119.227,82.0625,40.34,35.6035,67.1451,20.0707
3270,78.4433,115.546,84.0402,40.9054,35.8158,67.6209,19.2581
3300,78.6451,117.374,83.9382,41.2492,36.3116,65.0077,19.2694
3330,76.6243,116.267,80.6377,41.3055,36.0033,66.0229,18.2695
3360,78.512,117.599,83.2643,41.2798,35.6856,69.7492,18.4157
3390,77.3996,118.589,81.4152,40.8992,35.3034,67.4354,18.0371
3420,75.8347,115.067,83.9819,41.5274,35.5104,71.8563,18.5984
3450,74.4601,119.211,83.0368,39.7462,37.4113,70.2798,18.4998
3480,74.5762,115.421,82.7307,40.3438,36.2906,73.4499,18.6714
3510,73.9874,115.387,82.7287,40.582,34.9273,72.9282,17.9559
3540,59.9634,94.7136,67.5084,41.2386,36.1145,73.8022,18.6062
3570,59.7995,93.3885,65.747,39.4863,35.1959,75.3838,18.6115
3600,60.738,93.7846,68.5404,39.735,36.8881,75.4768,19.2817
3630,61.7723,95.8396,66.5948,41.1834,37.7151,75.2006,19.2475
3660,60.3687,96.6568,65.8752,41.4512,36.0867,78.009,19.8636
3690,62.4266,96.2106,67.5441,41.595,35.2645,76.9514,20.3838
3720,61.4077,93.2322,68.4493,40.1002,36.8281,76.1495,20.3916
3750,59.5914,93.7364,67.2589,39.6659,36.2379,78.391,20.2901
3780,61.7894,94.2307,67.2573,39.4328,35.0055,79.9503,20.675
3810,59.3098,92.4111,69.04,39.9691,35.7859,82.5986,19.8474
3840,58.1879,91.163,64.0935,40.5987,35.399,80.0258,16.5887
3870,58.637,90.8745,64.4033,41.4414,36.8101,82.0322,16.5543
3900,56.7332,92.1856,63.9062,40.0832,36.2492,81.3587,16.5686
3930,59.2139,88.9305,64.7866,39.9923,36.5132,81.3253,16.6035
3960,56.5961,90.6916,65.8938,40.1478,34.6274,82.9969,17.0145
3990,58.6734,87.8266,65.411,39.9843,36.3855,82.4596,16.4453
4020,56.3173,91.6418,64.4614,40.0963,36.991,82.7759,16.8034
4050,56.0919,88.1592,65.7752,41.0696,35.7712,80.2854,17.032
4080,58.7421,92.2515,63.4986,41.2327,35.944,82.9266,17.0002
4110,59.2435,89.2547,63.1187,41.1691,36.5169,84.3521,16.9177
4140,57.442,89.3827,62.9556,39.5475,35.8101,82.9296,16.5256
4170,58.721,89.8016,66.2994,40.2454,35.62,80.9402,16.6572
4200,55.8842,89.386,63.6407,39.4582,36.3392,83.8408,16.4404
4230,56.6399,91.9638,66.1067,41.1068,36.8833,82.1198,17.1161
4260,56.7964,89.8543,62.9196,40.298,35.7476,82.9615,17.0743
4290,56.2567,90.6187,63.8197,40.978,36.5553,80.3919,16.9356
4320,59.1043,89.0037,65.493,39.5665,35.7575,80.9415,16.6579
4350,57.6051,88.1408,63.4508,41.5365,35.5591,84.1358,16.5653
4380,56.233,91.9864,65.2777,39.835,35.989,80.3097,16.8862
4410,59.44,89.1816,64.1797,40.8487,36.7903,81.6749,16.9345
4440,52.8664,78.4558,58.2645,41.5124,35.7187,81.5243,14.21
4470,56.4289,86.7157,60.7099,42.9329,34.6869,82.0755,14.2543
4500,59.3129,91.2327,66.4125,46.7509,36.2357,80.5175,14.4341
4530,59.095,93.0441,65.2534,47.2849,37.054,81.9147,14.7025
4560,58.067,91.6208,67.3603,46.3804,34.932,82.2392,14.4003
4590,57.8996,93.7641,66.9098,47.2206,35.7165,80.2552,14.5784
4620,56.5235,92.3307,65.1988,47.1922,36.4212,76.4595,14.7059
4650,58.4952,91.6248,66.5353,47.2334,37.3292,78.046,14.3152
4680,56.2722,91.3502,67.0054,46.4999,34.9986,79.5493,14.724
4710,58.6,92.3077,66.5101,46.6378,35.8336,76.0951,14.5578
4740,58.6141,91.1482,65.792,47.1146,35.7221,77.8146,14.113
4770,58.0654,95.0076,67.4929,46.3678,36.2091,78.7948,14.8254
4800,57.2242,91.6323,65.8167,47.0458,35.0641,77.7704,14.1215
4830,57.2863,94.922,66.6143,47.4687,35.8431,77.7343,14.0592
4860,58.3245,93.8109,67.0922,45.7312,34.5135,76.3211,14.5919
4890,59.2691,94.8177,68.1092,47.2721,35.4789,78.8147,14.422
4920,58.6907,95.0192,65.0163,45.9107,36.8747,76.7478,14.3254
4950,56.8406,94.5525,65.3562,46.9175,35.1859,78.5248,14.5531
