Time,FC,PAS,PAM,PAD,temp,SpO2,FR
-1,90,184,130,94,36.8324,96,18
0,99,202.4,143,94,36.3167,96,19.8
30,98.7777,206.234,144.742,94,35.8011,96,19.4022
60,101.218,199.149,141.815,94,35.2854,96,20.1483
90,96.5672,206.729,140.992,94,34.7698,96,20.2594
120,100.306,197.958,144.665,94,34.2541,96,19.7816
150,98.4009,206.042,144.199,94,33.7385,96,20.1916
180,99.9949,202.177,144.969,94,33.2228,96,20.1818
210,99.2119,206.747,139.893,94,32.7072,96,19.3869
240,100.133,206.559,139.507,94,32.1915,96,19.9852
270,101.04,207.184,144.767,94,31.6759,96,19.9743
300,97.1602,204.293,143.264,94,31.1602,96,19.8591
330,99.9482,202.331,139.702,94,30.6445,96,19.3249
360,108.275,202.214,160.178,94,30.1289,96,20.1495
390,108.999,198.237,158.865,94,29.6132,96,20.2692
420,97.5118,206.931,146.201,94,29.949,96,19.5602
450,100.582,206.716,147.636,94.94,30.5843,96.96,19.6594
480,100.064,206.859,146.029,93.566,30.5122,98.2051,20.1713
510,98.3374,207.262,141.123,95.651,31.5969,98.5178,19.51
540,99.5496,209.032,141.582,94.2071,31.5358,94.962,19.4277
570,99.1357,160.327,116.918,76.9306,31.6513,93.3639,18.9202
600,97.2488,166.705,113.912,74.124,31.4228,92.2391,18.9703
630,97.9505,163.798,118.251,74.6854,32.1665,89.389,17.9604
660,97.7281,160.775,114.245,76.6703,32.7271,88.8543,17.6447
690,94.9262,166.788,113.772,75.1596,32.6648,86.8861,17.7419
720,90.047,132.686,108.337,70.7175,33.5273,84.3963,16.945
750,76.9593,134.958,64.1595,64.461,34.0393,82.6612,16.5728
780,79.5718,139.861,65.2629,64.0798,34.1575,96.9427,15.7078
810,76.0476,134.625,66.4656,62.1383,35.3319,93.3695,15.8968
840,76.2539,135.118,62.693,62.7993,35.9663,91.7317,15.1878
870,73.6709,138.602,66.6531,64.8442,35.4583,87.5751,14.951
900,74.8395,173.589,67.8122,83.2623,36.6902,84.0037,15.3318
930,77.1683,179.332,68.2842,81.9714,35.9224,85.1427,15.2688
960,77.5888,173.517,90.8907,80.6822,37.0498,86.805,14.8397
990,81.9859,177.45,123.838,84.0187,36.61,82.0328,14.1829
1020,79.8589,168.389,120.654,85.2036,36.6882,80.2048,14.9121
1050,82.7555,171.507,124.072,85.1986,37.9368,81.6776,14.6829
1080,77.0594,149.719,116.159,77.1082,38.3666,79.3947,14.444
1110,81.2917,164.285,117.547,72.0453,39.2018,77.3757,16.0704
1140,79.598,162.478,121.5,70.7827,39.1241,75.8212,16.0542
1170,78.5528,164.066,119.46,67.8299,38.1109,69.828,15.4387
1200,78.8279,163.201,120.516,70.7321,38.6552,69.4224,15.6888
1230,97.7952,191.093,145.574,68.8329,37.6864,70.0378,18.9564
1260,83.0234,169.896,127.763,69.2389,38.364,66.3482,19.764
1290,84.6761,167.234,126.31,69.8246,38.153,62.1049,19.2714
1320,86.3879,164.241,125.396,71.7399,37.4491,62.2611,19.2881
1350,75.0983,145.999,110.299,69.3917,38.6052,63.6884,15.0433
1380,75.6527,144.176,110.172,71.9649,37.4336,64.1707,14.6775
1410,96.0716,182.575,137.634,72.398,38.2838,65.4476,18.8316
1440,106.052,206.035,153.89,71.0583,37.3207,63.5337,20.6131
1470,105.718,211.358,154.043,71.2697,39.0759,65.5758,20.881
1500,108.665,208.134,158.851,69.9068,38.1614,63.8735,21.1329
1530,87.4501,174.874,128.213,68.239,38.9689,65.545,16.8573
1560,87.0595,170.527,127.877,69.6101,37.7663,64.0106,16.8638
1590,86.3208,173.25,128.821,69.4655,37.5084,65.3636,16.8777
1620,85.503,169.866,125.601,71.5173,38.164,66.4693,17.021
1650,71.743,143.667,109.345,70.4531,37.3533,63.0743,14.9139
1680,70.4698,147.488,108.918,70.1756,37.7031,63.7042,14.9308
1710,73.2258,145.266,110.668,72.1201,37.7708,65.4732,14.3195
1740,72.8308,141.43,106.203,70.951,38.318,65.2655,14.5032
1770,71.2296,143.229,108.647,68.851,38.3396,63.9717,14.8305
1800,81.2266,157.694,117.64,71.7701,37.6456,63.5756,15.8691
1830,64.1765,126.523,92.5532,68.9135,37.2962,63.701,15.6793
1860,63.5382,130.606,93.9342,67.9174,37.319,66.5142,16.2146
1890,65.1671,125.793,91.9396,67.9441,38.6109,66.8094,15.7832
1920,63.8601,123.641,91.1617,69.5042,38.2418,65.1153,15.7294
1950,61.1419,129.564,94.8685,70.8456,37.4884,66.5256,16.4
1980,63.2324,122.445,91.0935,72.2455,36.93,64.9537,16.484
2010,61.9182,125.121,95.7224,67.8113,38.3769,66.6834,15.5668
2040,64.4054,129.486,93.0109,68.9491,36.9015,64.3922,16.1282
2070,64.5215,131.324,96.8053,71.1782,38.2547,64.4793,15.8854
2100,61.3148,124.123,92.6336,70.1022,37.5448,64.0996,15.9528
2130,77.2274,158.063,114.091,70.4261,37.2528,63.044,16.3078
2160,75.4987,149.087,115.58,71.1573,38.2619,67.0795,16.6967
2190,79.2831,152.847,115.314,70.1799,37.3857,64.5584,15.9713
2220,75.7498,158.029,115.446,68.4201,37.0074,66.744,16.367
2250,77.8794,151.493,111.539,72.0638,36.9309,64.9216,16.2068
2280,77.0099,155.718,111.317,69.5591,37.9153,65.7538,15.8378
2310,77.513,155.782,111.466,68.9548,36.7248,65.6768,16.4945
2340,77.038,150.181,110.952,69.8283,38.4972,65.4264,16.31
2370,75.89,154.353,112.532,70.7746,38.0785,63.8979,16.2794
2400,79.542,157.559,111.105,68.7193,37.5479,62.8156,16.3163
2430,75.891,157.02,115.991,70.4223,37.4636,66.1212,16.5449
2460,77.4682,153.55,115.24,71.4849,37.7042,65.2909,15.962
2490,77.912,151.221,116.872,70.806,38.0303,62.5617,16.0176
2520,77.6654,152.472,117.059,69.3512,36.9731,66.5856,16.273
2550,78.3535,158.813,111.876,71.2325,38.0002,66.3905,16.0331
2580,75.9486,155.089,111.791,70.4347,36.7267,65.8415,16.0881
2610,78.1137,152.115,115.214,68.212,37.6342,64.3229,16.4702
2640,76.4828,153.388,111.117,71.1397,38.0811,66.5934,15.7909
2670,79.7728,156.527,115.317,70.237,37.9129,65.948,15.9945
2700,77.1446,154.875,115.045,70.1227,36.9329,65.7137,15.8047
2730,71.512,144.01,107.016,71.1647,37.9539,62.4618,14.9347
2760,75.7654,169.335,116.568,75.4407,38.2051,65.2792,14.2749
2790,81.6579,170.033,122.46,81.3029,37.0097,66.3031,14.134
2820,82.9429,171.009,122.928,80.0081,36.8334,66.4321,14.8266
2850,79.8649,170.943,126.686,80.7334,38.3407,63.4003,14.2085
2880,81.6802,167.988,127.599,82.6944,37.815,64.6689,14.3334
2910,80.9497,166.526,123.601,79.044,37.6231,65.1476,14.6064
2940,82.2954,169.925,124.588,81.5887,38.341,66.1033,14.8398
2970,83.175,172.424,124.141,80.1393,36.8684,62.0885,14.3657
3000,82.7055,170.575,125.564,82.1065,37.8359,62.2718,14.264
3030,78.4051,176.616,125.039,82.6641,36.7719,62.789,14.673
3060,79.4149,171.245,122.07,80.7477,38.2408,60.1373,14.8438
3090,79.759,170.501,124.393,83.1389,38.523,60.0184,15.0798
3120,76.8483,167.414,124.134,80.1736,37.6096,54.5937,14.9625
3150,77.3551,172.367,128.292,81.5475,37.6701,55.6287,14.4689
3180,79.8376,171.107,126.087,80.5893,38.3029,55.7191,14.947
3210,80.7562,171.409,121.995,82.2193,38.185,53.2068,14.8883
3240,81.4327,171.56,121.894,84.4258,37.6257,51.5232,14.8475
3270,77.8568,172.49,126.477,81.0901,36.7814,50.978,15.5421
3300,81.0294,168.94,126.376,81.5464,37.7364,48.0175,15.5547
3330,81.7599,169.982,129.573,81.8427,37.1576,45.2388,16.3444
