Time,FC,PAS,PAM,PAD,temp,SpO2,FR
-1,60,112,80,56,36.8284,100,12
0,66,123.2,88,56,36.3128,100,13.2
30,65.5611,123.334,88.2347,56,35.7972,100,12.8987
60,67.4678,123.197,89.5981,56,35.2816,100,12.9978
90,65.1384,122.597,87.192,56,34.766,100,13.1869
120,66.5784,121.088,88.4967,56,34.2504,100,13.4034
150,66.0689,124.884,89.5378,56,33.7348,100,13.2584
180,65.6368,120.698,86.2894,56,33.2192,100,13.499
210,67.6,122.224,87.7957,56,32.7036,100,12.9639
240,64.4939,123.95,88.1907,56,32.188,100,12.8897
270,67.1158,125.46,86.6183,56,31.6724,100,13.4503
300,65.2117,126.124,88.6757,56,31.1568,100,13.1211
330,66.6572,121.082,87.8823,56,30.6412,100,13.4429
360,73.5347,120.645,95.5147,56,30.1256,100,13.2616
390,72.2008,126.132,95.539,56,29.61,100,13.1391
420,67.42,121.198,95.8006,56,29.9795,100,13.3514
450,68.3093,126.791,98.6488,56.56,30.6488,101,13.4326
480,68.3135,124.235,86.8965,57.1169,31.2098,101.019,13.3383
510,67.4164,123.628,87.953,57.4344,31.5124,99.923,13.4942
540,65.0454,126.547,89.9278,56.2539,32.1344,94.3904,13.2606
570,66.1458,96.4844,72.2776,46.3171,32.2648,94.688,12.8219
600,64.9374,100.468,72.9632,45.1797,32.1152,90.2917,12.6935
630,65.7317,97.9443,69.491,44.1849,33.2637,87.3302,12.3504
660,62.3305,99.4016,70.6148,44.5791,33.2585,81.826,12.1315
690,64.2728,100.346,71.5967,44.1688,33.5251,79.3561,11.6538
720,58.0112,92.0081,64.9707,38.8933,33.4755,75.7759,11.3287
750,50.7447,85.4211,39.6999,39.0583,34.2864,73.1568,11.2054
780,48.3713,82.3821,38.0166,39.4342,34.8683,94.5674,10.8826
810,47.5229,83.4306,37.1239,38.9027,34.3427,93.7256,10.5709
840,47.81,106.88,58.7241,50.4576,35.7614,88.6766,10.2218
870,48.1244,106.609,55.522,50.8173,36.348,83.0958,9.68785
900,46.5794,108.268,54.0688,48.625,37.0664,82.8543,9.79536
930,46.3752,108.135,57.7967,49.2304,36.6765,78.0265,10.1012
960,49.4465,109.444,57.853,49.5088,36.8907,77.0059,9.67736
990,51.8145,108.358,76.0592,48.9095,37.6713,76.0676,9.37358
1020,49.6945,107.499,74.7492,48.813,37.0015,69.9436,9.44951
1050,49.882,109.586,77.493,50.5896,37.887,67.178,9.39851
1080,49.6719,99.528,68.0822,41.4725,36.1706,65.8234,9.52234
1110,51.2172,103.501,70.5185,42.5818,36.368,63.6408,10.078
1140,52.5599,103.035,71.1792,42.6051,37.8139,59.5682,10.0605
1170,50.3166,98.9061,71.5988,40.8975,37.1966,54.4356,10.077
1200,52.2067,103.671,71.351,41.2315,36.2345,52.0654,10.465
1230,61.6234,122.84,85.1198,41.6815,36.4875,47.9003,12.4454
1260,53.8943,99.442,71.7588,40.6629,36.4927,45.188,12.8811
1290,53.1962,99.3714,74.7592,41.0421,37.0537,40.3861,12.5643
1320,53.1218,101.592,72.6049,42.5503,37.3028,42.9816,12.3306
1350,48.2242,92.4186,65.7263,43.0347,36.0202,42.9947,9.60048
1380,46.3586,91.4245,65.1642,42.1737,37.712,42.4008,9.82525
1410,59.3735,117.79,83.8796,41.4141,37.6612,40.462,12.4316
1440,65.5767,130.237,93.2708,42.1806,37.0446,40.2647,13.3436
1470,67.4402,131.861,94.4134,40.6017,37.318,43.7951,14.1203
1500,69.0392,136.003,94.1398,43.2026,36.4074,42.9857,13.8622
1530,54.7144,109.256,75.4203,41.4432,37.664,42.7053,11.3696
1560,56.9919,106.414,75.2885,41.3409,37.3635,39.5793,11.5279
1590,55.3627,108.342,75.4879,42.2968,36.9166,42.1618,11.3794
1620,55.1016,109.49,77.3781,40.5857,36.6534,43.9122,10.9187
1650,48.1,94.226,65.9584,42.9049,36.376,43.3816,9.37152
1680,45.8624,91.5642,66.2929,40.6973,37.0041,39.8082,9.33898
1710,46.5238,89.4004,63.4776,42.7157,36.917,42.1175,9.37523
1740,45.5992,89.1447,62.6719,41.7309,37.1708,43.2496,9.40536
1770,45.6404,92.5619,64.4104,42.8416,36.6401,39.6803,9.55021
1800,51.9276,102.715,72.6935,43.2002,36.6024,43.3059,10.0823
1830,39.2891,82.1587,55.8682,41.8782,35.9285,43.0203,10.2483
1860,41.3449,78.5032,57.3198,42.8178,36.5767,43.6945,10.2375
1890,39.6655,80.6924,57.4587,41.4571,36.4092,40.6143,10.1779
1920,41.8368,78.7415,58.0702,42.0738,36.1249,43.3369,10.4105
1950,41.3026,80.3272,56.5755,42.5811,36.5845,39.39,10.2162
1980,40.9665,81.3057,56.3732,41.1872,35.7594,40.694,10.1079
2010,40.6995,77.5951,55.5188,42.3928,37.13,39.9471,10.0709
2040,39.574,79.0648,54.8255,43.2615,36.9687,39.8618,10.4251
2070,42.2104,82.2613,54.2071,42.1852,36.552,42.6959,10.2894
2100,42.3475,80.9126,56.6679,42.02,36.4242,40.0136,10.5906
2130,50.3793,97.4552,71.0422,43.2125,36.6282,40.5664,10.6975
2160,49.9375,97.2199,70.0509,41.9106,36.9854,43.8479,10.5942
2190,50.3566,94.9853,67.0229,41.6262,37.2603,40.0416,10.2698
2220,50.1539,99.9154,68.5498,41.5718,36.4806,44.2041,10.8904
2250,51.9402,95.601,70.3353,41.6475,36.5021,42.4727,10.5198
2280,49.0155,100.281,66.9507,41.6736,35.9834,42.9449,10.8885
2310,48.7768,98.7221,68.8555,41.8234,36.6672,41.7726,10.8565
2340,50.5996,98.7963,71.1258,43.1691,36.3177,40.6962,10.4914
2370,51.9777,96.4284,68.1309,42.9752,36.1283,39.4339,10.4632
2400,51.727,98.9083,70.098,43.16,36.4303,42.9941,10.5135
2430,51.3866,97.6873,68.2764,42.679,35.5741,43.081,10.4346
2460,51.1279,96.3717,67.4796,41.1557,37.0294,39.5792,10.3922
2490,49.8233,96.9313,69.385,41.2168,36.4669,43.4818,10.3605
2520,51.8959,100.131,68.9552,42.7301,36.3216,40.0465,10.7654
2550,48.8447,100.283,67.3929,42.7353,35.9824,41.5542,10.652
2580,50.1011,96.1071,70.8406,40.7417,36.1531,44.3214,10.4864
2610,49.7539,95.2167,69.3487,42.192,36.0372,39.7131,10.8467
2640,51.9618,100.47,66.8786,42.9831,36.7459,41.726,10.7094
2670,49.63,98.7458,68.7986,41.392,36.2706,42.0994,10.3175
2700,51.5581,101.026,70.0008,41.2727,35.6976,41.9131,10.4729
2730,47.5331,91.9655,65.5938,43.2738,36.374,40.2792,9.53821
2760,51.3255,98.1549,69.698,49.8497,35.6427,41.4196,9.68741
2790,54.075,109.623,75.1532,47.9856,36.2446,43.513,9.50893
2820,50.9693,106.625,75.8887,49.8877,35.9588,40.4958,9.23348
2850,52.8461,108.972,75.0269,48.0914,35.6985,39.5195,9.25471
2880,53.7538,105.929,76.2768,49.6577,36.1158,39.3773,9.60255
2910,53.3776,107.259,75.1354,49.2915,35.7581,43.1893,9.72989
2940,54.0283,108.429,74.889,50.006,36.9466,43.5741,9.66703
2970,52.4932,105.359,77.4102,50.2212,36.6227,40.1406,9.27627
3000,51.6195,106.122,74.8791,50.112,35.865,43.5916,9.63651
3030,54.5925,110.133,75.1601,49.3093,35.5644,42.4421,9.37063
3060,53.5822,107.251,74.074,48.8732,36.8568,40.9254,9.44984
3090,54.8922,105.879,74.0993,48.5489,35.4778,43.4578,9.43663
3120,52.3794,110.896,75.937,48.0231,35.3784,42.6477,9.29807
3150,54.8213,107.94,77.3436,49.1631,35.6973,44.3229,9.39129
3180,55.4759,108.53,75.9207,48.3323,36.8508,41.7434,9.775
3210,57.1413,109.625,74.2299,50.2684,36.7674,40.0444,9.49917
3240,55.0116,110.588,76.8003,48.3014,36.7282,39.6453,9.59056
3270,55.3184,109.027,76.2778,49.6512,35.363,40.6076,9.52409
3300,57.3525,106.019,76.2858,48.1288,36.4784,44.21,9.63598
3330,58.6922,107.163,74.9216,49.6916,35.3092,41.0606,9.79725
3360,57.662,107.914,74.4997,48.3634,35.147,42.8291,9.61696
