Time,FC,PAS,PAM,PAD,temp,SpO2,FR
-1,100,139,95,79,36.8394,96,22
0,110,152.9,104.5,79,36.3237,96,24.2
30,110.297,151.157,106.517,79,35.8079,96,24.3137
60,112.254,156.054,107.034,79,35.2922,96,23.9404
90,108.621,149.554,102.308,79,34.7764,96,24.0025
120,108.541,155.969,105.636,79,34.2607,96,23.6906
150,109,152.229,104.045,79,33.7449,96,24.141
180,112.588,150.142,105.661,79,33.2292,96,24.415
210,109.74,151.397,104.977,79,32.7134,96,24.3646
240,111.227,156.416,105.532,79,32.1977,96,24.4069
270,108.023,152.447,104.884,79,31.6819,96,24.588
300,112.392,154.772,103.11,79,31.1662,96,24.5837
330,111.645,149.436,106.879,79,30.6504,96,24.0173
360,119.52,151.808,115.979,79,30.1347,96,24.0357
390,120.77,153.046,114.274,79,29.6189,96,24.2377
420,111.632,152.611,117.648,79,29.8649,96,24.0784
450,108.31,151.035,113.335,79,30.111,96,23.8608
480,108.591,152.166,103.275,79,30.357,100,24.7145
510,107.281,153.268,102.552,79,30.603,95.0643,24.2107
540,107.213,121.074,85.7682,63.2,30.5431,94.9987,22.9358
570,105.438,120.488,84.6451,63.2,30.7891,89.0164,22.6445
600,108.826,124.783,82.4312,64.5739,30.6695,87.578,21.5638
630,105.484,121.635,85.0384,62.049,31.4162,81.3021,21.1983
660,97.9782,101.556,70.9089,57.0115,31.5663,77.9464,21.4776
690,85.5295,103.561,46.4981,53.1597,31.1201,76.6143,20.9905
720,84.6246,104.036,48.2115,52.9926,31.9289,90.5424,20.6056
750,83.7197,104.726,47.2274,53.0375,31.5318,85.5784,19.3449
780,82.8147,103.624,47.74,54.5861,33.1161,85.0297,18.6015
810,81.9098,102.71,46.9663,54.8871,32.4986,81.888,18.3248
840,83.1553,106.678,47.245,55.3432,32.7849,75.2854,17.8755
870,82.4291,102.043,45.976,53.548,33.5555,74.2229,18.1758
900,81.9684,107.394,48.4025,52.3463,33.8015,72.7282,18.1627
930,88.8061,134.887,86.7595,69.6926,34.0476,68.7368,17.514
960,89.5744,133.383,86.9326,69.2278,34.2936,63.9071,18.1322
990,86.233,133.139,86.6631,68.7674,34.5396,60.4104,18.2267
1020,82.1119,114.233,72.759,63.9639,34.7857,55.3901,17.747
1050,88.4719,127.302,82.4233,60.4318,35.0317,55.6907,19.1879
1080,89.4977,129.444,83.6494,58.325,35.2777,51.0272,19.8351
1110,87.6916,127.466,81.8597,60.3391,35.5238,48.5769,19.1157
1140,89.7635,125.017,82.5272,58.6287,35.7698,42.0873,19.278
1170,88.6161,128.499,85.8499,59.1554,36.0158,40.4865,20.0817
1200,91.7437,127.959,85.4944,58.3008,36.2619,34.1263,19.7864
1230,80.0903,118.09,76.6165,60.1518,36.5079,32.9636,18.2381
1260,83.5888,117.688,76.1489,59.5041,36.754,32.914,18.4094
1290,81.1259,118.36,78.3403,59.5575,37,29.627,18.3697
1320,82.9336,115.72,76.2071,58.5771,37,29.8886,18.003
1350,107.025,151.27,99.2122,60.6277,37.9065,29.7739,22.6989
1380,104.287,151.925,100.198,59.5065,37.1425,29.8367,23.1745
1410,103.948,151.347,97.8132,60.4506,37.3143,29.8893,23.3294
1440,104.903,148.324,100.065,59.0321,37.7623,30.1769,23.1816
1470,103.425,152.094,97.9041,60.5764,36.9481,30.0241,23.5675
1500,105.152,148.245,100.97,60.031,37.6514,30.1525,22.9739
1530,104.992,148.875,100.516,59.7614,37.6697,30.3285,23.2142
1560,105.494,149.869,98.4295,60.548,36.9437,30.4161,22.9891
1590,104.76,152.295,100.601,59.3542,37.3149,30.4811,23.1139
1620,103.59,150.2,98.9598,59.6549,37.034,30.2246,23.0268
1650,104.705,152.871,99.9471,60.1702,36.369,30.3661,23.1143
1680,102.997,149.575,97.6015,59.5196,37.3914,30.2453,23.1627
1710,103.78,148.631,100.529,59.5456,37.9219,30.4639,22.7468
1740,106.162,150.781,99.4086,60.1998,36.0952,30.5878,23.0869
1770,105.472,148.868,100.382,60.4292,36.3666,30.3465,23.3521
1800,104.432,152.435,98.1322,58.9463,36.4636,30.2017,23.5295
1830,107.389,149.842,99.0015,58.3325,37.0442,30.2295,23.3202
1860,105.447,152.247,100.202,58.5702,36.828,30.2413,22.7006
1890,104.928,148.413,99.1266,60.5492,36.6174,30.2263,23.4871
1920,105.088,151.07,99.5668,60.0747,36.9989,30.4897,22.79
1950,115.214,166.368,110.518,59.7205,36.485,30.3241,25.2973
1980,115.39,165.022,108.386,58.7678,36.8641,30.1876,25.0427
2010,115.821,163.806,108.628,58.7198,36.9029,30.594,24.7931
2040,115.367,162.467,107.087,58.5615,37.3749,30.4327,25.505
2070,112.744,163.464,107.144,60.4599,36.2995,30.1481,25.1177
2100,113.423,164.227,107.934,58.2897,36.0911,30.4799,24.9428
2130,113.874,166.135,109.888,58.7654,36.3384,30.2732,25.0951
2160,114.63,162.925,109.514,58.9282,36.557,30.5211,25.0967
2190,116.454,163.77,108.653,58.4972,37.2162,30.4033,24.6821
2220,115.355,165.001,109.173,58.2705,36.0835,30.5953,24.7657
2250,111.812,164.955,108.822,59.2341,36.7496,30.3016,25.2783
2280,114.225,165.23,107.774,58.3119,37.5457,30.6217,25.0078
2310,112.028,165.615,110.346,58.1109,36.1399,30.3439,24.7827
2340,114.933,166.913,107.884,59.0855,37.0445,30.588,25.0491
2370,114.33,166.01,109.231,59.4803,36.7052,30.2054,25.5329
2400,115.194,164.568,109.459,58.6163,36.2873,30.6137,24.8968
2430,116.193,166.519,109.577,60.6018,37.1235,30.4794,25.5323
2460,84.2721,118.72,78.6803,58.7258,36.1482,30.35,18.6485
2490,84.0854,119.84,78.4699,58.2998,36.2261,30.5166,18.6374
2520,83.3948,122.889,80.289,58.393,36.8011,30.2879,18.3629
2550,83.8096,119.484,80.3915,59.1559,36.2806,30.3203,18.4044
2580,84.6438,118.489,79.3899,58.7942,36.3313,30.4049,18.5447
2610,82.2017,123.212,78.6946,60.0074,36.576,30.2722,18.8251
2640,83.0536,118.383,79.7309,60.0944,37.7855,30.1621,18.8892
2670,84.6842,119.888,79.4626,58.6799,37.5981,30.4533,19.0103
2700,85.9826,119.486,80.7242,58.72,37.2228,30.341,19.2196
2730,87.4083,121.811,79.6414,59.4262,36.485,30.4462,19.9714
2760,85.46,120.057,80.7821,59.838,36.4095,30.1772,20.7747
2790,93.0246,130.12,85.532,59.9382,37.5033,30.6222,22.8707
2820,91.3212,125.647,86.043,59.9628,37.7107,30.1274,23.3117
2850,92.405,128.851,86.4079,59.1982,37.2105,30.419,24.3151
2880,93.2973,129.636,84.9949,59.6749,36.3977,30.5608,24.1842
2910,97.6518,125.65,84.9529,59.5083,37.2726,30.3031,24.4449
2940,96.2059,126.191,83.7062,59.2688,36.2991,30.5927,24.9454
2970,95.3996,130.231,85.5748,58.4313,37.0453,30.3914,25.9264
3000,96.9462,125.954,84.8551,58.7751,37.6419,30.6075,26.8085
3030,96.3821,129.447,84.1667,60.3518,37.4655,30.5005,26.2311
3060,98.2042,125.886,85.4223,60.0629,36.3846,30.5018,25.9813
3090,97.6615,128.727,84.7161,58.8313,37.0007,30.1435,26.2473
3120,96.3989,128.424,83.2916,58.492,37.2083,30.3579,26.2494
3150,98.4966,127.466,84.4221,59.33,36.2692,30.4227,26.1468
3180,100.403,127.054,86.0573,58.7356,36.6936,30.3177,25.7293
3210,97.8541,126.042,84.1226,60.1352,37.348,29.4167,25.2941
3240,95.5152,129.087,85.124,58.6244,36.483,28.3122,25.149
3270,97.7797,130.574,86.2013,58.8335,36.6725,27.0646,25.1294
3300,94.9875,129.205,83.7321,58.8067,37.8813,26.4284,24.3212
3330,93.5952,126.988,85.2771,60.1993,36.7257,25.3287,23.8824
3360,91.451,127.812,85.7271,58.6639,36.2638,23.9703,23.1719
3390,84.0222,118.053,78.6467,58.467,37.3226,23.1594,20.8196
3420,87.4612,139.107,92.3676,62.3115,36.8599,22.0258,20.1141
3450,92.1308,135.943,90.4809,67.0348,37.4587,24.4433,19.8116
3480,91.6678,136.641,92.7554,68.047,36.3738,31.2475,18.666
3510,90.9853,134.247,90.0123,66.4183,37.1468,31.3689,19.0758
3540,88.4092,136.846,91.116,66.4079,36.1588,33.6494,18.6207
3570,87.8874,138.238,90.4973,68.1153,37.0937,37.3735,18.7124
3600,89.9749,135.955,90.9716,68.0641,37.9231,37.6171,18.4126
3630,87.4693,134.372,90.3487,66.3221,36.6227,40.4258,18.2608
3660,90.282,137.869,92.4481,67.1173,36.7697,42.1928,18.5233
3690,88.4886,137.009,89.9331,68.3188,36.9435,45.3106,18.5207
3720,86.9156,133.728,90.1884,68.7001,36.9706,48.6778,18.6311
3750,88.742,138.011,91.8048,68.1969,37.8532,52.3963,18.8558
3780,87.8512,134.366,92.0792,66.704,37.8051,53.0596,18.6224
3810,88.0619,137.287,92.1889,68.4482,36.6325,57.1468,18.632
3840,89.8694,134.425,92.2156,68.622,36.4701,59.9184,18.8177
3870,89.5809,135.979,89.6551,66.8445,36.5323,61.0579,19.0305
3900,87.6584,136.054,91.3031,67.6771,37.2118,61.1204,18.8096
3930,89.0047,137.007,89.5917,68.8305,36.632,66.2772,18.8032
