Time,FC,PAS,PAM,PAD,temp,SpO2,FR
-1,90,138,90,79,36.6861,99,17
0,99,151.8,99,79,36.1725,99,18.7
30,97.93,153.875,99.1591,79,35.6589,99,18.7035
60,98.6325,148.755,99.9482,79,35.1453,99,18.4419
90,96.7729,151.313,98.3484,79,34.6317,99,18.8203
120,99.4479,152.529,99.3409,79,34.1181,99,18.6181
150,100.743,149.955,97.4773,79,33.6044,99,18.701
180,97.408,149.955,97.8888,79,33.0908,99,19.1598
210,97.5854,152.627,96.9782,79,32.5772,99,18.4182
240,97.1671,148.136,99.6602,79,32.0636,99,18.639
270,97.1524,152.054,96.6829,79,31.55,99,18.4218
300,97.0597,151.378,98.7943,79,31.0364,99,18.636
330,100.482,153.381,99.928,79,30.5228,99,19.0466
360,106.914,152.802,108.897,79,30.0092,99,18.6513
390,108.34,153.064,108.815,79,29.4956,99,18.6132
420,108.677,150.209,101.176,79,29.8367,99,18.7298
450,109.828,148.711,101.353,79,30.1778,99,18.7067
480,99.2349,149.462,97.5964,79,30.5189,100,18.4821
510,98.8377,148.822,98.1817,79,30.86,96.6887,18.3238
540,98.8517,124.684,79.2238,63.2,30.8925,92.4362,18.0947
570,97.1893,120.254,81.4663,63.2,31.2337,90.3573,17.6138
600,97.7206,121.115,76.9075,62.7427,31.5666,84.285,17.3762
630,92.6036,118.839,78.265,64.3095,32.24,80.4246,16.3757
660,92.4711,114.48,74.8979,56.8233,32.3009,75.9703,16.3053
690,81.4826,107.176,44.7082,53.9748,33.0816,72.1784,15.7933
720,80.6556,105.262,45.9608,54.2808,33.6921,92.9292,15.3053
750,79.8287,106.907,44.1455,54.2158,33.9421,89.3469,15.2476
780,79.0017,107.48,46.0202,53.9513,34.237,84.9483,14.7367
810,78.1748,107.663,45.6999,53.2949,33.6952,81.7729,14.7597
840,77.3478,103.262,43.4464,52.9622,33.698,78.8009,13.6568
870,77.3478,135.671,44.1576,54.9978,34.7668,74.0723,14.2378
900,77.4107,131.927,43.7188,52.0439,35.7141,75.1559,14.4777
930,81.8903,133.014,84.0362,69.3536,35.6356,69.2645,14.6634
960,81.2193,130.922,82.6599,69.745,35.9767,67.5756,14.1821
990,84.347,133.33,85.3866,67.9933,36.3178,63.5155,14.5004
1020,77.7228,122.278,76.6722,65.117,36.6589,59.0893,14.5663
1050,84.7578,123.025,83.4711,60.3199,37,56.3317,15.9951
1080,84.5186,124.953,83.4182,59.6687,37,51.4631,16.0376
1110,84.9216,120.144,81.0433,57.8673,37.2949,50.6741,15.6672
1140,83.4645,124.344,80.9011,59.4738,37.1504,45.9315,16.1483
1170,83.0791,125.28,83.725,59.5083,37.3286,41.5673,15.9926
1200,84.3037,123.387,84.5405,58.435,36.802,38.487,15.8832
1230,73.9683,108.369,76.4361,57.856,36.262,33.5941,14.8951
1260,73.838,111.776,76.7838,58.491,36.7705,30.2077,14.4569
1290,78.0305,109.834,74.0173,60.2014,37.2699,26.7136,14.6132
1320,74.8356,111.683,74.3294,59.1363,36.6403,26.8092,14.3924
1350,97.5227,140.975,95.0258,59.5564,36.4812,26.7934,18.7084
1380,96.1928,141.357,96.5211,58.5952,37.8745,26.8973,18.7541
1410,96.6671,141.373,97.9819,58.7239,37.1688,26.9118,18.5258
1440,96.169,140.754,97.6406,59.1913,37.6192,26.9751,18.3722
1470,95.7364,144.144,95.8677,59.6507,37.7464,27.0766,18.5982
1500,95.6595,142.427,97.6357,58.7897,37.2575,27.1389,18.8309
1530,97.8426,143.905,95.6347,60.4161,37.8048,27.1826,18.5809
1560,97.46,141.102,96.6893,59.8771,36.5512,27.2744,18.5625
1590,95.5214,142.141,95.8747,58.4258,36.3272,27.3669,19.0086
1620,95.2878,144.719,95.7379,58.2358,36.6424,27.3667,18.7385
1650,99.3251,142.069,95.5607,59.3152,36.2133,27.4749,18.7329
1680,95.1537,142.982,97.6702,59.2557,37.3675,27.4689,18.5791
1710,99.3704,143.829,96.8546,57.9223,36.2118,27.5336,18.5644
1740,96.0402,142.466,95.578,58.4688,36.6566,27.4795,18.656
1770,97.8746,142.796,98.0523,59.3349,37.6534,27.4403,18.455
1800,99.2451,142.977,97.074,60.3482,36.2079,27.4836,18.7001
1830,98.5417,144.458,97.5063,59.7709,37.0606,27.469,18.9101
1860,97.8103,141.401,95.1115,60.0126,37.2877,27.4555,18.4117
1890,99.4322,143.761,96.5046,59.4004,36.4269,27.4765,18.4769
1920,95.304,143.04,95.8617,60.4402,36.2292,27.5415,19.0045
1950,103.981,154.839,104.815,60.3097,36.4991,27.444,20.6675
1980,106.691,155.43,104.947,58.7928,37.442,27.4844,20.3398
2010,105.059,156.501,104.355,58.7863,36.8527,27.5151,20.8818
2040,106.015,153.508,103.911,59.5728,37.3386,27.4735,20.6501
2070,106.711,154.437,105.312,60.2986,37.4062,27.5401,20.8031
2100,107.525,153.213,105.175,59.7279,37.1744,27.54,20.2667
2130,104.785,154.812,104.403,59.7792,36.3064,27.4877,20.2782
2160,105.724,153.955,103.704,58.2118,36.7421,27.444,20.7784
2190,103.492,155.611,104.976,59.9993,37.6889,27.5463,20.7233
2220,105.941,157.274,105.44,59.2686,37.8501,27.4318,20.3889
2250,105.77,157.764,104.635,60.2149,36.7688,27.4985,20.6453
2280,105.522,153.295,105.904,57.9099,36.6641,27.5203,20.3511
2310,106.321,157.467,103.56,59.7605,36.9526,27.4793,20.5851
2340,104.846,154.859,104.407,60.3562,36.6068,27.5294,20.5503
2370,104.4,157.345,105.979,59.9793,37.6965,27.4317,20.6967
2400,104.421,156.114,104.566,59.8397,37.4549,27.4262,20.7694
2430,103.585,156.762,106.837,59.817,37.3742,27.5505,20.5382
2460,76.3231,113.484,79.1893,59.2211,37.6288,27.4564,14.9902
2490,76.103,111.74,79.0246,58.8138,37.9005,27.5102,14.7886
2520,79.3893,115.04,78.7631,58.1099,36.8118,27.4461,15.2728
2550,76.1782,112.28,78.0813,58.3606,37.8844,27.507,15.3314
2580,78.5723,114.583,77.2638,60.1328,36.2452,27.4762,14.9328
2610,79.6869,114.667,78.695,57.9527,37.4836,27.5246,14.9688
2640,78.8752,113.685,77.9112,59.4672,36.4864,27.4846,15.1771
2670,78.297,114.597,77.8714,59.8756,37.6557,27.457,15.3465
2700,79.2518,115.915,78.951,59.1977,37.1355,27.467,14.9268
2730,78.4961,115.091,78.3947,59.4174,36.8648,27.5005,15.1239
2760,76.3752,113.302,76.1794,60.3501,37.6962,27.5128,15.0518
2790,80.8918,119.186,81.3769,59.7514,37.627,27.536,15.9595
2820,83.547,119.01,81.9475,59.2332,36.1988,27.4721,15.6521
2850,83.3006,121.913,81.8235,58.6199,36.9606,27.446,16.2519
2880,84.4861,122.209,82.2782,58.0474,36.4137,27.5057,15.6435
2910,80.7163,120.022,82.3753,58.2229,37.0558,27.5341,16.3409
2940,84.3605,120.132,82.9359,58.7738,36.196,27.5381,16.9961
2970,83.0954,123.144,81.0905,59.531,37.1973,27.5407,16.681
3000,84.5103,120.285,81.2079,60.0034,36.6411,27.4256,17.3302
3030,82.2322,119.265,80.4768,58.9693,36.5523,27.4695,17.3845
3060,82.3047,122.762,83.3774,58.5905,36.5597,27.5051,18.3276
3090,81.9041,121.003,81.9939,60.2987,37.0187,27.5086,18.6106
3120,80.9721,121.242,82.4725,57.8666,37.9052,27.5314,19.234
3150,83.5062,119.759,83.2995,58.3532,37.3611,27.4315,19.0454
3180,82.7587,119.876,82.3613,58.1862,37.4341,27.4837,19.246
3210,83.1659,121.969,82.668,59.6509,36.1883,27.4511,19.724
3240,88.0159,121.928,83.1577,59.2563,37.6336,27.4758,20.0932
3270,88.3826,120.291,80.4325,59.7273,37.3642,27.5334,20.7821
3300,87.1879,122.932,80.8832,59.2104,36.5284,27.5147,20.5561
3330,89.7695,119.223,82.7481,57.8126,37.7827,26.4394,20.1671
3360,89.8894,121.227,83.2285,60.4205,36.6555,25.4453,19.586
3390,80.204,108.105,75.688,57.8659,36.9552,24.4127,18.1232
3420,85.1548,115.168,81.6194,63.1325,37.1216,23.3546,18.0233
3450,86.6829,126.987,87.4509,68.2384,37.3075,22.3555,17.2465
3480,89.0488,126.609,88.5881,67.1217,37.1924,21.2875,16.5746
3510,87.913,127.18,88.7682,66.2715,37.697,20.3244,16.7184
3540,88.4833,125.479,86.9798,67.9236,37.1722,19.2866,15.8486
3570,84.8839,125.001,85.9279,66.7781,36.1185,18.217,16.1909
3600,86.1986,124.733,87.234,67.1192,37.7536,17.1444,15.4907
3630,84.7913,126.917,89.0035,66.303,36.8069,16.1815,14.4583
3660,83.1425,127.343,88.7802,66.5836,36.3906,15.0796,14.7677
3690,85.0307,123.912,86.0403,68.7302,36.9606,14.0423,14.0658
3720,84.0218,127.599,86.2141,66.6193,36.2306,13.0629,14.1079
3750,85.9097,128.07,86.6393,67.5233,37.0974,11.9815,14.1317
3780,85.7428,123.231,88.2785,66.7077,37.5027,10.9999,13.987
3810,85.7201,127.955,86.4119,68.1047,36.0788,9.93403,14.1654
3840,83.9391,126.152,88.4976,68.8994,36.6938,8.98198,13.8096
3870,83.699,126.336,88.2439,67.2494,36.9076,11.6404,13.682
3900,85.6062,123.118,86.4318,67.504,37.8323,15.2549,13.8569
3930,82.753,123.215,88.6604,67.7162,37.853,20.1706,14.2921
