Time,FC,PAS,PAM,PAD,temp,SpO2,FR
-1,115,144,104,81,37.0098,96,17
0,126.5,158.4,114.4,81,36.4917,96,18.7
30,128.619,155.642,115.547,81,35.9736,96,18.3666
60,124.98,161.226,111.837,81,35.4554,96,18.8038
90,129.109,154.94,113.635,81,34.9373,96,18.3574
120,124.828,161.833,114.463,81,34.4192,96,18.7505
150,127.589,157.693,112.843,81,33.901,96,18.5273
180,127.012,157.163,114.206,81,33.3829,96,18.4615
210,126.024,158.638,112.128,81,32.8647,96,19.1035
240,123.892,158.272,117.224,81,32.3466,96,18.7151
270,127.041,154.599,114.118,81,31.8285,96,19.1184
300,127.453,159.241,113.595,81,31.3103,96,19.0422
330,124.563,158.532,112.745,81,30.7922,96,18.6823
360,141.503,156.213,122.884,81,30.274,96,18.7762
390,141.721,160.66,123.194,81,29.7559,96,19.0261
420,126.177,160.965,127.779,81,30.3596,96,18.9823
450,129.048,155.807,124.663,79.4883,31.2266,97.7666,18.3207
480,128.803,158.525,114.621,81.2911,31.3054,94.2863,18.5076
510,124.385,156.798,112.324,80.7528,31.9007,103.882,18.8746
540,124.456,158.674,112.475,81.2064,33.4001,98.9138,18.1546
570,122.654,129.732,95.0947,63.1701,32.4237,100.096,17.8521
600,121.195,129.501,90.5566,64.211,34.368,96.7084,17.6559
630,121.668,120.37,91.7639,64.9983,34.2325,91.6727,16.5014
660,121.462,127.993,93.1634,65.283,35.7632,94.0849,16.5997
690,121.274,125.192,93.527,65.5263,35.153,87.5636,16.4019
720,113.042,110.842,78.5316,54.5434,36.3278,86.014,15.9941
750,95.6654,109.107,51.8585,53.0706,36.5669,85.0946,15.4252
780,98.3924,108.339,49.1047,55.3696,37.5082,89.4454,14.3825
810,97.5682,103.37,49.0944,52.8086,36.7783,87.5442,14.7076
840,93.7939,101.451,48.7385,53.2181,37.3773,85.0622,14.2492
870,94.7908,101.092,51.4623,52.5526,37.4105,83.3596,12.9928
900,93.0066,138.159,71.647,70.8089,36.8402,80.5435,14.5516
930,93.7377,139.718,73.326,69.3918,37.1542,79.815,13.9209
960,91.554,134.522,69.9144,69.5314,36.195,81.1613,13.6951
990,98.5043,137.115,96.6346,71.0874,36.4589,82.6027,13.7252
1020,99.8199,138.046,95.466,72.303,38.3532,79.7883,13.9558
1050,99.1903,134.067,93.9614,70.9657,36.3068,78.7702,13.2876
1080,94.7739,113.738,80.0776,60.325,37.4926,76.7663,13.652
1110,100.499,127.264,88.7901,59.7556,36.4107,71.0833,15.173
1140,98.7729,127.21,91.2356,61.0921,37.5847,72.213,15.3175
1170,102.322,122.823,90.2193,61.2285,37.3395,66.7935,15.1809
1200,102.047,124.991,89.5117,58.4177,36.5362,67.8178,14.9568
1230,121.488,149.34,107.376,59.8834,36.3127,63.8522,17.9345
1260,104.097,135.62,101.408,60.2788,38.438,63.2141,18.1032
1290,104.188,135.976,102.469,59.9518,37.6005,60.0491,18.083
1320,108.396,139.839,103.333,58.4708,36.1851,61.6747,18.0395
1350,105.18,139.342,105.047,59.8516,37.4749,62.086,18.5557
1380,105.525,140.336,103.575,58.1957,37.1216,60.7846,18.4478
1410,105.596,139.995,102.579,58.3663,37.1133,64.0153,17.8442
1440,106.319,134.949,102.157,60.4747,37.5482,61.8643,18.1575
1470,107.124,140.773,100.93,60.1811,36.9601,64.3356,18.1034
1500,107.018,135.524,103.146,59.6128,37.5449,63.0296,18.2393
1530,126.21,157.419,115.839,58.2204,36.1953,62.7776,19.7303
1560,123.447,156.429,114.87,59.784,36.9588,66.7075,19.0584
1590,124.679,159.806,115.663,60.2131,36.9643,62.1808,19.3545
1620,123.892,156.825,116.457,60.1279,36.233,62.8689,19.2336
1650,125.827,158.911,113.982,58.1651,36.131,66.0853,19.2217
1680,127.061,155.319,115.99,59.3685,37.9454,64.1539,19.2483
1710,125.823,153.79,116.697,59.7165,37.2439,66.3126,19.4823
1740,124.575,157.604,113.115,61.3843,36.9531,63.132,19.3761
1770,123.061,156.381,114.653,58.699,37.2789,64.3167,19.7966
1800,125.064,154.189,113.751,59.3625,37.7591,65.4433,19.4569
1830,125.846,156.537,117.129,61.4226,37.2322,64.6706,19.7479
1860,124.601,157.038,116.166,58.6993,38.267,65.2237,19.8669
1890,124.304,153.467,113.232,59.2488,36.4344,63.3814,19.7075
1920,125.576,156.221,113.278,59.7276,36.5158,67.0833,19.699
1950,123.592,159.268,115.961,60.3421,36.574,64.6255,19.1335
1980,126,154.746,114.093,60.1105,36.7979,64.9537,19.4588
2010,134.354,165.256,120.898,58.582,35.2837,66.8663,20.2207
2040,132.26,161.43,118.273,60.007,36.7828,63.8965,19.5218
2070,130.667,161.204,120.127,61.068,35.4177,67.1725,20.3043
2100,131.571,162.939,119.216,59.6781,36.9719,67.0251,19.5337
2130,133.109,166.051,117.859,60.9521,36.4625,65.3855,19.7128
2160,130.678,166.721,120.681,61.4139,35.1424,67.1081,19.6918
2190,130.477,165.109,117.286,59.0673,36.2044,63.2391,19.5348
2220,131.542,165.202,119.316,59.7906,36.7137,64.9325,19.7163
2250,131.003,165.567,117.26,61.6239,37.4008,63.5477,20.3106
2280,132.623,161.213,120.975,60.3262,36.3961,66.5326,19.6563
2310,132.094,166.875,119.142,58.6686,37.5997,63.3895,19.7015
2340,131.276,165.535,120.335,61.2201,35.3773,63.0093,19.7756
2370,134.493,162.238,118.459,60.5707,37.2697,65.3485,19.8131
2400,132.709,163.965,121.627,60.3855,36.713,66.4207,20.0883
2430,133.552,162.869,120.87,60.4032,36.432,66.6914,19.6204
2460,133.483,164.848,117.114,61.0363,36.4898,63.0786,20.131
2490,131.553,163.962,118.921,58.612,36.5682,64.8267,19.9632
2520,134.429,167.859,119.731,60.5551,37.1076,64.1171,19.7079
2550,133.493,165.901,122.058,58.6245,36.0808,63.7952,20.4941
2580,132.815,166.753,122.311,61.3594,37.1293,65.4597,20.3686
2610,133.677,165,123.136,59.072,35.5153,66.279,20.1197
2640,136.447,170.93,119.719,58.6653,37.4244,63.2291,19.8658
2670,135.566,170.115,120.527,61.1773,36.556,66.0863,20.1219
2700,136.739,167.804,120.795,59.3876,35.3651,62.9331,20.2384
2730,132.451,171.198,123.065,58.3675,36.6796,65.0601,19.9072
2760,135.287,169.322,120.798,60.0989,36.1739,66.0673,20.4931
2790,134.139,165.351,122.492,60.7691,36.9691,63.4969,20.2459
2820,136.994,168.746,123.522,59.1289,36.0585,66.7571,20.2926
2850,132.622,169.708,122.416,59.7345,36.0585,65.7901,19.7379
2880,137.254,165.357,121.811,58.806,36.5499,62.8079,19.7171
2910,134.795,170.157,122.59,58.5939,37.1241,66.0593,19.9692
2940,135.84,169.419,121.735,58.9517,36.9862,66.8078,20.8545
2970,134.26,168.89,120.498,60.5012,36.3145,65.9262,21.2515
3000,133.767,166.915,119.371,60.7458,36.1199,66.1507,20.9312
3030,133.489,168.269,120.136,59.3222,37.3252,65.5583,21.3305
3060,136.974,166.331,120.724,59.9314,36.2953,64.274,22.4588
3090,137.93,169.357,121.912,61.0362,36.4117,65.9052,22.7372
3120,136.775,169.952,121.721,59.3767,36.8326,64.7055,23.2621
3150,137.737,169.427,120.608,59.5506,37.5028,65.0643,23.1712
3180,134.401,170.912,123.66,61.3966,35.378,66.6034,23.2723
3210,133.627,168.37,123.682,60.9585,37.1446,65.2533,24.0314
3240,134.524,166.432,123.48,59.8122,35.9279,63.0561,23.8063
3270,131.498,170.103,123.075,61.1491,36.1665,60.9334,24.1522
3300,131.194,166.769,123.07,59.9611,36.3576,61.2618,23.3784
3330,129.404,168.896,120.856,61.8213,36.0754,59.5992,22.9409
3360,132.664,167.902,124.152,60.2778,36.1121,60.2775,22.5902
3390,131.657,169.689,121.9,61.0082,37.142,57.4226,21.5815
3420,129.357,167.407,122.156,59.4828,37.7016,57.3023,21.8175
3450,126.623,172.075,123.566,60.495,36.1806,52.7358,21.2084
3480,126.803,172.051,120.747,59.0355,36.6553,55.1072,20.2775
3510,125.145,170.384,124.679,60.141,36.4644,52.547,20.1948
3540,99.9862,141.281,99.1452,59.8769,36.9131,49.9824,19.5495
3570,99.0601,141.433,99.6256,59.1287,36.2588,51.929,19.3246
3600,102.114,135.332,99.0289,62.2808,37.0681,47.727,19.2308
3630,102.357,135.786,100.002,60.0959,35.8676,49.8717,19.5962
3660,101.978,139.355,96.8704,59.5949,35.3312,47.1143,19.1297
3690,103.403,137.935,98.1344,60.6987,35.534,43.9703,18.7764
3720,104.244,140.931,95.7721,59.9553,35.4603,46.1539,19.5958
3750,105.065,140.249,97.1582,61.2786,35.1039,43.91,19.1785
3780,108.744,140.968,99.0064,61.9687,35.5414,41.1531,19.4009
3810,109.033,140.616,96.9383,62.1144,35.568,43.1512,19.2393
3840,103.311,134.916,95.8255,61.0476,36.1643,40.0798,14.9625
3870,104.236,134.32,92.8161,61.0981,36.2127,36.7081,15.3478
3900,105.465,133.96,95.7418,59.0414,34.9517,40.7288,15.2222
3930,101.769,129.018,95.2785,59.4103,36.6627,41.117,15.2275
3960,105.158,132.431,93.8938,61.969,35.0953,40.4435,15.2452
3990,106.247,132.85,94.053,58.8191,36.5426,43.8424,14.7562
4020,103.935,133.895,93.4672,60.7338,36.5574,42.8811,15.391
4050,102.802,129.435,92.5803,61.2643,37.6299,45.6124,14.9814
4080,104.121,134.931,93.8287,61.6189,36.0601,48.1683,15.3397
4110,104.31,129.526,96.2199,58.937,37.5126,48.6648,14.6793
4140,105.353,133.19,95.3059,61.3321,36.2701,52.507,14.5752
4170,102.944,134.428,95.465,59.0583,36.4863,53.9988,14.7535
4200,103.189,129.116,92.1747,59.8602,37.5147,54.1361,14.9155
4230,105.986,129.978,94.1607,60.9564,36.2331,58.9139,15.2729
4260,104.499,132.4,94.5076,60.2892,36.317,59.3967,15.3559
4290,102.789,130.674,91.9305,58.7988,36.8149,60.2803,15.3283
4320,105.338,131.162,92.8482,61.1466,35.5534,61.4829,15.3882
4350,105.122,132.863,94.6124,61.6444,36.1794,66.086,14.5657
4380,101.843,130.388,94.1243,61.3413,35.5585,68.048,15.212
4410,103.415,133.309,95.5265,62.1947,35.3488,71.0043,14.6114
4440,92.6988,114.722,85.6633,60.9467,37.3021,71.5363,12.3886
4470,98.3588,134.079,96.5166,68.9755,37.1232,71.3921,12.7212
4500,100.939,137.094,97.8525,70.8988,35.9423,74.6042,12.1692
4530,104.603,134.293,96.0996,69.3374,36.808,75.9976,12.8799
4560,100.897,133.556,98.1588,70.9989,34.7418,81.1117,12.7228
4590,102.091,133.392,99.6454,72.008,37.9224,77.3631,13.0008
4620,103.876,133.009,98.953,69.9852,34.8807,78.3843,12.9834
4650,102.293,135.824,96.7952,71.0993,36.1821,80.8298,12.5519
4680,103.834,132.916,96.7413,71.2295,34.9647,80.1539,12.5
4710,101.948,134.058,97.8063,69.2812,34.8812,78.9783,12.8925
4740,101.079,137.967,97.1777,69.4717,37.4709,79.1468,12.3564
4770,101.672,135.248,100.544,70.8834,37.1563,78.7458,12.6439
4800,103.472,134.651,97.527,71.1184,36.7197,78.7876,12.7883
4830,105.415,136.156,100.392,69.2376,35.783,78.3284,12.7344
4860,105.329,134.7,100.363,71.7508,34.8239,78.8786,12.3516
4890,103.386,133.616,100.233,70.3604,35.8292,78.5248,12.371
4920,102.392,135.433,95.9549,71.5763,35.0889,80.9895,12.2816
4950,104.016,136.167,97.6885,69.6275,36.4905,82.8963,12.7018
4980,104.25,138.617,98.5197,71.3999,35.9358,78.368,12.7148
5010,104.836,138.912,96.7466,70.5972,34.9927,82.2562,12.4752
5040,104.025,138.166,97.105,71.7921,36.0194,75.4892,12.7552
5070,102.596,136.143,96.1453,68.8893,35.5898,78.6607,12.5073
