Time,FC,PAS,PAM,PAD,temp,SpO2,FR
-1,91,179,117,98,37.3536,95,18
0,100.1,196.9,128.7,98,36.8307,95,19.8
30,98.1874,199.607,131.159,98,36.3077,95,19.6916
60,99.5245,193.837,130.249,98,35.7848,95,19.5803
90,102.054,196.639,130.841,98,35.2618,95,19.7845
120,99.1993,200.646,131.482,98,34.7389,95,19.3736
150,97.9743,195.771,126.017,98,34.2159,95,19.4233
180,101.5,199.595,131.232,98,33.693,95,19.6217
210,97.8702,200.109,128.75,98,33.17,95,19.4112
240,97.9645,201.058,129.214,98,32.6471,95,19.5151
270,99.5517,194.768,126.086,98,32.1241,95,19.5015
300,99.5599,201.194,129.232,98,31.6012,95,19.5432
330,100.564,194.863,125.582,98,31.0782,95,19.7568
360,111.688,192.081,139.864,98,30.5553,95,19.6173
390,109.762,200.603,139.577,98,30.0323,95,19.5052
420,98.6646,193.688,128.601,98,33.5162,95,19.649
450,100.117,200.716,127.314,98,37,95,20.093
480,99.2331,201.374,126.062,98,37,100,19.7431
510,97.0016,199.82,127.088,98,36.2248,98.3116,19.76
540,97.9224,159.256,104.139,78.4,37.5339,96.0183,19.1437
570,96.1108,155.164,103.305,78.4,36.0625,94.686,17.9307
600,94.6785,152.94,102.892,79.3687,36.4896,91.2568,18.3558
630,97.2674,160.691,103.654,76.7807,37.4445,90.4004,17.7759
660,88.3501,146.201,95.7155,73.293,36.8582,85.4015,17.2348
690,81.0736,135.221,58.7282,66.1828,37.4345,85.5112,16.6685
720,80.2467,132.235,56.6995,66.6781,36.0595,91.498,16.7806
750,79.4197,128.153,57.6151,67.5844,37.3871,87.7536,16.3109
780,78.5928,135.757,56.6672,67.4268,37.2486,85.1385,15.329
810,77.7659,134.488,82.5161,65.7971,37.559,85.2167,15.7189
840,78.3023,136.734,81.6735,65.4551,37.3864,84.4327,14.9198
870,76.2867,177.064,82.0659,65.6913,37.8458,83.6011,15.2343
900,77.9087,169.448,83.1323,67.6919,37.8435,81.0658,14.7117
930,82.7092,165.795,110.048,86.4829,36.6032,82.5242,14.7599
960,80.4647,166.847,110.874,85.1942,36.198,79.6152,14.5151
990,80.093,168.545,108.478,87.3202,37.6662,75.1129,14.322
1020,72.6416,152.803,100.316,81.3375,37.7692,72.2013,14.6338
1050,81.9066,155.261,106.006,74.913,36.1838,72.2224,16.0259
1080,80.6571,156.849,104.246,73.7988,37.4835,71.191,16.2093
1110,82.8161,157.054,103.886,71.8482,36.1526,66.1414,16.2496
1140,83.1476,156.137,107.385,74.8769,36.9104,63.1158,16.3275
1170,82.8698,156.863,106.69,74.9854,37.3281,61.0746,16.7198
1200,84.4524,159.801,106.493,72.0128,36.6687,61.9169,16.6074
1230,73.4126,142.956,95.7605,74.7198,36.3305,59.4658,15.098
1260,73.8405,144.873,97.0184,72.0182,36.6016,57.8591,14.4245
1290,76.3238,144,97.9169,72.0944,36.3812,56.5224,14.467
1320,76.8001,142.074,94.0843,73.6395,36.616,56.5296,14.8875
1350,98.0499,180.887,122.417,74.0199,37.5171,57.848,19.1429
1380,99.4088,182.285,123.21,72.0689,36.5689,56.6391,18.8219
1410,97.7743,186.023,121.767,72.6892,37.345,56.4088,18.982
1440,99.1157,183.303,122.957,74.0175,36.0864,57.4269,18.8939
1470,96.6444,179.989,124.909,74.7193,36.4834,56.8972,19.1427
1500,95.3213,180.314,121.744,74.7454,36.95,58.0628,18.7002
1530,98.6152,179.816,121.658,72.7014,37.8278,57.2975,19.1216
1560,98.1509,183.417,125.073,73.3423,36.2201,57.4758,18.8256
1590,95.6887,186.457,122.817,72.9938,36.1459,57.3765,18.9068
1620,96.4681,184.288,124.755,72.5965,37.4926,56.7759,18.8215
1650,96.3884,185.526,121.656,74.9453,37.6932,57.4991,18.8916
1680,98.9912,185.032,124.541,73.2513,36.6884,58.5988,19.3982
1710,97.1418,181.489,121.382,73.3572,36.5522,58.111,19.3424
1740,96.634,186.255,121.531,73.5557,37.2558,56.9222,19.2967
1770,97.1265,180.775,125.158,73.8574,36.1066,57.2742,19.1573
1800,99.2932,183.469,124.751,74.0861,36.7025,58.6208,18.8205
1830,98.3063,183.447,121.351,72.0134,37.5832,57.4458,19.117
1860,95.6467,185.331,122.765,72.9555,37.5384,58.2952,19.3792
1890,97.237,184.175,124.037,74.4775,37.587,58.5678,19.0498
1920,99.037,185.771,121.284,74.1195,36.9027,59.2397,19.0201
1950,107.718,202.194,134.407,73.2425,36.6108,58.6117,20.7437
1980,104.683,203.864,132.167,72.3373,37.5737,58.1625,20.7522
2010,106.899,198.191,133.756,71.8622,37.57,57.3282,20.9929
2040,107.008,203.403,133.235,73.257,37.5679,57.9382,20.4825
2070,105.351,200.246,134.46,71.8903,36.4265,57.4342,20.7153
2100,106.347,203.831,131.846,73.657,37.8504,57.1848,20.9134
2130,107.652,201.838,133.059,72.9732,37.6198,58.7074,20.647
2160,107.087,203.802,132.907,72.6396,37.7175,58.3422,20.891
2190,107.318,197.685,135.74,74.8539,37.0513,58.158,21.0858
2220,107.411,202.537,133.855,72.3938,37.4907,58.1019,20.9264
2250,107.452,201.665,134.082,73.3774,36.7146,58.8843,20.9953
2280,105.022,201.426,132.922,74.4452,37.182,58.172,20.4154
2310,106.386,198.352,135.346,72.3539,36.5384,58.639,20.4437
2340,107.681,199.159,132.26,73.3682,36.225,58.3268,20.86
2370,107.985,198.108,133.768,73.6207,37.5504,56.8813,20.3955
2400,104.854,203.031,135.842,72.8137,36.9733,57.3776,20.4554
2430,104.59,202.415,132.788,73.6172,37.8198,57.0357,20.9081
2460,75.9235,148.705,100.378,74.9212,36.2888,56.8932,15.1751
2490,75.9282,147.408,97.159,71.8903,37.4989,58.3526,15.2851
2520,77.5916,147.447,99.4734,74.0746,36.997,58.348,14.853
2550,79.4438,148.85,97.2885,71.978,37.2102,57.8908,15.3045
2580,77.5451,146.57,98.2006,74.2051,36.6893,57.532,15.3675
2610,77.0488,145.14,97.3043,73.8459,37.7965,57.6849,15.3369
2640,78.1856,149.741,97.7699,72.6354,37.2073,59.1952,15.5608
2670,75.552,147.221,96.5474,72.0644,36.9049,57.3441,14.9475
2700,75.3367,147.45,99.9935,73.7763,36.3492,57.3233,15.1043
2730,77.1944,146.367,96.8885,74.7712,37.5145,57.538,15.595
2760,77.5869,147.939,99.2522,72.5703,36.8369,58.3065,16.0426
2790,83.1547,153.945,105.351,73.9164,36.6871,57.1667,17.5552
2820,83.1535,155.343,105.585,74.6419,37.1618,58.3867,17.9734
2850,81.8533,154.228,105.993,73.6634,37.2465,57.2157,17.9269
2880,83.3669,152.968,106.748,71.8055,37.2656,58.1775,18.8823
2910,84.1003,159.025,104.165,73.1885,37.2712,57.9917,19.5817
2940,81.4992,157.942,103.461,74.985,36.5042,58.4668,19.892
2970,83.7678,154.6,104.805,72.436,37.143,57.0304,20.207
3000,81.0574,153.975,106.816,74.8181,36.6325,58.5333,20.7564
3030,84.3279,154.193,105.693,74.4873,36.486,58.9077,20.5011
3060,83.9876,154.731,104.111,72.3379,36.3383,57.666,20.7918
3090,81.78,152.543,103.247,72.3824,36.6866,57.927,21.0137
3120,84.1625,156.005,103.897,72.1428,37.455,56.9842,20.685
3150,80.3283,157.603,103.1,74.9876,36.1007,58.3294,21.4266
3180,81.1623,155.695,103.518,72.0917,37.5758,57.6971,20.899
3210,83.6901,157.162,105.024,72.82,37.3808,56.8888,20.709
3240,78.9272,158.902,107.082,74.8313,36.9434,54.8148,19.853
3270,79.0498,153.595,103.574,72.6133,37.785,56.5838,19.5047
3300,78.5493,158.84,106.348,72.0361,36.3955,58.094,19.1438
3330,77.9633,152.725,105.445,73.5703,37.9129,58.9916,18.5466
3360,77.4898,158.89,105.267,74.4912,37.8897,60.8959,18.8502
3390,71.7415,145.04,97.5576,74.9768,36.3335,59.72,17.1087
3420,75.6974,156.391,107.483,79.7931,37.2904,64.8144,17.2061
3450,77.5847,170.881,111.165,85.4839,37.8084,62.9479,16.033
3480,77.6808,172.079,112.014,87.3246,37.7734,64.9277,16.0303
3510,77.6136,168.596,113.803,87.8993,36.4143,65.7459,15.7499
3540,76.415,169.618,115.138,85.0086,37.3264,65.4436,14.5703
3570,80.4081,165.576,115.278,88.0514,37.4508,64.849,14.6544
3600,80.356,168.458,112.72,85.261,36.658,68.7885,14.9646
3630,79.5432,167.446,113.387,87.0834,37.3437,67.3438,14.685
3660,82.6934,171.219,112.375,88.0699,36.7356,68.5376,14.2775
3690,80.4657,170.049,111.224,88.1828,37.2357,68.305,14.9528
3720,82.5295,166.381,110.917,84.8416,37.0327,71.0087,14.4332
3750,85.0408,166.422,111.322,84.8867,36.7821,73.0031,14.8328
3780,83.0726,171.904,112.019,88.1125,37.3258,73.515,14.9417
3810,82.9453,171.917,114.886,84.8898,37.0271,76.1978,14.2762
3840,83.3442,165.864,114.943,86.5466,36.3627,76.7788,14.7083
