Time,FC,PAS,PAM,PAD,temp,SpO2,FR
-1,132,130,84,74,36.6238,98,19
0,145.2,143,92.4,74,36.1111,98,20.9
30,146.955,143.281,93.9378,74,35.5984,98,20.9945
60,146.805,143.563,92.5831,74,35.0856,98,20.5201
90,144.976,146.013,90.892,74,34.5729,98,21.0675
120,142.017,142.468,91.1255,74,34.0602,98,21.3329
150,146.861,140.342,93.8783,74,33.5474,98,21.1309
180,146.543,141.126,91.2969,74,33.0347,98,21.1003
210,142.37,141.265,91.3441,74,32.5219,98,20.8788
240,147.264,140.358,91.9476,74,32.0092,98,21.0056
270,146.058,140.46,90.2175,74,31.4965,98,20.8685
300,147.063,140.143,92.849,74,30.9837,98,20.4752
330,143.745,144.519,91.6164,74,30.471,98,21.2811
360,157.778,141.867,99.8204,74,29.9583,98,21.1951
390,155.971,144.964,103.465,74,29.4455,98,21.4175
420,155.994,141.94,99.9027,74,33.2228,98,20.911
450,161.151,147.634,103.068,74.74,37.3322,98.98,20.6916
480,146.965,145.402,91.9805,75.9612,37.0822,99.0906,20.9916
510,147.357,143.619,94.0414,76.3198,37.1009,98.2215,21.5408
540,144.033,142.029,94.2713,73.6432,37.2106,96.8555,20.3676
570,144.85,114.888,75.0421,61.7533,37.3615,92.6005,20.4793
600,142.663,115.484,72.6288,59.5851,36.3289,91.5329,20.0217
630,142.722,114.388,73.4725,61.5936,37.3805,88.8341,19.5012
660,137.402,116.015,73.4978,58.6954,37.7133,86.3854,18.9328
690,140.67,114.583,75.2745,60.5811,36.8415,84.2113,17.8524
720,126.933,96.5576,61.0453,54.6375,37.3291,78.4265,17.2193
750,118.274,96.6859,41.4953,49.2939,37.4569,78.4867,17.0226
780,114.091,98.5329,40.8259,49.1485,36.2767,94.9227,17.2364
810,117.273,98.5297,41.2621,49.4967,36.5666,94.6955,16.8617
840,110.849,94.4826,41.1806,66.6171,36.2697,91.1406,16.1446
870,110.04,96.9686,40.4696,66.2744,38.0018,89.0343,15.2624
900,107.96,128.579,57.8789,65.3433,36.9559,82.9778,15.6063
930,114.519,124.521,57.5982,63.4322,36.8498,80.2154,15.4447
960,109.461,123.406,57.6708,64.3639,38.1079,85.1283,15.9837
990,120.978,121.46,78.0725,64.3872,36.8636,82.6173,15.6616
1020,118.902,125.087,78.2749,63.994,36.6365,79.869,15.991
1050,114.238,124.713,74.7474,64.2274,38.0926,73.6295,15.6522
1080,106.237,104.693,66.7481,59.7978,38.0911,69.8858,15.4085
1110,120.548,114.578,71.4634,53.9144,36.7011,71.3719,17.0891
1140,116.602,115.175,75.3171,56.9255,37.7912,67.7234,16.7749
1170,120.277,113.697,75.3896,56.4563,37.3132,66.5853,16.7083
1200,116.58,110.798,73.453,55.5131,38.0726,60.21,17.6052
1230,145.192,134.463,87.5702,55.2168,36.6318,57.7704,21.1805
1260,123.406,114.542,87.6695,55.0858,36.5699,58.0467,20.9404
1290,127.881,117.351,85.0218,55.2228,36.8905,52.897,20.8465
1320,127.309,115.937,84.2551,56.9269,37.6009,55.2489,21.0616
1350,109.496,100.357,67.6146,54.014,37.1281,53.7073,16.2727
1380,109.307,105.545,66.4773,55.6651,38.2509,51.7757,16.7022
1410,137.149,137.478,85.5481,56.2943,37.4446,55.0703,20.4396
1440,154.275,144.117,93.7624,55.1341,37.3199,54.9576,22.0882
1470,155.952,149.828,98.8097,55.6954,37.5625,52.083,23.1371
1500,155.167,150.399,96.3373,55.2331,37.1793,53.5457,22.4191
1530,127.835,121.966,76.722,55.3256,37.2706,53.1468,18.2716
1560,124.985,118.819,78.7307,56.8147,36.6988,55.7566,18.3645
1590,130.076,122.249,79.9091,56.776,36.5035,53.7661,18.5122
1620,130.472,122.169,77.4398,56.5914,36.6071,53.9223,18.3294
1650,111.491,106.463,66.648,53.9761,36.9176,53.353,16.0195
1680,111.498,103.304,68.1722,57.2578,37.5187,53.0027,16.0828
1710,111.818,99.2356,64.9871,56.0951,37.331,55.9732,15.7433
1740,110.382,100.562,64.0706,55.602,37.6297,52.6519,15.5518
1770,104.429,103.037,67.3173,56.035,36.9564,56.5546,15.989
1800,120.677,110.579,72.7989,56.2985,37.7452,52.8773,17.5328
1830,94.7934,89.6902,59.3961,55.6209,36.989,55.8269,17.0127
1860,90.969,91.1111,60.3246,56.8551,37.675,55.8386,17.2221
1890,95.3573,93.4712,60.4101,56.1126,37.0539,54.1683,17.1347
1920,90.0402,89.5508,57.0463,56.6791,37.2411,54.5157,17.3692
1950,94.3914,91.8816,57.9179,54.1845,36.2901,56.5056,17.5267
1980,95.1787,91.8822,61.2208,56.4733,36.6341,55.7173,17.4683
2010,91.8977,90.7573,56.9074,56.9986,36.93,56.5091,17.407
2040,90.708,89.4849,61.2315,53.9119,37.4132,52.5119,17.7487
2070,93.7576,91.3523,58.9496,53.6932,36.6275,56.0676,16.982
2100,94.4194,92.2308,61.074,54.3806,36.8315,56.4525,16.7691
2130,119.081,111.601,73.0892,54.0234,36.3675,55.8891,16.9726
2160,118.56,111.932,73.0229,56.9416,36.1016,55.1267,16.925
2190,119.68,112.192,74.428,55.1901,36.6278,54.2666,17.4222
2220,118.77,108.942,73.1402,55.0724,36.0158,55.0872,17.5831
2250,117.131,110.688,72.8922,55.4938,36.3156,53.5727,17.6013
2280,116.529,107.679,73.2061,54.9614,37.4706,53.8156,17.2216
2310,112.55,106.926,71.1642,53.6052,37.3435,53.191,17.3973
2340,114.347,111.93,74.379,54.026,35.9498,55.0813,17.4829
2370,113.669,108.702,70.5222,56.6558,37.4138,55.9938,17.2913
2400,113.318,107.83,69.6935,56.2039,36.412,55.4887,17.0131
2430,113.97,107.451,71.5853,54.6256,36.1198,55.3415,17.2378
2460,112.184,113.486,73.4982,54.6312,37.1226,55.4325,17.3583
2490,118.382,109.202,74.4829,57.2492,37.0303,52.6151,17.7873
2520,116.361,113.597,70.5822,56.1242,36.0932,52.9147,17.3417
2550,115.966,113.299,72.1593,56.2463,35.9184,56.3176,16.9302
2580,113.978,110.861,71.2667,54.456,36.8469,52.3794,17.4798
2610,114.34,112.443,74.4679,53.838,36.1494,56.4856,16.9911
2640,118.839,107.156,74.1828,55.0136,35.9191,52.3795,17.0053
2670,113.868,108.796,72.1221,56.1979,36.2657,51.9051,17.3745
2700,114.599,113.038,71.9198,55.6014,36.7311,55.7701,17.7881
2730,105.249,105.789,66.3005,54.8593,37.1119,53.3862,15.8629
2760,123.719,118.318,78.5306,60.8972,36.3912,53.9539,15.5976
2790,119.67,120.347,77.2433,64.8914,37.3382,55.5352,15.8111
2820,117.316,121.95,79.939,64.1216,37.0004,52.9684,16.5131
2850,117.859,116.676,79.9825,63.4659,37.4583,52.3523,16.1522
2880,121.43,119.628,76.3342,64.52,36.9807,54.4864,15.8184
2910,124.19,123.685,78.4192,63.9082,36.668,55.1217,16.5442
2940,119.029,119.886,77.7836,64.0728,36.064,52.0562,16.3732
2970,122.881,119.025,80.2322,66.158,36.2902,54.3537,15.7232
3000,117.931,121.604,80.3499,65.5041,37.6435,55.6823,15.8363
3030,121.66,119.609,79.3707,64.8526,36.2553,56.6197,16.5332
3060,122.28,122.031,81.1326,62.6981,35.8255,52.7118,15.9709
3090,117.878,119.228,77.6293,66.1666,36.6523,56.5427,16.4864
3120,122.361,120.951,76.9867,65.9455,35.8417,55.9542,16.2391
3150,116.97,122.023,81.3807,65.157,37.3754,54.2913,15.8322
3180,117.748,120.972,77.7313,65.8819,35.8084,52.4397,16.4647
3210,117.266,119.784,78.0664,63.6268,36.5502,54.271,15.7362
3240,124.25,120.831,77.049,65.3299,37.2277,52.6425,16.1376
3270,124.146,124.774,77.785,66.4458,36.6383,52.7357,16.2126
3300,120.768,122.5,81.2346,65.2056,35.743,52.5398,16.0321
3330,119.225,120.481,79.2902,63.9454,35.9794,54.9865,15.8822
