Time,FC,PAS,PAM,PAD,temp,SpO2,FR
-1,109,179,123,115,36.7933,95,22
0,119.9,196.9,135.3,115,36.2782,95,24.2
30,120.589,200.532,133.672,115,35.7631,95,23.8573
60,117.894,198.147,134.005,115,35.248,95,24.7268
90,121.261,201.57,133.192,115,34.7329,95,23.6709
120,117.904,197.335,136.811,115,34.2178,95,24.1641
150,120.407,193.887,132.122,115,33.7027,95,24.6857
180,121.364,193.954,137.135,115,33.1876,95,23.9384
210,118.223,192.658,138.07,115,32.6725,95,23.7591
240,119.685,195.299,132.669,115,32.1573,95,24.2978
270,121.178,198.895,132.77,115,31.6422,95,24.06
300,122.339,192.868,135.823,115,31.1271,95,23.7924
330,121.929,198.296,134.373,115,30.612,95,23.9176
360,134.453,200.491,147.62,115,30.0969,95,24.7362
390,134.723,200.413,147.259,115,29.5818,95,24.5836
420,132.876,194.179,148.877,115,29.8291,95,23.627
450,129.94,197.57,146.139,115,30.0764,95,23.6113
480,122.174,195.371,136.344,115,30.3236,100,24.75
510,117.687,196.987,137.662,115,30.5709,98.2628,23.8916
540,118.217,158.428,107.204,92,30.5125,90.8802,23.145
570,119.394,155.29,105.398,92,30.7597,89.0528,21.9095
600,117.68,154.27,106.942,92.2175,31.5937,87.9136,22.0534
630,116.416,154.697,104.467,90.544,31.2765,82.5866,20.9218
660,104.976,147.741,90.3388,76.8145,31.1715,79.75,20.6518
690,96.2067,135.104,57.8005,77.0425,32.0979,75.5139,20.1714
720,95.1885,138.66,59.4331,80.3393,31.983,88.9783,19.7482
750,94.1704,129.888,57.5482,76.2552,31.8895,83.372,19.1579
780,93.1523,135.185,58.5663,78.2385,33.1757,84.0468,19.253
810,92.1342,170.877,87.5035,101.418,32.5211,77.5711,18.0797
840,91.1161,172.991,86.7897,102.07,33.6497,75.2561,17.6713
870,91.1161,178.335,85.8585,100.94,32.8742,73.4923,17.9324
900,90.1388,175.584,87.0257,100.153,33.4383,73.9056,17.9184
930,99.3588,178.103,113.594,101.932,34.0327,65.8063,17.8053
960,99.6702,174.347,115.153,103.065,34.28,65.9466,17.3149
990,97.5203,176.763,114.75,102.604,34.5273,61.6402,17.8238
1020,91.0915,165.208,98.5782,87.4395,34.7745,57.7905,17.434
1050,99.6876,161.651,108.324,87.9372,35.0218,55.1402,19.4806
1080,97.4139,164.315,107.963,87.0218,35.2691,49.5888,19.4584
1110,96.9006,161.848,109.753,84.1729,35.5164,45.7448,19.6043
1140,95.4505,165.306,107.642,86.6487,35.7636,44.2703,18.992
1170,97.3477,163.659,107.714,84.4284,36.0109,39.8735,19.6874
1200,97.763,161.323,110.066,87.1958,36.2582,35.5675,19.5378
1230,88.5923,147.409,99.9658,87.2487,36.5055,34.1038,17.7002
1260,91.0184,146.207,99.7812,87.6599,36.7527,28.754,18.0152
1290,92.1616,149.812,100.097,86.6437,37,29.1751,17.7486
1320,87.4562,146.011,99.6669,86.2155,37,29.1444,18.0534
1350,116.467,191.148,129.995,87.7041,36.5884,29.4106,22.7476
1380,114.093,186.597,128.479,84.231,37.6726,29.5423,23.4765
1410,113,189.09,129.299,85.6796,36.1453,29.5582,22.9833
1440,115.77,188.892,128.566,84.2192,37.0591,29.6979,23.2698
1470,112.36,187.559,127.112,87.6034,37.7993,29.3873,23.5042
1500,113.069,191.879,129.942,86.4372,37.7343,29.6052,23.3089
1530,116.098,188.111,128.031,87.7922,37.3753,29.5441,23.0555
1560,115.979,192.421,128.937,85.8072,36.6863,29.6298,23.152
1590,116.647,187.065,126.314,87.729,36.6502,29.7363,23.5102
1620,113.253,189.345,129.112,85.849,36.6613,29.9406,22.7657
1650,113.092,186.503,129.106,87.8569,36.6475,29.7838,23.5876
1680,111.984,188.609,127.359,86.9982,36.6067,30.2,22.8926
1710,115.303,187.622,128.965,85.948,36.6679,30.0821,23.1057
1740,115.377,186.639,127.23,87.4648,37.0331,30.2054,23.0169
1770,116.495,189.986,127.728,84.2949,37.1753,29.7487,22.7329
1800,116.877,187.876,130.267,87.6269,37.174,29.8405,23.3374
1830,116.752,187.803,129.839,86.0214,36.8756,29.9771,23.6269
1860,116.047,188.041,127.781,85.5802,36.6662,30.0511,22.9512
1890,116.51,190.561,128.603,86.6871,36.4708,30.204,23.3856
1920,116.352,186.682,129.313,86.8432,36.6316,30.0671,23.2995
1950,128.384,208.934,139.188,87.0873,36.4488,29.7875,25.0652
1980,126.954,207.108,138.984,85.5933,37.8482,30.039,25.5308
2010,125.004,204.704,137.992,84.5523,37.8808,30.0193,25.5469
2040,124.52,206.406,140.119,87.9431,37.268,29.8345,25.4752
2070,128.663,208.857,139.374,87.3346,37.7954,30.0318,25.3862
2100,124.2,207.806,141.814,87.0506,36.9858,29.7773,24.9516
2130,125.953,207.768,141.96,86.9125,36.2985,30.193,25.602
2160,124.008,206.265,140.676,85.2121,36.3545,29.777,25.0766
2190,127.84,205.152,142.288,86.9539,36.731,29.8775,25.3536
2220,125.039,208.955,138.744,85.7103,37.5055,29.7495,24.9802
2250,124.935,204.07,139.361,86.8644,36.1203,29.838,25.2285
2280,124.263,203.949,139.173,85.0322,37.5096,30.181,25.3037
2310,128.558,203.017,141.478,86.88,36.934,30.1214,25.2425
2340,127.966,203.539,138.066,84.5057,36.3048,29.8287,25.2968
2370,128.398,204.726,140.991,84.735,37.1108,29.7256,25.6349
2400,126.676,204.54,139.328,86.9,37.0244,30.0247,25.7163
2430,125.062,206.181,140.067,84.9356,37.2236,29.864,25.6878
2460,89.9086,149.312,101.925,87.5789,36.5788,29.9329,18.0639
2490,91.6094,153.015,102.492,85.2313,36.1083,29.8241,18.4848
2520,92.6065,150.308,101.644,84.7242,37.1405,30.0467,18.89
2550,89.9304,150.411,103.941,85.5613,37.6312,29.885,18.6145
2580,91.9805,152.854,102.506,86.2133,37.5268,30.1832,18.4812
2610,89.7539,150.982,102.187,85.8453,36.1955,30.212,18.7562
2640,89.8865,149.959,101.041,86.636,36.9923,29.9808,18.8255
2670,93.2019,148.979,101.057,86.8211,36.3746,29.9586,18.5844
2700,94.4315,150.717,104.199,84.6219,37.5535,30.0003,18.6815
2730,94.4305,150.879,102.798,87.1809,36.8499,30.2051,18.3008
2760,98.2292,148.764,101.25,86.4744,36.2993,29.9455,18.824
2790,105.896,163.976,107.969,86.4033,36.1458,29.9921,19.5385
2820,103.83,158.003,110.232,86.9434,36.8005,30.1051,20.0716
2850,104.811,159.98,108.777,86.1805,37.4024,29.774,19.572
2880,105.537,158.366,109.052,84.1378,36.3531,30.14,19.8386
2910,107.264,159.726,108.349,84.2955,36.5997,30.1137,19.8598
2940,108.551,159.985,110.607,86.1015,36.838,30.1242,19.4946
2970,112.14,161.562,106.969,87.9322,37.8381,30.0473,19.7556
3000,112.454,162.912,110.273,87.2127,37.7639,29.9487,20.0191
3030,109.22,159.766,108.345,85.3881,37.2616,30.1574,19.6117
3060,113.799,162.096,106.522,85.0502,36.1433,30.2078,19.9705
3090,111.266,162.874,106.492,85.0772,36.8062,29.7825,19.4859
3120,110.738,163.021,109.867,84.1877,37.2274,30.0432,20.0313
3150,111.737,158.529,109.255,86.4127,36.9248,29.7486,20.1292
3180,109.42,163.994,107.794,84.2067,37.2715,29.8816,19.5074
3210,112.514,159.775,106.552,84.612,36.3032,29.7342,19.6131
3240,111.635,159.02,109.194,87.4357,36.1323,29.9181,20.0858
3270,112.355,158.139,109.57,84.8374,36.4667,29.8906,19.9946
3300,112.446,160.586,109.601,87.0697,36.8467,29.7248,20.001
3330,108.286,160.167,106.696,86.9767,37.3879,32.3858,18.9507
3360,111.678,163.105,107.113,85.1146,36.7236,35.2363,19.2922
3390,98.7468,146.84,98.2304,84.5083,36.1797,37.728,16.988
3420,106.573,159.173,112.361,96.0707,36.5714,41.3505,16.5305
3450,104.716,166.667,115.36,99.5533,36.2865,41.5969,16.2663
3480,107.437,173.005,111.51,99.1302,37.4201,43.9557,15.0183
3510,103.014,170.373,115.826,97.1966,37.824,46.5499,14.9917
3540,101.74,170.737,112.539,96.9923,36.4273,49.9371,14.4835
3570,102.831,166.57,111.68,98.0759,36.2356,54.5005,14.7814
3600,101.339,167.792,111.605,96.9483,36.1879,57.3125,14.608
3630,102.478,171.175,113.5,99.3974,37.4219,59.924,15.1789
3660,98.0859,173.103,115.858,97.7518,37.7569,60.0762,15.2173
3690,98.6846,171.427,111.693,97.8354,36.3389,60.4988,15.5457
3720,100.826,167.563,113.067,100.143,36.7571,64.2573,15.8203
3750,99.8907,168.398,113.686,96.9052,37.7958,69.1958,16.1778
3780,100.919,172.56,114.992,98.8853,37.4493,70.4164,16.7311
3810,100.891,167.202,115.106,99.4433,37.5634,73.6571,17.338
3840,102.199,172.872,115.058,98.4632,36.1617,72.5423,18.0643
3870,99.8275,169.473,115.2,99.5825,37.3766,75.7279,18.1901
