Time,FC,PAS,PAM,PAD,temp,SpO2,FR
-1,105,143,110,88,37.3781,96,16
0,115.5,157.3,121,88,36.8549,96,17.6
30,117.028,159.403,123.3,88,36.3316,96,18.0076
60,113.912,160.602,118.459,88,35.8083,96,17.9933
90,114.137,157.412,121.925,88,35.285,96,17.8375
120,116.552,156.377,121.378,88,34.7617,96,17.7414
150,117.33,160.397,123.327,88,34.2384,96,17.5026
180,112.674,154.878,118.929,88,33.7151,96,17.9091
210,117.544,153.423,122.646,88,33.1918,96,17.7927
240,117.7,158.708,119.392,88,32.6685,96,17.3707
270,114.378,155.304,121.733,88,32.1452,96,17.3153
300,115.666,158.215,118.406,88,31.6219,96,17.597
330,117.248,160.035,122.135,88,31.0986,96,17.5734
360,129.025,158.035,133.068,88,30.5753,96,17.9441
390,126.097,156.587,133.644,88,30.052,96,17.2788
420,117.096,155.332,132.489,88,30.2836,96,17.318
450,116.545,160.621,131.2,86.6385,31.1922,95.9149,18.1314
480,113.042,160.555,121.321,87.4035,31.0567,96.1236,17.6248
510,113.813,158.653,124.894,87.0075,30.1629,101.983,18.03
540,115.672,158.437,122.221,89.3009,31.0736,96.2894,17.0258
570,112.861,122.218,96.1606,71.939,30.9521,95.0353,17.0646
600,114.393,130.455,97.5434,69.6157,30.8269,88.3709,16.0492
630,114.63,121.728,98.3391,69.3244,31.3857,86.1206,16.0993
660,111.214,120.969,95.9159,68.4497,32.5678,82.0312,15.1891
690,112.837,118.743,93.3818,71.6452,32.8546,81.3782,14.6151
720,151.723,69.1394,91.9451,40.7561,32.5814,77.2722,15.0615
750,148.76,69.4389,92.5564,41.1127,31.9549,88.3917,14.185
780,148,58.7105,93.3349,40.7517,33.4263,86.3743,13.7261
810,150.244,60.2922,97.0866,40.1495,33.7078,85.2737,13.3189
840,146.905,63.7361,95.0267,60.3157,34.1414,79.3873,13.2017
870,148.962,66.8227,93.0924,57.3309,34.8419,78.2188,12.6554
900,145.888,59.3482,97.1185,57.8273,33.8298,72.407,13.3936
930,148.032,65.5292,98.6779,58.0447,33.6374,69.6718,13.4874
960,148.731,103.565,116.695,58.1254,34.1957,66.8864,12.8136
990,150.99,97.9592,119.685,58.4984,35.6798,62.6981,12.399
1020,149.557,96.3833,116.798,58.0627,34.5499,56.4357,13.2495
1050,149.948,93.3396,117.353,58.9068,35.5999,55.8368,12.6526
1080,149.014,93.3959,121.464,60.2086,36.2955,50.9941,12.756
1110,152.066,98.2667,118.304,60.5774,35.1075,48.8718,13.0357
1140,153.732,92.2951,121.814,59.7194,36.2566,43.0508,12.3644
1170,147.775,101.11,124.589,60.9402,35.8972,43.8687,12.9118
1200,148.227,96.7565,118.495,58.7957,35.8292,37.2609,13.3024
1230,104.955,134.539,125.624,77.1391,37.7621,36.9604,12.4168
1260,98.6218,122.877,101.94,71.0056,36.5483,31.0551,13.478
1290,90.9494,119.69,72.9566,67.1339,36.4236,26.2318,12.565
1320,91.5836,115.713,70.0603,65.5369,36.831,78.9255,12.9256
1350,91.8598,114.188,71.1317,66.4735,36.5313,75.7046,12.505
1380,90.8827,121.215,69.8802,64.9639,37.0989,77.0393,13.1989
1410,91.3946,121.989,70.5127,64.3463,37.4265,77.5357,13.4875
1440,91.3142,115.915,72.3196,64.3133,37.7403,76.6096,12.6136
1470,90.7694,114.777,71.2351,66.9143,37.0006,79.932,13.2527
1500,88.9842,114.153,69.3039,66.9528,36.6021,83.3911,13.2212
1530,95.5948,114.372,96.2878,65.1979,36.4334,81.6961,13.169
1560,96.6531,114.782,99.9525,63.7947,37.7184,82.2838,13.0149
1590,95.7803,116.813,97.5631,64.3279,36.4917,83.7288,12.9894
1620,88.2387,107.285,84.7714,61.2841,37.6641,84.095,13.5002
1650,95.3978,109.407,93.7481,55.1861,37.5084,83.9919,14.7148
1680,97.26,107.54,95.7208,57.2164,37.2129,80.777,14.8043
1710,96.4613,106.366,92.1766,55.6462,38.954,83.5403,14.4579
1740,98.2936,105.926,92.2088,55.4202,37.3337,81.7598,14.2237
1770,120.768,129.643,113.821,54.3662,37.526,84.2882,17.3803
1800,101.566,113.235,95.9709,55.782,36.6322,81.8724,17.5646
1830,105.463,111.522,95.1672,56.9747,37.8794,81.147,17.3606
1860,102.582,110.54,98.3666,54.6345,36.4093,81.4898,17.4479
1890,105.53,113.463,97.5938,56.4511,36.5511,80.0337,17.2883
1920,102.384,109.724,98.3607,55.2864,36.9042,84.6263,17.6383
1950,104.105,108.138,97.317,54.1539,38.358,86.0647,17.2463
1980,101.951,108.809,96.6427,55.7432,37.0815,88.6842,17.3079
2010,103.44,111.406,99.3314,56.083,38.8821,88.0796,17.2894
2040,102.27,111.658,97.7415,57.1192,37.5631,86.8123,17.3607
2070,120.631,126.466,115.675,55.3526,38.2588,86.8638,19.1012
2100,121.998,132.498,116.001,54.2518,37.136,85.8465,18.465
2130,121.905,128.012,117.148,56.8876,36.6304,84.234,18.7203
2160,118.31,130.359,115.301,56.2873,37.1777,88.8161,18.963
2190,122.035,128.512,114.623,56.42,36.8444,87.2708,18.4252
2220,120.926,126.792,114.581,54.6673,37.0837,85.7441,18.6752
2250,121.505,126.289,114.72,53.7312,36.5895,86.2051,18.8216
2280,121.665,131.203,114.898,57.4602,36.6455,87.709,18.7782
2310,120.426,132.355,114.788,56.1979,37.9272,87.4579,18.6087
2340,122.178,131.938,116.28,55.3217,37.4007,87.9611,18.5036
2370,121.867,132.853,114.425,55.2074,36.5292,88.7702,19.1539
2400,119.388,127.323,118.507,57.0252,37.1395,85.9403,19.0678
2430,120.769,130.085,116.361,54.6001,36.3053,86.5966,18.6729
2460,118.396,126.241,117.517,55.221,37.7541,86.7101,18.951
2490,120.416,130.651,114.362,56.3865,35.6083,87.5715,18.7701
2520,119.184,130.847,115.501,55.9566,37.1687,86.4546,19.1545
2550,126.193,133.832,122.001,56.3988,36.8462,84.4448,19.322
2580,128.118,139.591,124.056,56.0154,36.1342,85.7674,19.8091
2610,128.491,136.899,123.855,53.8565,36.5896,86.6919,19.6806
2640,129.322,139.859,122.49,55.1856,37.6401,86.0269,19.7876
2670,128.658,138.042,123.733,53.8006,36.876,85.5375,19.1891
2700,127.438,140.323,124.209,57.0377,35.232,88.004,19.8394
2730,127.501,136.595,125.644,57.4182,37.1783,87.6551,19.6592
2760,127.282,134.123,121.379,57.4218,37.3044,88.359,19.9752
2790,126.202,136.922,124.135,55.3675,36.7431,86.6898,20.2842
2820,129.753,135.243,123.263,53.793,35.5891,88.9081,20.7266
2850,128.84,140.467,124.428,55.1136,36.2275,84.5438,21.2047
2880,127.915,135.038,125.345,54.7804,37.1287,88.7131,21.5212
2910,126.665,138.005,122.446,54.619,36.9729,88.168,21.6909
2940,129.965,135.738,124.003,54.3512,36.415,88.2411,21.8656
2970,127.838,137.296,124.46,57.2483,37.3867,87.7383,22.363
3000,129.478,137.678,124.733,55.7375,36.017,85.2,22.7987
3030,126.667,136.584,124.828,56.7387,35.5781,84.942,22.9185
3060,132.127,140.537,126.383,55.0983,36.58,86.2008,25.1462
3090,131.217,142.752,127.452,55.7505,35.8301,87.6339,25.4137
3120,131.961,138.243,129.625,57.8595,36.1731,85.6522,25.8603
3150,131.014,142.506,128.844,56.5805,36.7391,87.018,25.19
3180,132.061,141.294,127.159,56.6095,37.2621,84.5265,25.3183
3210,133.964,139.307,128.69,55.524,36.2203,87.4087,25.3253
3240,134.754,139.758,126.495,56.3662,36.4189,86.5226,25.1413
3270,134.647,137.523,128.378,57.4055,34.7612,88.3736,25.4881
3300,137.706,137.861,125.844,56.9644,36.397,88.6432,25.6058
3330,137.277,140.614,130.017,55.1025,37.2176,86.2879,25.5686
3360,136.118,141.183,126.052,56.9256,35.7038,87.4366,25.5294
3390,139.811,138.757,127.114,57.2556,35.5005,85.2378,25.3784
3420,138.012,139.058,130.381,55.5843,36.8417,85.9258,25.3634
3450,138.27,143.286,126.391,55.9615,36.3443,83.3525,24.5199
3480,136.974,137.889,126.544,55.7419,37.2349,80.0372,23.9076
3510,136.312,138.663,126.29,56.4839,35.7667,77.231,23.6536
3540,137.347,143.351,125.802,54.5937,37.6741,70.3446,22.7905
3570,137.04,138.681,128.793,55.5427,37.0891,71.4877,22.1014
3600,135.434,137.526,127.354,55.9562,36.5099,68.5598,21.5905
3630,133,143.88,128.27,57.5218,35.7717,64.5688,21.7806
3660,131.246,141.451,130.348,54.7689,35.5024,64.1788,20.8739
3690,129.741,137.451,128.992,54.5102,36.6481,63.252,20.3614
3720,130.069,140.148,129.483,56.2269,36.741,66.0369,19.6137
3750,128.851,137.648,129.923,57.7472,36.1261,68.258,19.6194
3780,126.703,142.965,129.731,56.8293,36.3414,65.0597,19.0802
3810,127.476,142.561,125.954,57.89,35.1601,66.9879,19.6884
3840,128.704,138.23,127.224,55.1128,37.3142,67.3209,19.2651
3870,130.201,138.499,126.435,55.7865,37.4107,67.2459,19.5465
3900,129.925,144.21,127.077,56.9043,35.4447,70.6476,19.3702
3930,126.957,142.724,127.288,55.9971,37.3031,69.1537,19.3522
3960,129.896,141.604,128.456,56.5271,36.8308,72.5547,19.281
3990,126.627,137.509,128.851,56.9514,35.9507,70.6427,19.6649
4020,129.89,141.821,127.929,54.4917,34.7633,71.8024,19.1265
4050,131.891,145.025,129.369,57.7317,36.7896,71.5656,17.737
4080,103.193,116.534,104.979,57.7511,37.0623,71.7181,18.1068
4110,104.439,116.482,103.092,57.2643,37.1231,74.1913,17.8879
4140,103.232,110.878,103.374,56.1103,36.6625,74.6687,17.6948
4170,104.653,111.002,101.44,55.3983,36.7626,75.1752,17.759
4200,102.535,113.029,101.876,54.5085,35.2435,79.8133,18.1108
4230,102.507,112.095,103.512,58.0419,34.6579,81.4185,17.8672
4260,102.16,116.938,105.286,56.1167,36.9155,85.9338,18.0229
4290,103.706,115.763,105.383,56.106,35.5491,89.7092,17.8417
4320,104.956,116.97,103.1,57.8924,35.4677,92.79,17.9678
4350,103.464,111.994,103.579,56.4035,36.8606,97.5382,17.913
4380,100.435,111.194,101.005,57.5812,36.2134,98.5531,14.1171
4410,98.2474,107.995,97.9425,56.6007,36.1767,104.365,13.9944
4440,96.626,108.153,99.4139,55.8146,36.2801,104.175,13.5857
4470,98.8769,108.577,99.7076,57.8599,36.5512,101.564,13.7638
4500,98.8581,107.782,97.5449,57.8391,35.8248,103.315,13.7811
4530,97.1861,105.831,96.4172,54.6048,34.7538,103.233,13.6165
4560,98.4031,107.845,99.1611,54.956,36.7425,101.015,13.6683
4590,96.6855,105.125,97.2859,56.456,36.7915,104.114,13.6284
4620,96.5163,106.388,97.0043,54.556,37.8087,101.777,13.5199
4650,96.5919,108.377,97.0143,55.2395,36.952,101.582,14.1469
4680,97.7617,105.138,96.6803,54.5353,36.1013,101.013,13.8939
4710,98.1209,108.551,96.9563,54.6713,34.7262,100.928,13.5398
4740,97.583,108.023,97.0803,55.1351,36.1586,100.816,13.72
4770,96.8818,107.879,99.0973,56.5968,36.8036,101.907,13.9
4800,96.5191,108.943,99.3597,56.5266,37.8523,100.164,13.6866
4830,98.3447,106.87,98.1657,56.5161,36.2336,102.727,13.8853
4860,96.8904,110.685,100.023,56.0613,35.2319,103.319,13.835
4890,98.3508,107.508,96.757,57.2332,36.0983,101.115,13.7135
4920,97.0555,111.7,100.681,54.6727,36.0996,101.31,13.6934
4950,97.7509,110.246,100.539,56.7821,36.1413,100.438,13.8288
4980,87.0216,100.325,90.1694,57.3225,37.5407,100.806,11.5682
