Time,FC,PAS,PAM,PAD,temp,SpO2,FR
-1,56,106,70,53,36.8196,100,11
0,61.6,116.6,77,53,36.3041,100,12.1
30,62.2617,114.424,76.7008,53,35.7887,100,12.2041
60,63.1287,117.971,75.7471,53,35.2732,100,12.3601
90,60.59,119.5,75.6132,53,34.7577,100,12.3045
120,62.2572,119.025,75.0914,53,34.2422,100,12.079
150,62.6136,115.984,77.6867,53,33.7267,100,12.2006
180,62.3557,117.205,78.1242,53,33.2113,100,11.952
210,62.6463,115.493,78.8849,53,32.6958,100,12.3109
240,62.9683,113.75,78.3361,53,32.1803,100,11.8769
270,62.8998,118.262,75.2606,53,31.6648,100,12.0589
300,61.266,114.634,78.2528,53,31.1494,100,12.2297
330,62.3277,117.21,76.3035,53,30.6339,100,12.1791
360,68.7065,117.258,86.3239,53,30.1184,100,12.2688
390,68.2144,117.022,85.7434,53,29.6029,100,12.3183
420,68.1475,117.063,85.1959,53,30.2194,100,12.3896
450,67.6764,116.55,84.6565,53.2994,31.2083,100.521,12.2333
480,61.4313,116.245,78.0859,53.2906,31.0733,99.5876,11.7052
510,63.7843,119.136,77.0453,52.121,32.8607,100.761,12.0973
540,60.6681,119.397,77.9764,52.5561,33.0383,98.1052,11.8599
570,61.8493,92.0207,61.3935,42.4849,32.3383,95.1375,11.204
600,60.22,93.5597,61.1233,42.531,34.4806,91.4801,11.2379
630,60.547,91.6226,62.1759,41.9602,34.063,85.3863,11.3131
660,59.3379,93.6465,61.8422,41.1692,34.5775,81.8638,10.5038
690,57.5645,90.4515,61.7364,42.5936,35.9993,77.8793,10.6377
720,53.8527,79.1332,50.1474,35.0322,35.9329,74.1762,10.1303
750,50.1438,73.9118,35.407,35.9341,36.1341,70.9375,10.2242
780,49.7993,76.8902,34.4334,35.2313,36.6351,93.6339,9.69496
810,49.054,79.697,35.4605,36.1102,36.6831,92.7631,9.27719
840,48.1193,77.7497,34.7048,36.2922,38.2193,87.3232,9.32209
870,46.6636,81.4364,34.0664,34.8416,37.2037,83.4582,9.10154
900,46.0085,106.351,33.8384,34.6565,37.8618,78.653,8.94478
930,46.8481,98.4975,36.1558,34.4735,37.2692,77.4832,8.6972
960,47.1295,105.247,51.7849,47.091,37.4119,74.7502,8.91171
990,48.9851,105.654,64.1204,46.7479,37.1663,71.1784,8.55587
1020,51.0019,102.844,64.7709,47.2605,36.4033,70.3064,8.78066
1050,48.9293,105.113,64.1042,46.3259,36.443,64.8101,8.6906
1080,47.2313,87.8582,55.2242,38.0306,38.0917,60.5773,8.79048
1110,51.0116,94.2781,61.1271,38.3149,37.435,58.1212,9.52948
1140,51.2308,96.2581,60.9614,39.9998,39.0101,55.3014,9.35111
1170,51.0652,96.0156,61.8838,38.1911,38.107,52.1862,9.60879
1200,49.8137,97.45,61.7623,39.8747,37.8879,48.1271,9.47161
1230,62.2657,118.354,74.8604,39.1266,37.1366,46.7799,11.8096
1260,53.2329,90.6076,59.9525,38.6928,35.8812,40.6283,11.7197
1290,54.3599,94.2278,60.2362,38.8087,37.2346,39.904,11.7914
1320,52.7879,91.8799,59.6416,40.0494,35.5062,36.1127,11.8125
1350,54.5511,92.2488,58.7076,40.4382,36.0452,39.9418,11.6029
1380,53.3136,92.6496,60.1336,39.0762,36.7569,36.3653,11.5636
1410,55.0007,94.3605,60.0227,39.5084,36.7951,39.8317,11.5387
1440,55.1768,90.1318,58.1007,38.0674,35.9792,42.1349,11.7849
1470,54.5055,91.0766,60.412,40.2496,37.4148,39.5939,11.7491
1500,53.1056,90.4524,58.1845,40.3302,36.2549,39.4334,11.4176
1530,61.829,111.976,74.5582,39.0578,36.7743,41.6214,12.4542
1560,61.7875,116.403,74.3031,38.7127,36.6734,38.4869,12.6244
1590,63.4097,116.426,75.1311,38.5507,36.9183,42.8109,12.5944
1620,62.218,112.601,75.0349,39.3418,36.5242,41.1928,12.5167
1650,61.7915,113.457,72.6397,40.0888,37.8928,40.3831,12.5117
1680,63.6142,112.214,72.1038,38.1768,36.6607,38.2711,12.3631
1710,61.3546,116.171,74.3569,39.736,36.6293,41.1898,12.403
1740,63.4348,113.927,72.244,38.7549,37.6095,38.5038,12.5665
1770,61.2575,112.765,74.4869,39.3391,35.7146,39.6996,12.6471
1800,61.8457,113.152,72.2885,40.1673,36.1008,39.9672,12.3896
1830,63.9268,116.53,72.7199,38.2864,37.6849,41.5026,12.3429
1860,61.7928,115.104,74.5091,40.0645,37.1626,41.7733,12.3487
1890,63.8267,113.547,75.3973,38.1959,36.4613,38.7956,12.5237
1920,62.5669,112.433,74.2965,40.2389,37.2536,40.3746,12.2478
1950,63.7249,114.635,73.1554,39.2169,37.4766,42.7868,12.4426
1980,62.8805,114.602,73.5722,40.3915,35.8408,40.2779,12.2712
2010,66.3931,122.978,79.3455,40.4015,36.7638,42.0301,12.5026
2040,66.5814,123.198,81.5243,39.8677,36.2114,43.1607,12.5931
2070,67.6509,122.733,80.6859,38.6861,36.4619,42.7021,12.8918
2100,65.5033,122.857,80.9657,39.1416,36.0267,41.9252,12.9205
2130,66.3962,121.534,81.1844,40.4529,36.8162,38.545,12.9657
2160,67.7058,126.179,80.7319,38.5815,36.7362,40.5998,12.5872
2190,67.7282,122.083,79.875,38.3452,36.9043,43.0797,12.9244
2220,66.847,124.982,79.3865,38.0701,36.6299,42.8084,12.658
2250,65.2535,125.016,79.3949,39.205,36.13,40.6088,12.5999
2280,65.9615,122.157,79.8139,39.4845,38.0646,42.366,12.8674
2310,65.1465,122.725,81.3707,39.8375,37.5337,41.4778,12.6026
2340,66.6324,126.13,79.0919,39.0416,36.9573,42.1722,12.5162
2370,67.5104,121.853,80.1233,38.3862,37.4911,40.2732,12.8705
2400,65.4422,125.515,79.5007,40.3447,36.4721,41.9381,12.8613
2430,66.2779,124.4,79.9469,38.0781,35.8367,39.6772,12.9812
2460,65.2212,123.896,79.6448,38.1163,36.2927,38.8995,12.7365
2490,65.785,124.563,80.501,39.7284,35.978,40.7238,12.8625
2520,68.6281,129.514,83.4616,39.3841,37.3646,39.937,12.933
2550,66.2584,129.347,82.5417,39.1022,37.7038,40.5543,13.2031
2580,66.7756,129.546,84.5148,40.0383,36.7662,40.0235,12.8504
2610,68.2921,130.215,84.3466,38.8468,37.3221,38.8631,13.1411
2640,66.9137,129.31,82.3688,38.5751,36.3774,41.611,12.8297
2670,67.6223,125.8,83.2917,38.9711,36.3246,40.1451,13.2095
2700,68.8316,127.098,83.8017,40.2429,35.7629,39.223,12.8067
2730,66.4728,125.93,82.7586,38.1943,36.7845,42.9019,13.1076
2760,67.2953,126.86,84.5014,39.4122,37.7382,42.279,12.9669
2790,68.276,127.531,84.0764,39.2266,36.0907,40.7238,12.9395
2820,67.8308,126.678,82.2583,40.4568,36.3513,39.2221,12.9576
2850,67.957,128.682,83.0382,38.3346,36.0117,42.8535,13.0382
2880,68.3257,129.815,81.9089,39.7981,37.4942,39.4775,12.8485
2910,67.3812,125.806,83.9131,40.2573,35.68,40.1337,13.1596
2940,67.5471,128.79,84.4383,40.0714,35.128,39.9376,13.1202
2970,68.1847,129.582,84.7026,40.3073,36.7556,41.2118,12.7367
3000,68.2276,129.263,84.1775,38.5718,37.8563,40.7681,12.7961
3030,66.3599,126.631,81.7981,38.8733,36.2482,39.5169,13.1662
3060,66.4668,126.091,84.1566,38.6633,35.0036,38.7019,13.1263
3090,68.6989,130.614,84.2153,38.3863,36.7531,39.2862,12.9722
3120,66.4008,130.449,84.1491,40.0118,36.6982,43.0506,13.191
3150,67.3841,130.884,82.5966,40.136,36.3216,41.9184,12.9644
3180,67.3398,128.164,84.2263,39.8902,36.9435,39.4763,12.8708
3210,67.2987,127.33,83.2839,39.5985,36.8055,35.8101,12.9937
3240,66.2475,130.073,83.0146,39.3969,36.9805,36.0183,12.8721
3270,65.0657,129.647,82.2978,40.0932,36.5181,33.6311,13.0588
3300,64.5957,130.989,83.2341,40.3114,37.6404,31.7665,12.9264
3330,63.7604,129.237,81.838,40.2801,35.1453,31.5404,13.0708
3360,65.7627,130.087,82.5378,40.5496,35.8193,29.4982,12.8706
3390,64.1832,128.473,82.0923,39.6515,35.6606,28.1499,12.9892
3420,64.0944,129.887,83.217,38.4684,36.723,28.0059,13.094
3450,63.8032,129.234,83.8819,39.4024,35.7355,24.9999,12.9443
3480,65.4926,128.641,83.2532,40.5295,35.9329,23.9128,12.8589
3510,63.576,130.005,86.033,39.6071,36.1694,21.8407,12.6426
3540,53.6013,104.953,65.6301,39.9062,35.7622,22.0991,12.794
3570,51.9424,102.618,68.0585,40.5293,36.3741,20.4934,13.0788
3600,53.186,106.559,68.1708,39.7065,35.644,21.5428,13.0134
3630,53.8603,106.452,66.3699,38.9235,35.334,16.4511,12.6382
3660,53.1252,103.255,67.6826,38.8674,36.1433,19.9027,13.1123
3690,54.3598,103.085,68.4086,39.3894,35.2298,20.9026,12.9055
3720,54.2511,102.166,65.7476,40.4966,34.6315,24.558,12.8905
3750,56.3332,106.225,68.0494,38.5494,36.6242,23.9159,12.757
3780,54.2584,105.339,67.0207,38.5267,37.5984,25.6894,12.6495
3810,54.1334,106.066,67.0138,39.2385,35.9412,32.0855,12.789
3840,53.1797,102.45,63.3738,40.505,37.663,31.6216,10.5082
3870,52.8031,98.1464,66.26,40.6162,34.567,32.5909,10.1685
3900,53.0557,100.58,63.8157,39.7023,35.9075,36.6862,10.385
3930,51.3396,102.62,62.8414,39.004,37.3591,38.7223,10.2799
3960,53.4074,101.255,63.9301,40.4857,36.5798,43.3038,10.1043
3990,53.2164,101.413,62.8444,40.4409,36.1651,43.36,10.2974
4020,53.1005,99.4719,62.8912,39.0645,36.6848,51.1721,10.4265
4050,52.6251,102.446,66.3387,39.1231,36.9893,53.7592,10.3888
4080,51.753,98.0578,64.6754,40.2818,36.3728,57.8709,10.3133
4110,51.1251,102.127,64.0742,40.4711,35.2964,58.7344,10.4362
4140,53.2367,99.5204,62.9526,39.5038,37.9736,61.5671,10.3037
4170,53.6645,98.7025,65.6398,40.3545,36.828,66.4225,10.0525
4200,52.7896,97.7195,65.5347,39.3966,36.1668,72.1889,10.2171
4230,52.5272,99.1525,63.4347,39.8729,36.705,72.9374,10.2973
4260,53.5207,99.7741,66.1461,40.4864,35.4335,76.3746,10.2122
4290,51.9973,98.496,63.2313,38.6955,36.8378,78.7183,10.2162
4320,52.7163,102.161,65.4147,40.6598,36.6513,82.8856,10.0837
4350,53.7412,99.8674,65.1639,40.119,36.2621,86.0972,10.4636
4380,52.3046,98.3955,65.2075,40.5442,35.0272,89.5831,10.3627
4410,51.5696,99.2965,65.439,40.6841,37.7058,93.3752,10.3044
4440,47.5033,86.4239,57.4694,39.1936,36.9235,93.9916,8.83442
4470,50.5762,100.261,66.3538,45.0256,35.5567,96.6277,8.79413
4500,52.1083,102.985,66.6838,47.1578,36.7365,94.9966,8.93646
4530,52.8961,101.664,67.8971,46.9312,34.8508,93.9613,9.00047
4560,50.3057,104.043,66.1917,46.5497,36.5735,93.7587,8.82914
4590,52.2893,103.309,67.7112,46.8473,35.926,90.0869,8.94145
4620,50.8911,103.978,68.0551,46.9746,35.9259,91.7532,8.6957
4650,52.3192,102.38,65.982,47.1375,36.4624,92.716,8.78391
4680,51.4152,100.951,66.0554,47.0854,37.0844,90.9147,8.81104
4710,50.9388,101.271,66.6792,45.9093,37.5302,89.6503,8.57908
4740,51.9377,100.479,65.2168,44.8865,36.6687,90.091,8.63403
4770,50.8122,102.994,65.843,46.578,34.9843,89.4416,8.82938
4800,51.0544,102.441,67.1546,45.214,34.7526,91.8944,8.68043
4830,51.2531,100.808,67.9357,45.4501,36.3304,90.0752,8.80061
4860,50.7003,101.9,67.307,46.4616,36.4143,92.6628,8.67476
4890,51.8831,100.406,65.3215,46.7677,35.2838,90.2751,8.75326
4920,52.4444,104.832,67.4453,46.9298,35.2606,89.128,8.73445
4950,51.7861,104.773,67.6539,46.0942,34.6083,88.6295,8.6139
4980,51.5507,103.932,68.4852,46.224,36.5644,92.586,8.46944
