Time,FC,PAS,PAM,PAD,temp,SpO2,FR
-1,86,125,94,75,36.7169,99,16
0,94.6,137.5,103.4,75,36.2029,99,17.6
30,95.7924,135.827,105.96,75,35.6888,99,17.7574
60,92.6435,134.183,105.235,75,35.1748,99,17.6045
90,96.3567,138.334,102.311,75,34.6607,99,17.6926
120,93.1404,136.579,102.21,75,34.1467,99,17.7217
150,94.66,135.964,104.929,75,33.6327,99,17.9126
180,94.8827,135.12,101.398,75,33.1186,99,17.2549
210,93.3508,135.697,101.458,75,32.6046,99,17.6811
240,95.0534,140.475,101.924,75,32.0906,99,17.9234
270,94.5548,139.97,102.027,75,31.5765,99,17.5863
300,94.1202,135.502,104.744,75,31.0625,99,17.3024
330,92.4784,134.357,102.442,75,30.5484,99,17.5701
360,102.761,139.787,114.693,75,30.0344,99,17.8325
390,106.141,137.64,114.667,75,29.5204,99,17.4837
420,92.5597,140.216,112.238,75,29.9879,99,17.9721
450,95.9506,134.44,111.748,75,30.4553,99,17.7006
480,95.5809,136.123,104.207,75,30.9228,100,17.5666
510,92.6447,137.418,104.595,75,31.3903,95.2124,16.9194
540,90.7046,107.346,82.6495,60,31.5439,94.2122,16.5616
570,94.2785,109.18,84.2041,60,32.0113,88.8808,16.5348
600,91.365,109.783,82.7062,59.4181,31.723,88.2795,16.3945
630,91.658,110.543,83.732,60.1604,33.4599,82.1653,15.4855
660,87.904,101.11,78.4268,50.6103,33.4463,80.0198,14.912
690,77.2491,92.7636,45.1995,50.106,33.472,75.9077,15.3134
720,76.4526,93.2739,46.457,50.2855,34.7863,93.5611,14.5041
750,75.6561,94.8235,45.3424,49.9382,34.4736,91.8657,14.4506
780,74.8596,90.4248,49.1165,49.567,35.2575,86.4631,14.3222
810,74.0631,96.3402,46.7476,65.9759,36.065,85.5492,13.7899
840,73.2666,96.5036,48.9998,64.861,36.5325,79.1006,13.5253
870,73.2666,122.477,67.9806,65.2327,37,74.8498,13.3923
900,73.5952,118.941,68.566,65.3975,37,77.3944,13.3802
930,80.0504,118.601,92.2003,66.3089,36.1507,73.5172,13.179
960,79.7101,116.066,91.5672,64.8353,37.6334,71.9968,12.7965
990,79.7323,120.642,91.839,66.4733,37.4048,65.5166,13.2868
1020,73.4355,110.018,84.9595,55.8528,36.6692,60.6059,13.4054
1050,79.8975,108.597,86.9964,55.6816,36.2596,57.4356,14.4035
1080,78.4269,111.539,86.2222,56.6991,37.4986,53.9329,14.6778
1110,79.0248,111.988,88.0974,56.054,37.6311,53.529,14.2708
1140,78.8016,111.718,88.5415,56.7443,36.9045,50.8812,14.2814
1170,80.7677,112.97,86.3954,56.2231,36.286,46.9432,14.9421
1200,78.7708,112.608,86.7148,56.4798,37.2034,43.6622,14.7407
1230,71.2152,100.987,77.7915,57.2638,37.2667,37.7767,13.2626
1260,71.6705,101.191,79.3668,54.8501,37.2412,37.204,13.4788
1290,69.9217,99.7663,77.0247,56.893,37.0389,35.0146,13.2099
1320,72.306,101.584,78.1791,56.8895,37.5137,35.22,13.276
1350,92.2956,128.747,102.905,56.6904,36.5299,36.1793,17.2651
1380,94.448,128.506,100.361,55.6888,36.5158,36.0309,17.0396
1410,94.3559,129.894,100.312,57.1463,36.5009,36.3482,17.2873
1440,93.8509,129.243,100.199,55.7117,36.9604,36.6395,16.9119
1470,91.7305,128.441,102.101,56.3754,37.6208,36.8072,17.0331
1500,90.9785,126.772,100.01,57.2078,36.8687,36.6337,16.989
1530,93.4899,128.751,102.124,56.0943,36.3482,36.3719,17.0788
1560,92.2451,128.32,100.372,55.0542,37.7685,36.8042,17.0989
1590,92.323,127.232,102.029,56.3917,37.0242,36.8695,16.9552
1620,92.1278,127.872,101.909,55.8286,36.6188,37.2264,17.0255
1650,93.7293,128.212,102.049,55.7218,37.5323,37.0059,17.3731
1680,94.643,129.225,100.829,55.525,37.7614,37.1961,17.0501
1710,94.1854,127.526,102.766,55.2993,36.6638,37.2689,17.3404
1740,94.1955,127.593,99.996,55.1892,36.9424,37.4771,17.1646
1770,93.9006,130.237,99.4339,55.9659,36.2712,37.4482,17.3396
1800,94.464,127.966,102.219,56.844,37.622,37.0137,16.8512
1830,93.8446,130.798,101.446,56.2038,36.2217,37.2683,17.2913
1860,92.3299,127.702,101.788,55.3094,36.8755,37.5141,17.0291
1890,94.4974,130.058,99.4532,56.4226,36.9983,36.8802,16.8563
1920,93.2225,130.365,99.4646,55.9996,36.2245,37.4922,16.9751
1950,102.93,138.259,109.56,56.4288,37.7612,36.8919,18.3997
1980,103.248,140.862,108.061,55.7169,37.567,37.4159,18.6465
2010,100.024,140.818,107.979,55.0889,36.6316,36.8871,18.7732
2040,102.427,138.491,111.285,55.7596,37.6821,37.6128,18.8378
2070,103.07,141.874,108.712,56.9394,37.5896,37.3958,18.5917
2100,102.135,141.631,110.657,56.5722,36.6726,37.4936,18.31
2130,99.5521,140.695,110.472,55.6719,36.2867,37.4349,18.5772
2160,100.772,141.838,109.02,55.2742,37.6669,37.0635,18.6485
2190,102.131,139.288,109.744,56.4642,36.1483,37.4361,18.601
2220,102.678,140.226,108.179,56.2336,36.4222,37.5193,18.4449
2250,101.183,141.319,109.397,56.361,36.4836,36.968,18.2431
2280,100.428,142.327,109.745,56.6378,37.3309,37.5036,18.8777
2310,101.315,138.629,109.957,55.4206,36.7166,36.9315,18.8706
2340,100.648,142.113,109.666,55.3496,36.612,37.3024,18.7919
2370,101.042,140.165,108.414,57.2468,36.2749,37.2949,18.6543
2400,100.401,141.482,110.156,56.417,37.1905,36.9753,18.5099
2430,100.207,142.785,109.218,56.8286,36.2476,37.5935,18.2996
2460,73.611,100.507,79.1952,56.8321,37.7292,37.2762,13.3218
2490,72.5199,100.83,82.2328,56.4176,37.0892,36.8898,13.709
2520,74.5407,103.143,80.0115,57.2377,36.6719,37.5621,13.7064
2550,75.6993,100.582,79.2282,55.2595,36.1769,37.1854,13.2974
2580,72.3564,102.039,79.4782,56.2236,36.8602,36.9866,13.55
2610,73.0969,103.613,80.7307,56.0152,37.6073,37.1481,13.3874
2640,73.346,102.257,81.9276,54.8127,36.1375,36.924,13.2876
2670,73.2511,104.961,81.3818,55.4451,36.1939,37.4102,13.6024
2700,72.2314,100.934,80.88,55.4034,37.0282,37.3552,13.8432
2730,75.7597,104.09,79.9587,55.3893,37.0447,37.4276,13.7851
2760,73.2425,100.814,82.3337,56.5928,37.0667,37.4321,13.7854
2790,78.7967,110.061,87.3478,57.087,37.6095,37.1965,14.3405
2820,80.1899,106.885,87.0428,54.7574,36.6192,37.02,14.3876
2850,79.8273,110.176,85.0262,56.6392,37.3119,37.1543,14.209
2880,77.1833,106.735,87.316,56.1229,36.5129,37.3979,14.3884
2910,79.6695,108.231,84.7222,55.5998,36.5803,37.4913,14.3809
2940,76.7957,107.374,86.2501,57.2713,36.8381,36.9818,14.2091
2970,79.3853,107.923,85.5853,56.0434,36.5041,37.1722,14.3798
3000,80.2192,109.882,85.5434,54.9675,37.7667,36.8869,14.6303
3030,77.0045,109.631,87.8351,57.0861,36.4108,37.5979,14.3806
3060,78.3012,109.795,86.464,56.1485,36.1379,36.8552,14.5722
3090,78.2662,106.928,86.5698,55.1154,37.0715,37.5099,14.6481
3120,79.6602,107.339,87.8845,56.4399,36.1583,37.0113,14.713
3150,80.4725,107.298,86.0141,55.0117,37.8896,37.1035,14.2271
3180,77.0528,107.456,85.6443,56.3014,36.1702,37.4997,14.319
3210,76.7133,110.053,87.156,56.0788,37.9102,37.0765,14.6574
3240,78.6368,106.762,85.8129,55.4992,36.7759,37.0703,14.8518
3270,78.1689,108.405,87.1954,55.704,37.4068,40.4908,14.8886
3300,76.9539,108.473,87.0747,55.9014,37.0504,47.574,15.434
3330,79.2617,108.418,87.3714,56.4036,37.2834,49.2981,15.271
3360,76.6968,108.03,86.2821,56.4223,36.222,46.8071,15.5657
3390,69.2781,98.2681,77.346,56.5215,36.6025,51.3518,14.4078
3420,71.4812,104.107,85.475,66.676,36.3732,52.443,14.5385
3450,76.6211,117.381,89.7809,65.137,37.5935,56.4968,14.1862
3480,75.3694,115.374,87.9974,66.8529,37.8881,55.5587,14.4867
3510,75.4444,114.782,89.7239,65.3648,37.7613,59.0069,14.6688
3540,74.6754,112.549,88.7312,66.3785,36.2086,57.8151,14.7888
3570,74.3378,113.477,90.4537,64.9801,37.6494,61.7752,14.8921
3600,73.4256,114.629,90.7485,65.1158,37.8024,61.9312,14.5847
3630,76.0982,113.825,90.9417,65.0971,37.8205,63.3115,14.6491
3660,74.3677,113.136,90.1395,66.9162,37.517,66.7605,13.8195
3690,75.8745,115.78,89.3516,64.902,37.7637,70.3573,14.1498
3720,77.3625,115.534,89.2769,66.8768,36.2444,67.4519,14.0443
3750,75.465,114.203,90.5966,66.7399,37.3204,71.0511,14.012
3780,78.4188,115.853,88.1869,66.9503,37.6671,73.6103,14.4333
3810,79.3005,113.464,88.616,64.7469,37.7589,74.8629,14.1431
