Time,FC,PAS,PAM,PAD,temp,SpO2,FR
-1,91,133,90,70,36.8829,97,15
0,100.1,146.3,99,70,36.3665,97,16.5
30,99.3795,144.83,100.986,70,35.8502,97,16.8453
60,98.4341,148.516,100.57,70,35.3338,97,16.3163
90,98.7154,146.227,98.4576,70,34.8174,97,16.5993
120,101.562,143.09,99.6138,70,34.3011,97,16.6527
150,98.2696,147.36,97.813,70,33.7847,97,16.6894
180,99.9218,148.904,96.6714,70,33.2684,97,16.6831
210,99.0294,148.524,99.1285,70,32.752,97,16.3358
240,99.5028,148.208,100.436,70,32.2356,97,16.6918
270,99.5571,147.01,100.448,70,31.7193,97,16.7271
300,101.104,149.866,98.6096,70,31.2029,97,16.8474
330,101.053,143.638,100.376,70,30.6866,97,16.4315
360,109.915,148.398,107.662,70,30.1702,97,16.7141
390,109.049,144.631,109.143,70,29.6538,97,16.3567
420,101.558,145.813,101.091,70,29.9877,97,16.729
450,100.421,145.202,101.328,70.7,30.6215,97.97,16.8994
480,99.1709,147.303,101.018,71.7636,31.0657,97.884,16.6845
510,98.9908,150.673,102.297,71.9769,30.7162,102.191,16.8755
540,102.193,145.561,97.6602,70.3547,31.2577,94.3554,16.5175
570,97.2182,119.75,81.1465,58.2105,31.5379,95.2291,15.4963
600,97.0005,116.401,81.0371,56.4677,31.2779,87.6569,15.8459
630,97.7288,121.059,80.2463,55.1757,33.1231,85.0113,15.4264
660,98.4495,121.353,79.024,57.6851,33.4994,84.0881,15.0927
690,95.6079,118.656,79.7463,54.7442,33.2333,78.112,14.1858
720,85.8129,103.207,69.6044,52.9244,32.9244,75.6462,13.8313
750,77.7919,102.147,46.7645,48.31,33.4329,70.197,13.6467
780,79.0567,101.956,47.5333,47.2632,34.6536,92.4242,13.5758
810,75.9777,98.1172,46.297,48.7828,35.0685,89.2843,12.6506
840,75.7773,102.926,45.2653,48.7963,35.2968,84.6348,12.524
870,74.1314,101.117,43.8538,47.9809,34.7439,80.6296,12.3519
900,74.7174,127.087,44.2018,48.9716,35.2387,77.9307,12.582
930,74.4928,131.803,48.431,49.3319,36.5594,74.1251,12.6102
960,76.3068,126.734,65.0985,62.7077,36.6188,71.2881,12.4182
990,77.6393,124.476,87.9536,61.5798,37.6713,71.0359,12.5383
1020,77.866,124.817,85.3981,62.2442,37.4248,65.2687,12.0908
1050,80.5052,123.156,84.1172,60.3805,36.8823,64.4483,12.5746
1080,74.0361,108.795,74.5982,57.3599,38.1898,56.135,11.9258
1110,79.5921,113.962,82.9936,52.6758,38.0104,54.7982,13.6054
1140,79.5829,115.291,83.6984,52.8256,38.4299,49.3731,12.9569
1170,78.7804,116.786,82.1697,54.0916,38.3884,47.9167,13.6572
1200,80.8155,116.986,84.2303,52.2241,37.6254,44.3292,13.5713
1230,95.5287,142.452,98.5626,52.7011,38.5954,41.2943,16.6915
1260,82.5544,121.49,95.1611,52.8644,38.1745,36.988,16.7663
1290,82.5888,125.181,91.6944,52.335,37.6176,33.4342,16.0992
1320,86.0863,121.272,91.8949,52.6205,38.5182,30.7152,16.5642
1350,76.0089,107.972,76.7901,54.5038,37.609,33.5416,12.5131
1380,76.2157,105.796,75.568,51.2881,38.1537,31.0985,12.6268
1410,93.3947,138.581,97.7448,51.6011,37.8728,33.8168,15.9693
1440,103.139,148.481,107.367,52.4636,37.9158,34.7928,17.5807
1470,104.61,157.075,110.589,54.6086,38.0627,31.564,18.3448
1500,107.692,156.376,109.625,53.3472,37.3264,34.4181,18.118
1530,87.5198,128.688,87.9194,53.3232,38.072,34.918,14.7784
1560,88.8846,125.987,88.0241,52.7157,38.4187,35.8019,14.8393
1590,84.923,128.594,90.0504,51.8408,38.3778,32.3193,14.2997
1620,85.2931,125.665,87.5123,54.2199,37.4524,33.9106,14.5669
1650,72.8724,106.101,74.582,54.312,37.3314,33.551,12.4162
1680,73.4383,104.166,73.8045,52.971,38.491,34.2089,12.5786
1710,72.5721,106.295,76.4538,53.1713,37.8206,33.8696,12.4174
1740,70.6765,107.709,72.2189,52.1199,37.4263,32.3223,11.8916
1770,72.2129,107.586,75.7505,53.5843,37.1667,36.0074,12.2635
1800,78.3894,115.954,80.6935,54.1558,38.3668,33.9273,13.2907
1830,64.2114,90.4365,65.7245,54.5926,38.3032,32.7031,13.443
1860,62.2528,95.3404,65.6704,51.936,38.0305,33.4764,13.3999
1890,65.5987,94.0824,67.3277,51.7732,37.6698,33.5666,13.711
1920,63.9552,92.3141,66.3603,53.4937,38.4202,34.8895,13.4157
1950,64.3207,91.0813,68.5591,51.2515,37.512,33.233,12.9842
1980,61.7031,94.0997,66.8718,51.6252,37.6423,31.562,13.2817
2010,66.5033,92.7503,68.4099,53.712,36.9734,34.6281,13.7415
2040,63.7253,90.1461,67.9734,54.1925,37.7074,33.281,13.4244
2070,62.7984,90.1097,64.2722,53.8055,37.3748,31.8394,13.6392
2100,64.5534,92.8014,68.0576,53.2109,36.9493,33.8526,13.5864
2130,77.9576,113.55,79.042,52.4803,38.572,31.8591,13.332
2160,80.6783,115.162,78.6843,52.4408,38.309,35.9856,13.4374
2190,76.9421,111.991,82.4996,52.7547,37.4895,36.0952,13.4199
2220,78.9428,109.989,78.5972,51.8154,37.6489,35.9829,13.8965
2250,78.2816,112.847,81.1579,54.3763,38.4823,34.9706,13.4907
2280,80.0484,115.677,80.6647,53.9414,37.7384,34.1541,13.3774
2310,77.3336,113.304,80.6165,53.0229,38.1781,32.88,13.2329
2340,76.357,111.553,79.6377,53.7288,37.2215,33.085,14.0202
2370,79.3419,111.693,82.1804,51.8025,37.9606,33.0932,13.3288
2400,78.6591,110.183,80.6452,52.5497,38.2787,36.0356,13.4034
2430,77.5551,113.379,80.4112,53.4455,38.4716,35.7649,13.398
2460,79.3852,111.057,79.5051,54.0338,37.4346,33.9562,13.7073
2490,79.0533,115.995,81.0372,52.3344,36.8502,32.9774,13.6839
2520,79.5586,114.536,81.8125,52.2121,37.9369,32.2483,13.8332
2550,78.4112,110.514,83.166,54.1882,37.7156,33.3225,13.6764
2580,78.4088,111.722,82.1856,51.9201,37.4218,31.5123,13.3008
2610,79.9144,113.631,81.6288,52.7291,37.282,32.4482,13.957
2640,77.9831,113.566,80.2018,51.7462,36.8854,31.8228,13.7187
2670,79.9728,111.53,79.5081,52.3267,37.196,32.4559,13.5124
2700,80.2966,114.097,82.2529,52.6453,38.1303,34.1489,13.8922
2730,72.1495,106.77,76.5799,51.5288,36.7056,33.3395,12.4933
2760,81.9585,124.758,86.6719,58.5194,36.7234,35.0647,12.0815
2790,81.8099,126.412,87.6823,59.8948,36.6135,35.3685,12.3877
2820,83.2674,127.82,88.1297,60.651,37.5982,33.5429,12.5982
2850,84.3706,127.621,86.4459,62.2165,37.4901,31.6521,12.6591
2880,86.2624,123.562,86.2302,59.9312,38.3507,34.5395,12.7792
2910,84.602,123.147,89.5622,60.9913,36.8017,33.8174,12.3568
2940,86.1443,122.518,88.8599,61.838,36.9975,33.5729,12.7167
2970,90.4018,126.755,87.2117,60.7841,38.0119,35.2645,12.8158
3000,88.7804,126.455,88.1787,63.1936,36.9169,35.9853,12.8455
3030,89.1153,124.531,89.0836,60.9753,38.1754,35.1621,12.5687
3060,89.2945,122.208,84.8586,60.8572,37.4338,35.3229,12.7428
3090,93.8463,122.082,88.0858,62.0965,36.6203,31.9493,12.7871
3120,94.4033,126.902,88.9521,60.7105,37.7561,33.7084,12.1886
3150,94.5166,123.281,85.5147,60.3671,38.2092,36.1671,12.4195
3180,94.1428,125.859,85.2374,63.1086,38.2038,31.8469,12.2033
3210,92.1813,127.076,84.9835,60.7136,36.5619,34.6999,12.7703
3240,90.6021,126.413,88.7784,60.0091,37.5369,34.1865,12.2707
3270,90.6898,121.056,87.3389,60.668,37.0582,33.0908,12.1006
3300,91.0123,125.736,89.7999,60.4367,36.2422,33.4329,11.4328
