Time,FC,PAS,PAM,PAD,temp,SpO2,FR
-1,122,171,128,90,37.1484,100,28
0,134.2,188.1,140.8,90,36.6283,100,30.8
30,132.154,184.849,143.873,90,36.1082,100,30.9193
60,135.627,192.218,137.969,90,35.5882,100,30.6956
90,131.538,191.537,139.208,90,35.0681,100,30.0371
120,136.606,189.513,143.323,90,34.548,100,30.6172
150,135.355,186.184,143.352,90,34.0279,100,30.8249
180,132.795,190.386,141.993,90,33.5079,100,31.23
210,136.243,189.286,142.335,90,32.9878,100,30.369
240,133.09,187.646,137.889,90,32.4677,100,30.3073
270,134.945,192.451,143.118,90,31.9476,100,30.1196
300,136.553,191.555,139.768,90,31.4276,100,31.4182
330,132.397,191.626,141.824,90,30.9075,100,30.8906
360,148.648,191.933,152.772,90,30.3874,100,30.8529
390,148.233,184.766,158.397,90,29.8673,100,30.1704
420,150.008,186.819,151.848,90,30.1915,100,30.4151
450,149.253,189.838,152.297,90,30.5158,100,31.1123
480,131.027,189.325,141.354,90,30.84,100,30.8478
510,134.328,185.575,138.773,90,31.1642,97.0817,30.3526
540,131.353,148.439,113.367,72,31.1767,97.1136,29.9279
570,129.572,153.956,114.181,72,31.501,90.278,28.6918
600,129.802,149.116,110.801,71.8147,31.7096,90.2035,27.4933
630,128.413,153.149,110.398,72.8689,32.0149,86.5094,28.1084
660,118.863,140.096,95.8115,61.8645,32.9238,86.916,27.0377
690,103.68,125.645,64.8754,61.2197,33.4281,83.4354,25.5197
720,102.588,124.23,63.144,61.3764,33.192,95.6849,26.0182
750,101.496,129.863,62.4574,60.6257,33.3349,92.4914,24.3572
780,100.404,130.134,61.4759,62.3034,33.765,91.2169,23.9388
810,99.3123,127.333,62.1716,79.0697,34.6732,86.2869,23.9289
840,98.2204,129.84,63.0423,78.536,34.8292,86.6934,23.2803
870,98.2204,163.668,66.4519,80.4197,34.7587,83.6758,22.9133
900,100.495,165.667,61.1063,80.4137,34.734,82.3993,23.8242
930,106.352,166.509,116.877,77.6038,35.7032,84.3505,22.9847
960,103.073,167.56,115.904,79.5884,36.0274,79.0238,23.9763
990,101.892,166.835,118.064,79.9391,36.3516,75.3058,23.866
1020,98.1717,150.387,100.71,67.499,36.6758,74.3539,22.8393
1050,105.761,156.331,113.538,67.1636,37,71.9944,26.0086
1080,106.239,154.468,113.836,66.5088,37,68.5536,25.7486
1110,105.363,156.083,113.232,67.8428,37.087,67.4214,25.866
1140,106.036,154.942,113.141,66.6171,37.7198,62.2279,25.5645
1170,104.529,152.645,113.87,68.2188,36.492,60.9484,26.4722
1200,108.649,151.878,116.48,67.553,37.4916,56.6948,26.0724
1230,94.398,141.496,106.686,67.1924,37.5634,54.9662,23.3787
1260,95.9894,137.9,102.448,68.3818,36.2169,52.8264,23.365
1290,99.5989,141.237,105.869,65.5692,36.2537,52.8637,24.0538
1320,99.0973,137.565,104.686,67.5944,36.2948,53.2048,23.404
1350,127.23,178.078,135.282,65.7217,37.0119,52.9947,30.9522
1380,122.945,177.308,134.531,66.5446,37.2924,53.5585,30.2048
1410,126.103,180.924,136.574,68.1673,37.6063,53.5362,30.5038
1440,127.633,180.73,134.752,67.76,36.3602,53.9865,30.2539
1470,124.288,179.323,135.834,65.6662,36.1523,52.8468,29.9225
1500,125.911,180.314,133.002,67.3586,36.2151,53.3214,30.8745
1530,127.005,177.201,133.821,66.5015,36.3578,52.7076,29.9944
1560,128.46,180.847,136.177,68.0694,37.3392,52.9715,30.4337
1590,127.617,176.528,136.936,65.8694,37.5579,53.7221,29.9784
1620,127.651,181.094,133.786,66.7399,37.2911,53.3027,30.9484
1650,127.001,180.817,136.797,66.9731,36.3276,53.0496,30.7123
1680,124.385,177.11,137.012,66.3635,36.3104,54.0727,29.9052
1710,127.458,181.418,135.54,67.5344,36.307,53.8713,30.6855
1740,128.144,176.484,136.84,67.9129,36.2024,53.1822,29.9884
1770,126.961,178.614,133.25,66.9498,36.7292,52.9664,30.882
1800,125.569,176.628,135.882,67.9355,36.9573,54.0273,29.8544
1830,126.241,177.647,133.221,66.8117,36.625,54.2321,29.8723
1860,125.171,177.418,136.416,66.6104,37.0041,54.1624,29.9393
1890,126.046,181.09,133.894,66.448,36.8068,53.6295,30.6832
1920,127.096,178.304,135.766,66.2686,37.2967,53.5627,29.8185
1950,134.7,191.804,145.306,67.8235,36.7915,53.2385,32.5475
1980,137.915,197.855,146.031,65.8598,36.6004,52.954,32.8979
2010,138.514,196.537,147.702,66.6337,37.2694,54.3823,33.1294
2040,134.133,193.373,146.923,67.975,37.4246,53.0443,32.3993
2070,136.189,194.641,145.222,67.1662,36.9902,53.078,32.6817
2100,139.079,193.56,147.006,67.2821,36.5566,54.0129,33.1521
2130,137.088,195.98,145.609,66.5509,36.8698,54.115,33.1683
2160,134.334,195.18,146.6,65.894,37.5895,54.1943,33.4274
2190,137.122,196.992,149.397,68.4386,36.6185,54.6031,32.9145
2220,138.527,192.143,148.475,67.6037,36.7793,53.1785,32.6423
2250,137.658,196.816,149.268,66.1014,36.9492,52.9536,32.9668
2280,139.198,196.359,145.949,68.5543,36.5919,53.8314,32.4768
2310,134.468,193.425,145.025,67.5347,36.2728,54.5295,33.054
2340,136.241,197.544,145.283,66.1131,37.9117,54.2817,33.3697
2370,136.092,197.816,145.457,65.5786,37.471,54.6425,32.5988
2400,135.229,191.826,148.352,65.9339,37.4849,54.4846,32.4918
2430,134.134,194.505,145.963,65.9655,37.4123,53.2492,33.2877
2460,101.346,140.635,107.066,66.241,36.1686,53.6485,24.2553
2490,96.7208,141.198,106.594,66.8246,36.4062,53.5373,24.2739
2520,101.958,142.127,108.265,66.0312,36.8138,53.4941,24.1081
2550,97.4169,141.379,107.173,66.1619,37.3625,53.9419,24.1695
2580,98.9344,144.944,105.922,66.3033,37.8075,53.7788,24.3273
2610,102.273,145.823,109.5,65.6279,36.3714,53.1909,24.2926
2640,98.4532,143.221,109.436,66.3722,37.7421,53.7898,24.274
2670,98.2369,145.289,108.697,66.9642,36.271,53.1076,24.5475
2700,101.181,144.417,105.356,66.217,37.0362,53.1411,24.3182
2730,99.154,143.934,109.752,66.9059,37.1491,54.3682,24.3233
2760,100.821,139.817,109.633,65.775,37.0856,54.2999,24.177
2790,105.854,150.305,116.304,67.8498,36.3884,53.7786,25.5232
2820,104.827,152.322,116.756,65.7665,36.7137,54.4471,25.6217
2850,108.303,148.439,116.233,66.5272,37.3192,54.1454,26.1704
2880,104.708,151.883,113.767,68.6053,37.1278,53.1819,25.359
2910,103.896,154.539,114.616,67.2765,36.5977,53.2524,25.6414
2940,105.869,152.861,115.104,67.7736,36.6941,53.6031,26.2108
2970,107.213,150.158,113.095,67.2142,36.6684,54.4046,26.2871
3000,109.061,152.018,115.596,66.2966,36.3298,54.4177,25.5564
3030,107.371,148.481,114.107,68.0735,36.0794,54.1791,26.4766
3060,105.486,150.099,117.035,67.6946,37.4328,54.0259,26.6955
3090,105.918,154.63,115.59,66.3353,37.2959,54.5066,27.5024
3120,104.417,149.833,113.672,65.7481,36.5123,54.2915,28.6176
3150,106.056,154.337,115.319,67.7698,37.2624,53.955,28.2733
3180,105.946,152.204,116.252,68.1599,37.7219,54.1347,29.6323
3210,106.896,150.569,116.267,65.795,36.6987,53.6016,29.9526
3240,109.083,150.374,115.921,66.1553,37.1261,54.5034,30.4633
3270,106.341,153.481,116.01,68.5349,36.6065,52.6775,30.8649
3300,103.653,150.188,113.339,65.6785,37.4822,51.4914,31.2709
3330,107.357,152.463,115.11,66.0278,36.5806,50.3489,31.4467
3360,106.054,149.684,114.223,67.7018,36.4769,48.6031,30.684
3390,97.032,136.768,103.646,67.6616,36.143,49.4555,28.3077
3420,100.539,149.384,119.318,79.2582,36.4507,51.3139,28.53
3450,107.622,158.892,121.482,77.2623,36.4425,52.6115,27.5191
3480,109.543,159.922,117.843,78.9575,36.9258,53.8465,27.0313
3510,110.063,156.819,117.923,78.4595,36.9799,55.3584,26.1951
3540,110.31,157.267,121.35,79.7878,37.5728,54.4824,25.3442
3570,106.778,158.922,120.421,78.1314,37.4885,56.8288,24.6049
3600,111.38,160.897,118.84,79.2284,36.4264,57.7589,23.6985
3630,109.921,160.738,118.318,78.4111,37.4214,58.4632,24.7294
3660,107.912,160.652,120.708,76.9938,37.516,60.3941,25.1699
3690,109.645,158.891,119.858,78.9394,37.4881,64.6923,25.2685
3720,109.362,158.12,119.898,78.5636,37.8026,64.3222,24.3589
3750,107.478,162.721,120.08,79.5183,37.1149,65.1264,24.4057
3780,108.252,161.614,118.34,78.6184,36.8037,66.9012,24.7715
3810,107.707,156.602,119.794,79.4834,36.8827,68.63,24.5739
3840,107.836,162.016,119.365,79.3712,36.2482,69.3868,24.4076
3870,107.029,159.29,119.709,77.4105,36.7371,71.0398,25.2201
3900,111.18,159.552,118.426,77.6097,36.5166,69.2182,24.9813
3930,109.841,163.277,118.977,79.6265,36.1807,72.3181,24.808
