Time,FC,PAS,PAM,PAD,temp,SpO2,FR
-1,102,101,69,52,36.741,92,20
0,112.2,111.1,75.9,52,36.2266,92,22
30,114.108,112.76,75.316,52,35.7122,92,22.4165
60,112.445,111.843,74.5881,52,35.1979,92,22.3443
90,114.153,111.86,76.0139,52,34.6835,92,21.941
120,111.118,111.002,75.8915,52,34.1691,92,22.1601
150,112.712,109.158,77.1286,52,33.6548,92,21.8656
180,114.83,112.696,74.6768,52,33.1404,92,21.7336
210,110.492,110.178,77.3824,52,32.626,92,22.4621
240,110.309,112.771,76.1195,52,32.1116,92,21.9913
270,110.176,110.726,77.6968,52,31.5973,92,21.5712
300,110.98,112.994,74.9876,52,31.0829,92,21.6774
330,112.111,108.352,77.7713,52,30.5685,92,22.3118
360,125.754,111.182,82.2297,52,30.0541,92,21.5284
390,124.703,108.469,85.0854,52,29.5398,92,22.5464
420,113.772,113.075,83.4133,52,29.8062,92,22.1983
450,115.544,109.233,85.3246,51.5078,29.8268,92.2861,21.3578
480,112.474,113.014,75.7774,51.3019,29.9674,91.9326,21.4486
510,111.376,109.54,77.6026,51.4516,30.3331,99.0207,21.2882
540,111.993,107.602,75.9275,53.2064,31.6986,96.9435,21.4848
570,108.011,87.0965,61.3302,42.0424,31.2804,94.0439,21.5909
600,112.078,90.3263,61.3748,40.069,31.2904,92.8846,20.441
630,107.068,90.0301,60.5948,40.3624,32.0769,89.8018,19.6127
660,107.388,90.4621,62.9081,40.1727,31.5117,85.9498,19.2632
690,105.697,90.564,61.0992,41.9935,32.8201,84.0771,18.9126
720,145.579,39.1812,59.0475,23.5784,31.6738,80.6637,18.2242
750,142.913,44.2405,63.1798,24.7414,32.9134,87.2412,17.7839
780,145.399,46.1789,61.9234,25.6016,32.7467,85.1494,17.2315
810,145.431,47.7281,60.5078,23.103,34.1446,83.5872,17.5428
840,144.516,66.0156,59.8237,35.5405,33.9857,78.5923,16.855
870,142.813,65.0184,58.5702,33.7286,32.9621,77.9551,17.4243
900,141.159,63.0341,62.8176,33.3986,34.0244,74.3343,16.2825
930,144.679,61.6026,59.885,35.7247,35.2235,71.461,16.6254
960,139.312,60.6921,73.3795,35.8464,34.3951,66.6505,16.3849
990,143.44,66.9611,78.3922,35.0568,34.3801,65.9525,17.4609
1020,142.233,65.969,76.6555,34.4054,35.5773,64.6105,16.6332
1050,144.742,69.758,73.1782,36.2663,35.6388,60.8007,16.0103
1080,143.132,64.537,75.169,33.8254,35.8839,56.1519,16.8698
1110,142.416,66.753,74.8404,34.9926,37.0031,56.5732,16.2054
1140,142.805,66.7737,75.4525,34.5934,35.6816,51.3485,15.8545
1170,144.463,67.2579,75.1453,36.16,36.4724,50.5784,16.587
1200,143.962,63.0465,74.5096,33.7293,37.3544,47.2035,17.1544
1230,102.807,94.0297,78.2908,43.8933,38.1243,46.4079,16.8213
1260,94.674,83.0839,63.6317,37.465,37.0972,41.6053,16.2533
1290,85.1074,78.1203,44.5364,38.7215,36.996,37.9602,16.1835
1320,85.1202,71.9328,43.1836,39.6144,36.631,84.2341,16.4947
1350,82.5711,79.2487,43.5585,37.2812,37.3612,82.7479,17.385
1380,85.3124,76.2847,43.1617,38.2297,39.0648,84.3972,16.053
1410,82.0164,77.3497,41.944,38.5311,36.1075,85.3218,17.3991
1440,82.0137,81.1043,43.4852,38.7575,38.8802,82.235,16.6543
1470,82.8207,72.4016,43.8159,38.995,37.614,83.7846,16.7552
1500,85.2674,77.2739,44.5837,38.51,37.7302,89.0587,16.5324
1530,91.1668,71.9745,60.4767,39.2252,37.3256,88.382,16.3525
1560,89.0906,75.5717,60.2204,38.8826,36.7051,86.7984,16.2279
1590,87.7074,75.6006,59.4463,37.9872,37.1713,88.072,16.2841
1620,88.1093,69.9726,49.792,33.9708,37.48,87.9596,16.1121
1650,91.9216,65.6386,56.0353,32.9861,37.4124,87.2535,17.6161
1680,93.254,69.6816,55.3632,34.2855,36.921,88.8079,17.5918
1710,90.7272,70.2219,57.7524,32.241,37.7426,85.8366,17.9639
1740,90.3987,65.7128,57.6573,31.6946,36.587,88.8554,18.0677
1770,108.953,82.4291,69.9328,32.7735,38.4992,90.3463,21.8057
1800,96.3348,73.9773,58.3382,31.7185,36.7674,88.5808,21.8488
1830,94.3792,75.431,59.5564,32.0334,36.5555,86.2416,21.9704
1860,93.6178,77.9425,59.3391,32.835,36.4921,88.0541,21.415
1890,95.5425,78.7659,58.5735,32.3826,38.0482,86.0019,21.5381
1920,96.5283,77.3389,57.7304,31.7647,37.2916,89.9043,21.3514
1950,94.8692,78.2436,57.4137,34.2177,37.7782,94.2863,22.0172
1980,94.3382,77.7959,57.339,32.1877,37.4797,92.9388,21.9136
2010,96.8092,75.1493,56.3848,33.0035,37.2727,94.8702,21.7226
2040,96.9378,76.086,58.4867,33.7058,37.1929,95.0846,21.9143
2070,111.969,83.792,71.1948,32.1167,37.91,91.1124,22.7502
2100,111.69,84.4921,69.6043,33.3488,37.4616,92.5966,22.7684
2130,110.598,84.7609,70.6861,34.3916,37.5653,93.3418,23.1238
2160,114.817,83.4064,69.3118,32.7773,37.2335,91.6742,22.8858
2190,113.019,81.7896,70.03,32.7527,37.3467,92.8479,23.5126
2220,110.58,86.061,70.3418,32.7046,38.2115,92.8602,23.3678
2250,112.732,82.378,71.0875,32.1307,37.0716,93.6883,23.2791
2280,113.255,86.5781,68.7477,32.9159,36.0429,93.7835,23.3531
2310,111.774,82.4533,68.9976,34.0956,37.6706,94.1055,23.4087
2340,112.378,83.2754,69.1486,31.7944,36.9229,94.3501,23.4207
2370,114.029,84.6492,72.0744,32.8505,38.0481,90.9327,23.1709
2400,113.01,82.6402,68.5098,33.5515,37.3715,92.4348,23.4563
2430,114.187,84.702,71.0556,33.035,36.4145,91.873,23.3016
2460,113.868,84.2906,71.2057,31.5627,36.5104,94.2365,23.6005
2490,110.804,85.974,70.0563,34.3985,36.9785,92.9062,22.7416
2520,113.514,84.5153,71.2646,32.0402,35.8802,90.4959,22.7423
2550,120.364,88.9171,75.7372,34.2279,37.0963,93.2764,23.9311
2580,118.585,86.9841,77.1596,33.0458,38.2442,92.839,23.0609
2610,119.618,90.0882,73.7895,31.6775,36.9731,91.0627,23.1653
2640,117.26,89.864,74.8502,32.4153,35.8475,92.2618,23.7915
2670,117.147,90.276,76.3463,32.2652,37.2908,91.5713,23.2274
2700,120.307,86.3021,76.3341,33.3424,35.5281,93.7024,23.575
2730,117.998,89.033,75.9526,33.4252,36.998,94.353,23.3827
2760,120.347,86.0389,76.14,33.6767,36.0789,93.1681,23.5643
2790,117.543,86.9053,76.6416,34.1573,36.331,91.1564,23.3905
2820,118.794,89.9954,73.7276,32.3908,36.4751,94.7035,23.3808
2850,119.659,88.2314,73.6913,33.7053,36.9614,91.1922,24.0126
2880,117.693,89.9243,76.2953,33.0625,37.0736,91.0485,24.0368
2910,120.816,90.5878,76.8815,32.5096,34.8761,93.9834,23.4404
2940,122.355,89.6942,75.919,31.8529,36.5593,92.7376,24.0528
2970,118.379,88.3232,76.1762,32.7313,36.8239,92.4628,23.5256
3000,121.349,86.6446,76.8709,33.4201,35.537,93.5655,23.7644
3030,122.637,88.8382,75.3739,31.6056,36.1489,92.2311,24.6291
3060,121.658,87.7326,77.8403,32.9991,35.9106,92.6949,25.88
3090,124.817,88.7215,75.6814,31.6079,35.5437,92.389,26.4197
3120,124.748,89.3992,77.0447,31.966,35.324,91.9111,26.4307
3150,124.707,91.9458,76.89,32.3248,35.9266,94.5308,26.5854
3180,125.175,90.7088,77.6693,32.4776,35.9322,95.0843,27.3663
3210,122.639,87.9936,77.3646,32.41,37.0718,90.8052,27.5941
3240,123.362,90.3036,77.1358,33.1792,36.7717,94.648,28.0401
3270,125.686,88.9588,77.7347,33.1883,36.9497,93.2793,28.9358
3300,128.842,88.4016,76.047,33.7565,34.7797,91.224,29.0336
3330,125.626,90.7637,78.2478,33.6114,36.535,94.6577,29.6792
3360,126.114,88.8485,76.3779,34.1206,36.0571,88.3205,28.8444
3390,126.163,90.5649,79.0026,32.5303,36.8792,90.1863,28.7233
3420,127.582,92.9886,77.8402,34.0161,35.631,83.7942,27.3932
3450,125.926,91.825,78.3969,33.8742,36.2781,82.1651,27.3676
3480,128.252,90.0394,77.5232,33.7781,36.0728,78.329,26.7622
3510,124.628,92.3823,79.0319,34.614,36.4725,79.534,26.3553
3540,128.33,89.5449,77.9908,34.3348,35.6819,77.6417,25.163
3570,126.589,91.035,79.1385,34.7076,35.0683,73.8782,25.2097
3600,126.323,88.3093,77.8531,32.1517,36.4922,71.8813,24.3139
3630,124.316,91.083,77.7452,34.0911,35.813,68.7701,23.4154
3660,124.315,88.8464,76.2431,33.8404,36.1211,67.6054,22.9284
3690,123.223,92.0271,77.1102,34.2746,36.2351,64.2996,22.5894
3720,120.634,89.2113,78.4946,33.9116,36.822,62.375,22.2289
3750,120.701,91.9918,75.9433,33.5829,35.784,65.1837,22.7061
3780,124.181,92.768,77.4407,34.1294,36.8134,62.0658,22.56
3810,120.862,90.349,77.4257,32.4035,35.586,65.3777,22.5275
3840,122.232,90.6527,76.8521,32.7253,35.4728,64.2325,22.1117
3870,121.861,90.7632,78.461,33.3171,35.8239,62.9788,22.0279
3900,122.617,91.4224,78.822,33.3599,36.231,62.4415,22.1448
3930,122.353,90.6631,77.1224,34.6806,36.0205,64.5382,22.1132
3960,123.569,92.0514,77.4021,34.1124,36.8662,66.3671,22.6633
3990,122.762,91.0615,76.6287,34.1339,35.6179,66.1041,22.649
4020,120.947,91.1649,76.6274,32.5146,36.1408,64.1746,22.0477
4050,123.669,92.5757,76.4899,33.6561,37.1218,65.9848,21.5331
4080,96.5971,71.0926,62.4493,34.1346,35.2128,64.9081,21.6065
4110,99.0995,73.8977,62.7542,32.2631,35.2623,66.611,21.2653
4140,99.2108,70.3952,63.0438,33.5506,36.8041,68.3694,21.1845
4170,97.9555,73.7428,64.1547,33.6229,35.9755,69.0048,21.5486
4200,98.4728,73.3264,62.5356,34.6557,37.6886,73.6882,21.7043
4230,97.6444,70.783,64.3949,34.2163,36.5448,73.9343,21.2743
4260,98.562,73.7921,64.364,32.4556,36.5774,78.0178,21.2255
4290,95.8835,71.7589,64.2688,33.3591,36.2744,79.2391,21.6
4320,98.0929,73.0577,63.3772,33.6554,35.7657,83.1358,20.9986
4350,96.6958,71.9156,64.1457,34.3163,36.3822,84.7262,21.7888
4380,93.6748,67.1117,58.8375,32.824,36.5764,89.403,17.3306
4410,94.3717,69.2612,59.9711,34.0767,36.5076,91.2417,16.7781
4440,90.8509,67.0379,61.8381,33.4914,35.6851,94.6549,17.2247
4470,93.5543,69.034,60.7582,34.0995,36.6976,97.5052,16.6091
4500,94.6949,70.4542,60.1654,33.5466,34.9921,96.6248,16.5587
4530,93.1509,71.1304,61.5299,32.4627,35.6286,96.8253,16.935
4560,92.1425,68.8157,58.6362,34.0634,36.9258,96.9387,16.8581
4590,90.8884,67.3537,59.0997,33.528,37.606,97.7155,17.2738
4620,92.9789,67.3571,59.9888,34.2252,36.3646,98.5966,17.2197
4650,93.8683,70.3595,62.0308,32.278,37.0861,97.3021,16.8049
4680,94.6908,69.9289,58.8532,33.789,36.0057,94.6799,16.8164
4710,94.0428,67.6543,61.825,33.9662,35.517,97.024,16.9903
4740,94.0116,71.6066,59.7568,34.7244,36.2991,97.9847,16.9852
4770,94.864,70.4069,60.9129,34.5942,35.246,95.7216,16.5659
4800,94.6953,68.466,61.1998,32.3979,37.6233,96.9096,17.169
4830,95.1257,68.8914,60.1123,34.8094,36.2718,96.9878,17.2321
4860,94.8615,71.2241,61.2928,34.0895,35.5184,95.7958,16.505
4890,91.5743,71.5822,61.9685,33.1948,35.1907,96.9621,16.5789
4920,93.1797,68.0303,59.522,33.5173,35.957,95.7778,16.5221
4950,91.5335,70.3832,58.7077,32.7241,36.7588,94.8046,17.0778
4980,82.4429,63.6789,52.9615,33.5468,36.273,97.231,14.3909
