Time,FC,PAS,PAM,PAD,temp,SpO2,FR
-1,102,151,107,86,36.9078,97,17
0,112.2,166.1,117.7,86,36.3911,97,18.7
30,114.235,164.051,120.398,86,35.8744,97,18.6282
60,109.861,168.519,115.799,86,35.3577,97,18.3284
90,109.963,164.157,118.015,86,34.841,97,18.8175
120,111.466,165.524,115.874,86,34.3243,97,18.4649
150,109.921,163.149,116.331,86,33.8076,97,18.2481
180,112.309,165.537,116.34,86,33.2908,97,18.6475
210,114.451,167.998,116.147,86,32.7741,97,18.625
240,110.409,163.479,118.788,86,32.2574,97,18.6915
270,111.414,166.199,120.175,86,31.7407,97,19.1
300,113.862,167.158,115.19,86,31.224,97,18.8319
330,109.845,163.919,115.195,86,30.7073,97,18.9055
360,124.817,167.076,128.921,86,30.1906,97,18.7303
390,122.886,169.218,130.489,86,29.6739,97,19.0351
420,123.873,169.992,116.942,86,30.1318,97,19.0785
450,122.212,166.682,115.868,84.7972,30.512,96.9407,18.7055
480,112.673,169.072,117.848,86.0659,31.9053,94.9687,18.734
510,108.334,168.61,122.312,85.5034,31.4889,103.521,19.2499
540,109.952,164.149,118.79,84.4076,32.5881,97.9635,18.3555
570,106.124,135.547,93.3269,67.2757,32.8151,96.4296,17.2462
600,113.091,130.063,93.9102,68.2416,32.5865,89.793,17.0088
630,109.179,135.808,93.9259,69.4013,33.2384,88.1216,16.5014
660,102.767,139.728,91.4525,69.8311,33.1204,83.509,17.0482
690,109.965,129.773,93.1266,67.6748,34.3268,79.1835,15.4001
720,147.433,68.7446,92.5509,41.7307,33.9142,72.7722,15.3688
750,148.944,68.668,93.7973,41.2643,35.3525,90.1517,15.8282
780,148.006,69.5969,91.6106,43.2257,36.0012,86.907,14.7702
810,146.8,69.9191,92.821,43.2206,35.2456,84.0109,14.6563
840,146.98,62.4805,92.8063,40.0253,35.7226,77.307,14.7404
870,142.211,73.3385,91.5944,41.2124,36.1318,76.8583,13.7486
900,139.966,65.8444,116.142,40.5425,36.3249,72.4168,13.7629
930,145.982,69.5496,116.539,43.1073,36.9945,68.735,14.1531
960,149.99,100.584,120.8,57.2054,36.1139,65.2276,14.1271
990,144.619,98.4363,113.931,59.112,38.1713,60.8572,13.7922
1020,146.456,100.719,118.84,59.0688,37.2845,56.1994,13.5772
1050,148.303,99.1726,118.501,60.1797,38.0815,51.6117,14.4509
1080,146.251,98.561,118.918,59.4097,38.1912,45.3784,13.9283
1110,142.902,99.0534,120.727,59.1012,37.4347,45.2272,13.8533
1140,145.525,100.211,119.022,60.5189,36.0515,39.9008,13.8068
1170,143.226,95.5018,116.63,59.1603,37.7935,38.2679,14.3651
1200,147.174,95.7708,116.319,56.7681,36.5693,32.882,13.5279
1230,99.2623,136.208,121.118,76.7943,37.4783,26.0155,14.0942
1260,96.3896,128.034,101.355,68.5293,38.2535,23.4072,14.0422
1290,87.6267,120.226,69.5566,64.3641,37.1705,21.8832,13.5359
1320,85.0807,120.479,72.7655,62.6174,37.4393,71.0494,13.6585
1350,86.5158,116.388,70.3021,65.626,37.706,72.4862,14.188
1380,88.8336,117.247,69.7317,63.3176,37.5666,71.6896,13.7455
1410,85.5018,116.56,71.2616,65.9371,38.276,73.0071,13.9366
1440,86.5255,118.903,71.2411,65.6755,37.5045,73.2106,13.3317
1470,87.884,121.732,70.9975,62.7465,38.1895,73.788,13.9127
1500,88.2821,120.501,71.1232,65.7398,37.6345,76.0257,14.0888
1530,93.0606,111.712,96.7491,65.9915,38.3742,74.587,13.6915
1560,94.3802,113.621,99.177,64.177,36.1854,77.6964,13.774
1590,94.1401,115.927,98.1714,62.2837,36.789,75.1916,13.7806
1620,85.6814,104.572,83.2622,61.1488,37.3326,75.3039,13.7731
1650,91.7351,106.01,93.1069,55.7404,37.7307,73.7872,14.9967
1680,91.5393,107.403,94.7441,54.5771,38.2687,77.6801,15.1693
1710,93.0892,104.598,93.5669,56.6908,38.094,75.6551,14.8743
1740,92.2048,108.088,91.439,53.6585,37.9777,76.6721,14.7962
1770,115.167,125.482,114.523,54.6725,38.5557,77.2149,18.6315
1800,99.4394,120.572,89.311,54.1409,36.4559,77.7176,18.4975
1830,99.3738,119.428,90.9777,52.9648,36.3592,74.3978,18.3677
1860,101.365,118.255,91.1462,56.2368,37.4548,77.9399,18.4323
1890,99.175,121.293,88.2275,54.116,37.9461,74.8354,17.9817
1920,98.8024,120.885,89.3934,55.6072,37.3585,75.8266,18.2259
1950,99.6106,118.057,89.4844,56.4057,37.0334,79.7815,18.1951
1980,100.258,118.542,88.6326,54.5147,36.7704,77.8571,18.0582
2010,100.296,118.166,89.8236,53.8596,36.7709,78.9356,18.291
2040,98.2964,121.447,88.4726,53.4403,38.135,79.9654,18.3068
2070,116.751,136.435,111.703,53.4359,37.7917,79.7644,19.4889
2100,113.799,134.872,112.652,55.9167,38.0162,81.9584,19.7389
2130,117.127,133.04,113.386,56.4712,35.6498,79.3766,19.6551
2160,116.586,134.081,112.393,55.3842,35.7438,78.1351,20.0678
2190,117.623,133.858,110.373,54.5815,37.0962,80.4787,19.7426
2220,114.407,131.874,111.322,53.0489,37.4196,80.1708,19.9373
2250,116.193,132.538,113.138,55.8941,36.2019,78.4101,19.4639
2280,116.256,135.283,113.518,56.1902,38.459,81.3889,19.9409
2310,115.322,136.486,110.951,56.2668,37.7217,79.4242,19.9125
2340,113.671,135.117,113.48,52.9587,37.6452,81.3161,19.8174
2370,116.321,133.793,111.744,53.2897,37.4577,78.7263,19.576
2400,114.765,130.683,110.641,53.4945,38.82,82,19.6889
2430,117.258,131.484,111.408,54.4463,36.5838,78.2539,19.4419
2460,115.274,136.691,110.551,54.5387,37.4558,77.766,20.0914
2490,115.325,133.394,110.344,53.2891,35.8852,79.4355,19.6441
2520,115.085,134.113,112.39,54.4691,37.0454,81.6063,19.6822
2550,122.979,136.678,123.298,55.6482,36.8293,81.497,20.1861
2580,124.228,141.973,123.129,53.9284,38.3981,78.7485,20.1904
2610,121.43,137.757,121.694,54.3996,38.0412,81.2369,19.9866
2640,122.049,137.626,121.851,53.0578,37.3192,79.7191,20.28
2670,122.588,137.48,120.498,55.0882,35.7552,81.8273,20.1064
2700,120.198,140.222,121.937,56.9239,37.6064,79.2752,20.5826
2730,120.708,141.18,120.854,56.611,36.5855,82.2355,20.0694
2760,121.881,138.885,120.599,54.355,38.0076,81.206,20.2742
2790,120.112,135.393,119.612,54.7787,36.8543,80.5259,19.989
2820,123.051,136.586,119.948,54.4714,37.6741,78.3182,20.0135
2850,121.756,138.56,119.631,53.993,36.0501,79.1142,20.643
2880,122.836,139.309,120.673,55.3968,35.5721,82.1435,20.1458
2910,120.732,135.396,122.578,54.0664,37.2672,78.6961,20.3524
2940,122.898,137.908,123.516,55.5095,36.4975,80.6316,20.054
2970,123.037,140.352,121.05,53.8891,37.3668,77.8789,20.1611
3000,121.817,138.173,123.317,55.5402,36.9382,81.5075,20.3116
3030,124.297,139.619,122.649,56.2031,37.9571,78.8933,20.2864
3060,125.48,139.449,128.27,53.5943,36.1724,78.3429,20.8058
3090,125.7,141.642,128.025,57.21,36.5574,78.56,20.5204
3120,125.618,145.287,128.07,55.8565,37.239,77.6611,20.6353
3150,125.462,142.942,125.044,53.6864,36.2405,79.3826,20.7497
3180,127.226,140.697,127.172,56.4846,37.5472,79.6709,20.3215
3210,125.708,140.505,128.829,54.7284,35.1163,80.255,20.5335
3240,126.303,141.403,128.519,56.8638,36.2675,78.8768,20.4389
3270,128.841,141.641,125.415,57.1874,37.0984,80.0007,20.5939
3300,131.248,139.694,125.125,56.1004,37.1623,80.6879,20.3895
3330,132.008,143.156,126.337,57.1361,37.7039,78.5682,21.0327
3360,130.807,139.679,128.2,54.965,34.6487,80.0313,20.7284
3390,132.418,143.839,126.753,54.8476,35.0252,80.8681,20.4502
3420,130.556,144.592,128.304,53.6739,36.1344,75.1364,20.0979
3450,130.373,142.513,125.364,57.258,36.1012,75.902,20.1459
3480,131.869,143.908,125.569,55.749,37.3703,69.124,19.3559
3510,131.543,143.089,127.636,56.7532,36.3149,65.6115,19.2605
3540,130.227,144.671,128.146,56.2031,36.8002,67.0434,19.034
3570,131.031,139.807,126.629,57.3966,36.1128,63.681,18.6792
3600,128.424,139.584,127.372,57.3687,37.385,58.2882,18.8745
3630,128.406,139.208,125.37,53.6716,35.5796,57.5082,19.0974
3660,125.876,143.049,126.209,55.2241,35.9953,55.1959,18.573
3690,126.537,141.673,124.601,53.5847,37.5023,48.1331,19.2313
3720,127.788,143.673,128.662,56.8556,35.7443,45.8713,19.138
3750,123.719,141.641,128.416,56.5222,36.7528,44.0786,18.98
3780,123.595,144.537,124.936,56.8195,34.7306,43.0713,19.325
3810,124.281,144.88,127.271,54.532,37.0729,36.8843,19.818
3840,124.05,139.628,127.251,56.8791,36.6093,36.3959,20.1586
3870,123.332,142.75,126.595,56.8042,36.5408,32.51,20.422
3900,125.672,142.931,126.213,57.0967,35.9976,29.672,20.0776
3930,122.894,139.848,125.964,57.0533,36.8391,27.3573,20.1837
3960,125.032,140.715,124.852,57.3981,35.9908,24.5559,20.2635
3990,123.852,139.935,125.244,55.8598,35.7497,18.9426,20.6438
4020,123.476,142.307,127.867,57.0161,36.2679,23.81,20.6815
4050,123.811,141.937,130.131,54.4915,36.6728,22.2481,20.4859
4080,100.384,115.147,102.386,56.6785,35.1106,21.5924,20.6672
4110,98.3052,113.55,101.676,54.8074,36.8316,22.5736,20.3432
4140,101.108,117.628,101.083,55.9871,34.837,25.1492,20.6138
4170,98.8633,113.563,104.247,54.2226,36.2378,26.3542,20.5161
4200,100.756,118.181,101.726,53.9698,35.219,31.0611,20.4151
4230,100.212,118.305,103.424,56.0025,36.509,35.3872,20.3617
4260,100.232,118.064,104.482,56.8351,35.1507,37.2139,20.4872
4290,100.186,113.231,103.173,55.1382,35.6072,43.0683,20.4107
4320,97.7982,112.331,102.419,54.3528,35.5877,45.286,20.3046
4350,97.9178,112.592,104.158,55.5993,37.2931,50.3123,20.6357
4380,94.861,109.868,98.3375,56.0635,36.0384,50.7657,16.5439
4410,92.7286,109.847,96.6757,56.0306,37.574,58.8079,16.7206
4440,92.392,107.97,96.8176,55.6658,36.5043,61.512,16.5386
4470,95.6384,108.984,97.1826,56.3148,36.4488,63.4961,16.5996
4500,94.8531,110.806,98.0912,55.9503,36.4415,67.2125,16.6203
4530,92.5778,108.157,98.177,56.9544,35.6522,73.3966,16.3124
4560,95.3747,111.72,100.394,54.4941,36.5374,77.7754,16.2766
4590,92.7433,106.316,96.4474,54.653,35.1773,77.4437,16.5426
4620,92.7566,108.507,97.6171,56.6157,37.1239,83.8228,16.7699
4650,96.5048,112.263,100.154,54.7272,36.2536,88.1101,16.093
4680,94.6894,109.508,97.7086,54.0066,35.1787,90.8208,16.2843
4710,93.6668,108.738,99.0417,55.1665,37.0988,93.0223,16.7492
4740,92.5337,108.183,99.6347,57.3213,36.7734,100.947,16.7484
4770,93.5466,111.076,97.4224,56.1457,36.9568,103.777,16.062
4800,94.4154,105.991,96.9525,56.3134,35.9884,100.454,16.5013
4830,92.3979,110.006,96.453,56.9433,35.1748,104.176,16.322
4860,94.4571,109.448,97.896,55.4778,36.6045,102.363,16.1841
4890,92.7478,110.289,100.185,55.8881,36.661,103.262,16.1281
4920,95.1674,110.862,100.045,57.279,36.6874,103.02,16.3457
4950,94.5627,109.769,97.5965,56.8159,35.9854,101.313,16.2314
4980,85.1331,97.9667,88.6169,55.8352,36.4116,103.97,13.5494
