Time,FC,PAS,PAM,PAD,temp,SpO2,FR
-1,104,185,117,104,36.5731,96,21
0,114.4,203.5,128.7,104,36.061,96,23.1
30,113.983,201.209,131.295,104,35.549,96,23.4124
60,114.382,203.914,130.009,104,35.037,96,23.2293
90,111.923,201.263,127.703,104,34.525,96,23.1787
120,114.685,200.142,128.446,104,34.0129,96,23.6678
150,114.899,206.133,127.718,104,33.5009,96,23.4255
180,114.277,202.175,125.854,104,32.9889,96,22.9552
210,112.423,203.633,131.366,104,32.4769,96,23.3488
240,114.226,201.48,131.883,104,31.9648,96,23.2879
270,113.73,205.488,130.834,104,31.4528,96,22.8823
300,116.316,206.635,125.941,104,30.9408,96,22.5385
330,117.056,203.712,127.944,104,30.4288,96,22.9831
360,125.514,199.002,144.138,104,29.9168,96,22.6928
390,123.407,202.322,141.159,104,29.4047,96,23.2079
420,115.461,204.323,140.142,104,29.6969,96,23.1124
450,117.434,203.104,141.736,105.04,30.286,96.96,23.7918
480,115.227,204.14,132.751,104.557,31.1509,95.9673,23.2503
510,117.188,207.507,132.197,106.839,31.0275,99.2402,23.6281
540,116.015,202.142,127.8,103.465,30.6953,97.4075,23.1965
570,115.735,160.876,103.847,83.5357,31.2872,93.9564,22.2751
600,114.788,160.361,102.99,81.7968,31.4253,90.7242,21.4463
630,113.463,159.935,105.694,85.6413,32.0257,91.1504,21.1859
660,109.399,166.522,104.731,82.4749,31.4711,85.9125,20.1367
690,111.477,164.149,102.793,81.5552,32.8082,85.5358,20.6453
720,100.05,149.302,90.8107,71.0717,32.7068,79.1021,19.3593
750,90.5237,144.586,58.1752,73.1656,33.7337,78.5719,18.7486
780,92.615,142.176,57.6689,70.7475,32.9782,89.4489,18.4228
810,90.1204,140.408,61.687,70.2258,33.8213,88.7853,17.7007
840,88.3267,184.076,63.0899,69.8871,33.5285,83.636,17.7587
870,86.5213,181.261,57.8794,73.8692,34.1697,81.6288,17.6169
900,88.8042,175.396,63.4087,89.8216,34.3178,77.3781,17.3407
930,89.6931,181.069,57.1405,92.0367,35.6726,76.8114,17.0007
960,85.142,174.351,89.2649,89.5339,36.124,76.0258,17.0459
990,90.3062,176.048,112.929,90.233,35.7973,75.1326,16.2575
1020,94.942,177.978,109.684,92.1261,35.5055,73.8389,16.7896
1050,92.1116,168.184,109.796,90.3773,36.707,66.7634,16.8932
1080,86.1303,161.908,98.9341,79.6276,36.9302,67.4052,16.9608
1110,93.9998,168.065,110.482,78.555,37.414,62.6718,18.5653
1140,92.3394,158.097,109.996,75.9935,38.0345,62.0959,18.4168
1170,91.3453,166.284,105.258,77.7902,38.0932,56.0689,18.4274
1200,93.9738,160.862,105.951,76.581,38.2262,52.7354,18.7825
1230,114.586,199.163,131.107,76.0467,38.9623,52.1505,22.5462
1260,100.583,170.541,112.453,80.3949,37.2928,47.1783,22.9433
1290,102.468,160.502,113.96,75.9559,38.7908,46.9923,22.3561
1320,100.514,169.643,117.527,76.5635,37.5951,45.1368,22.2224
1350,84.4476,146.432,97.1639,79.1466,37.783,47.8769,17.3869
1380,85.0144,146.567,97.7594,80.2595,37.9248,46.5215,17.4357
1410,110.076,190.905,127.814,77.713,38.4346,44.6326,21.8002
1440,120.711,210.069,140.988,76.5034,38.4672,47.9302,23.4122
1470,127.221,210.23,144.636,80.8938,38.0196,47.8037,24.4419
1500,126.505,215.516,142.668,80.7592,38.9752,46.9282,24.6594
1530,101.264,169.567,116.42,79.7226,38.5378,45.1127,19.43
1560,101.594,171.704,116.305,80.5708,37.3146,45.8878,19.3497
1590,103.763,169.798,115.007,79.3145,37.4574,48.7909,20.0462
1620,102.905,175.431,114.501,77.8962,37.5526,47.1609,19.7011
1650,85.4893,144.263,96.6431,78.938,37.4763,47.8013,16.7405
1680,88.0501,148.666,97.0988,77.8694,37.3451,49.3226,16.3955
1710,83.8836,142.979,96.3151,76.0701,37.8139,47.9615,16.8812
1740,85.9138,145.985,96.4207,77.1256,37.5002,47.7521,16.8006
1770,85.3274,141.794,93.8394,79.6729,37.5732,45.4535,16.4334
1800,93.9357,162.356,107.786,78.3893,38.2477,45.4684,18.6881
1830,76.9631,122.718,82.7624,76.2708,37.7733,47.3952,17.8175
1860,77.0481,123.784,87.4916,78.176,38.4871,45.8688,18.4755
1890,72.5921,130.249,83.9296,78.8756,37.0322,46.4988,18.0322
1920,74.1584,126.698,86.0779,80.3692,37.568,46.4499,18.0788
1950,72.2559,126.626,83.1913,80.2899,38.1002,46.9361,18.7553
1980,72.5406,121.464,82.0135,80.6229,37.3496,49.3688,18.0878
2010,72.5266,123.393,81.9563,76.5965,36.992,46.8897,18.5133
2040,72.7359,129.755,81.8485,78.1959,37.4798,48.2875,18.0359
2070,76.0641,122.328,86.2992,79.4801,37.9652,49.3589,18.3036
2100,73.5548,125.643,84.9615,77.4763,37.6179,47.6357,17.9323
2130,92.4484,156.394,105.508,79.6804,38.2183,48.1203,18.992
2160,93.316,152.149,105.632,80.6504,38.5816,48.1317,18.3981
2190,90.2816,155.149,106.199,80.915,37.7716,46.7308,18.7423
2220,89.3609,154.447,102.847,77.8255,38.224,48.3563,18.7753
2250,89.7945,154.239,107.858,80.4328,38.4412,47.4745,18.6797
2280,92.4737,153.394,104.823,78.386,37.5123,45.4807,18.4404
2310,90.7935,159.473,106.834,79.3809,37.2774,47.2469,18.7203
2340,93.4213,160.25,103.556,80.9185,37.2748,47.5429,18.3754
2370,89.1222,154.042,101.664,77.4368,37.9545,44.8415,18.1811
2400,92.0516,156.713,106.969,77.2472,38.2656,46.3965,18.8489
2430,90.2069,155.779,102.505,79.3136,37.3255,49.5543,18.3644
2460,92.4248,155.962,101.264,78.4368,37.4814,46.4585,18.5113
2490,93.0101,160.3,107.126,80.3332,37.1299,49.1786,18.159
2520,94.1472,160.34,103.812,78.7546,37.5998,45.7037,18.9308
2550,90.8919,156.254,105.478,79.4022,36.6835,48.6254,18.3691
2580,90.9625,158.896,106.198,76.2221,37.1736,48.2683,18.6324
2610,93.1007,151.547,101.622,78.6752,36.6176,49.1495,18.4342
2640,90.3431,159.211,105.346,77.2156,37.9828,49.4304,18.9238
2670,90.4097,152.413,105.933,79.5849,37.8614,46.1353,18.4294
2700,93.0607,151.619,106.592,76.7948,38.1925,47.0799,18.3046
2730,84.4763,142.902,100.873,75.8569,37.0991,49.2043,16.9225
2760,94.8165,161.611,117.132,91.4529,37.774,47.4929,17.3825
2790,95.6711,170.877,115.603,92.1089,37.8556,46.8466,16.9272
2820,95.7896,172.786,116.682,89.1883,38.0554,48.0376,16.86
2850,97.6561,167.034,115.067,93.0734,37.2482,47.3526,17.5521
2880,97.6777,170.258,114.122,88.2827,37.046,47.2089,17.2348
2910,99.5248,166.471,114.866,90.3688,37.5863,46.5996,16.6793
2940,95.8301,174.257,115.678,92.2152,37.3973,47.8242,16.9131
2970,96.0286,169.261,113.702,88.66,37.2356,45.2937,17.459
3000,98.9582,172.876,111.159,91.1446,36.5057,47.5996,18.5839
3030,96.3492,167.341,113.294,90.2846,36.5707,49.4296,19.329
3060,98.5858,170.1,111.682,88.9712,36.5574,48.7396,19.92
3090,98.1126,171.399,118.12,88.7238,37.6832,46.8154,19.5475
3120,95.4963,172.376,113.544,89.0059,36.6025,46.6349,20.6349
3150,94.9775,177.061,114.268,92.1469,36.3924,47.1303,20.0368
3180,93.8888,174.524,111.931,88.7606,36.4034,43.0329,20.1939
3210,93.0856,167.147,113.239,88.4321,37.131,42.108,20.1026
3240,92.3121,174.192,114.261,91.4415,36.6942,43.12,20.8707
3270,92.5528,168.476,115.221,92.7291,36.4805,42.8815,20.7267
3300,90.4211,174.646,117.059,91.3663,37.1318,41.2654,20.3771
3330,91.4488,170.312,119.077,93.3444,35.9456,36.7141,20.4918
