Time,FC,PAS,PAM,PAD,temp,SpO2,FR
-1,91,163,120,92,37.0906,95,21
0,100.1,179.3,132,92,36.5714,95,23.1
30,97.8789,182.997,133.502,92,36.0521,95,23.5951
60,97.6679,176.111,135.272,92,35.5328,95,23.5632
90,102.291,182.6,133.943,92,35.0135,95,23.1148
120,100.127,180.016,129.732,92,34.4943,95,23.5144
150,100.32,180.663,135.288,92,33.975,95,23.1881
180,98.4056,183.049,131.932,92,33.4557,95,23.1179
210,101.69,176.538,133.048,92,32.9365,95,23.3696
240,101.184,181.641,132.676,92,32.4172,95,23.4521
270,97.7263,180.457,131.246,92,31.8979,95,23.6439
300,97.8021,178.188,132.818,92,31.3787,95,23.086
330,100.677,176.062,131.387,92,30.8594,95,23.1982
360,110.771,182.389,146.96,92,30.3401,95,23.2146
390,107.738,178.203,144.223,92,29.8209,95,23.0825
420,99.7094,183.006,142.597,92,31.0174,95,23.6138
450,101.494,176.031,143.963,92,32.2139,95,22.8681
480,102.054,181.889,131.584,92,33.4104,100,23.5548
510,99.0686,182.729,132.101,92,34.607,98.7316,22.969
540,100.744,145.516,104.571,73.6,35.4574,96.4029,21.8417
570,96.2314,145.857,103.278,73.6,36.6539,92.2702,21.6347
600,95.4249,142.157,104.787,73.55,37.2293,91.8074,21.3147
630,96.9852,140.267,102.457,72.6355,37.5724,91.4509,20.8061
660,89.2255,122.141,93.2697,69.357,36.9642,86.336,19.984
690,81.9518,122.139,62.896,63.1755,37.5947,86.5053,19.3217
720,81.1014,125.625,63.7525,62.0534,37.088,90.3144,19.1616
750,80.2509,119.107,61.4546,61.6724,37.1013,87.2381,18.5801
780,79.4005,119.162,61.0813,61.2776,37.7529,87.3004,17.6703
810,78.55,154.799,62.0195,81.1047,36.4165,85.8394,18.189
840,77.8006,159.444,62.01,82.0448,37.3684,80.9249,17.241
870,79.4621,160.458,89.0359,79.7885,37.5062,81.8672,17.0472
900,81.7221,157.231,89.7236,80.9489,37.0029,83.4338,17.3998
930,85.4755,157.586,116.294,81.6862,36.572,79.6269,16.8904
960,84.169,156.196,114.533,82.4628,37.8231,78.0502,17.114
990,86.1078,154.975,117.306,80.4012,36.2907,74.7761,17.1305
1020,79.4258,132.505,99.9226,76.2548,37.4306,72.0049,17.1198
1050,84.136,142.569,112.212,70.1161,37.7106,70.1876,18.9861
1080,83.7612,146.771,110.566,68.9859,36.737,69.1766,18.8836
1110,84.4503,142.787,111.155,67.6715,36.9679,66.0072,18.798
1140,85.8024,145.911,110.819,69.0088,36.3319,63.8028,18.8386
1170,88.3288,148.193,113.144,67.8312,37.8329,63.3343,19.7028
1200,88.6719,144.95,112.682,70.5511,36.1427,58.3811,19.4433
1230,77.8441,133.52,103.065,69.6503,37.9048,58.9338,17.698
1260,78.208,129.418,99.5239,67.723,37.6012,57.3942,17.5269
1290,80.4589,129.89,103.235,70.0769,37.6238,56.8452,17.868
1320,79.6579,131.168,103.08,69.4295,36.8726,56.5817,17.5756
1350,101.177,170.085,129.518,70.1534,36.4721,57.3523,22.6103
1380,99.9733,170.84,130.49,69.5891,37.2793,56.052,22.7811
1410,101.224,167.963,130.488,68.8616,36.5331,55.7798,22.3594
1440,99.4272,172.372,130.096,70.1966,36.4517,55.5548,22.5588
1470,101.944,170.142,129.644,67.8144,37.8994,55.8161,22.9712
1500,99.9598,168.206,131.401,68.7527,37.5325,57.3323,22.1864
1530,101.053,168.423,132.76,70.3279,36.7072,55.8096,22.4322
1560,101.735,169.411,131.904,69.5789,36.5358,57.5223,22.6021
1590,101.108,172.903,129.355,67.768,36.9275,55.9923,22.2796
1620,101.09,169.297,129.792,69.5036,37.0538,57.2247,22.1616
1650,100.493,170.087,129.746,69.8369,37.3662,57.9883,22.715
1680,99.2197,167.793,129.288,69.4394,36.961,57.3559,22.3825
1710,102.372,170.236,132.843,68.0557,36.9566,57.9563,22.3495
1740,103.333,167.503,131.113,68.6904,36.8357,57.3352,22.1435
1770,103.346,168.738,129.537,68.2977,37.464,56.5385,22.1263
1800,101.098,168.314,132.146,69.0116,36.6206,57.6819,22.2181
1830,102.582,169.46,130.975,69.047,37.7345,56.6388,22.7204
1860,100.753,168.151,133.258,68.4639,36.48,56.9333,22.7354
1890,101.922,173.089,132.328,69.2583,36.5496,57.9116,22.8519
1920,99.0716,167.438,132.811,68.912,36.5106,57.2448,22.9584
1950,109.23,183.174,141.323,68.437,37.2473,57.1349,24.9841
1980,109.24,186.154,143.147,70.2955,37.7657,57.0081,24.4606
2010,107.413,186.586,145.019,69.8528,37.586,57.5093,24.5626
2040,107.14,184.446,141.736,67.7531,37.0147,56.0207,24.7466
2070,110.208,184.845,143.15,68.343,37.5194,57.2851,24.78
2100,108.706,181.869,142.692,70.4215,37.5207,58.0113,25.0282
2130,109.997,183.413,141.353,70.0606,36.2873,58.2947,24.7952
2160,111.072,185.433,145.061,67.519,36.2504,56.2104,24.3428
2190,109.562,182.181,143.755,68.5662,37.2114,56.268,24.8174
2220,108.617,185.586,141.881,70.0026,37.3443,57.3385,24.9433
2250,108.95,184.263,143.701,68.0131,37.4128,57.5942,25.1551
2280,110.642,185.652,143.598,69.8731,36.6244,57.2001,24.9574
2310,108.593,185.219,144.781,70.5616,37.3273,57.1351,24.5674
2340,108.14,185.2,145.193,69.6221,36.5316,56.3577,24.7115
2370,111.078,185.954,142.16,68.7403,36.3554,58.0234,24.7722
2400,110.811,184.953,143.486,69.6976,36.4755,56.3629,24.6958
2430,109.152,185.611,142.153,70.286,36.5454,56.2831,25.0661
2460,82.3568,136.825,103.147,68.1902,36.4238,56.451,18.4025
2490,80.0799,135.255,103.913,68.6347,36.171,57.5561,18.2757
2520,79.0147,136.441,103.591,67.7389,36.2283,58.0899,18.2935
2550,79.4551,133.539,103.306,70.0006,37.3783,57.2296,18.2267
2580,82.4837,137.068,104.782,70.245,36.5114,57.9631,17.6899
2610,80.0298,133.44,102.235,70.1459,36.7447,57.0159,17.79
2640,79.9812,133.846,106.451,69.3972,37.2389,56.7759,18.2064
2670,81.3502,134.603,104.218,67.5326,36.5732,57.7475,18.3216
2700,82.5526,134.889,104.453,70.3767,37.7571,56.3468,18.3238
2730,78.7563,139.121,106.197,69.2561,36.0981,58.2305,17.9702
2760,79.8003,135.583,104.964,69.9252,36.9726,57.5058,17.9471
2790,83.6597,147.603,109.31,70.0486,36.4365,57.3361,19.4183
2820,85.2594,143.719,111.76,68.8514,37.1662,56.4532,19.0025
2850,85.4266,143.788,109.748,69.4927,36.6543,56.3111,18.8636
2880,84.6207,142.324,111.697,69.6528,36.9484,56.6917,19.104
2910,87.5217,147.387,112.754,67.7251,37.7487,58.2713,19.4742
2940,83.5941,145.068,112.099,69.2411,37.67,56.915,18.6733
2970,84.5137,145.251,110.526,70.44,37.748,56.1437,18.8334
3000,82.7401,145.926,112.445,69.1743,37.5032,54.7147,18.1393
3030,82.1657,146.254,112.055,68.1257,37.3297,53.8941,17.7962
3060,83.0251,145.286,109.658,69.6123,36.3099,53.4058,17.4
3090,82.7936,147.711,110.182,68.272,36.8928,52.1453,17.3589
3120,80.7195,146.423,109.708,70.5644,37.9055,50.9802,17.1514
3150,81.4829,145.661,110.039,69.8829,37.7182,47.7974,16.5002
3180,79.6802,145.882,109.356,68.6262,36.5674,48.193,16.1628
3210,83.6391,146.642,110.824,68.1144,37.5509,47.129,16.2288
3240,81.5673,143.257,111.516,67.7121,37.2497,45.1214,16.0582
3270,82.5235,143.979,109.445,68.8429,37.7279,44.8593,16.6321
3300,82.8447,145.727,111.941,68.0014,37.4548,42.7864,16.2671
3330,81.2338,145.658,113.026,69.4943,37.1735,43.9576,17.2674
3360,81.9736,146.539,111.321,70.021,36.519,46.7945,17.3733
3390,76.0418,131.92,102.473,69.2212,36.1842,44.5452,16.1195
3420,85.1074,149.955,117.574,73.599,37.3865,45.2072,16.7346
3450,86.5937,155.248,116.653,78.868,37.8469,50.003,16.6372
3480,85.5477,152.953,119.512,80.7654,36.6143,48.3864,17.4108
3510,85.2561,150.882,119.946,81.2675,37.2095,50.8342,17.8023
3540,85.8107,155.318,115.725,78.9718,37.7416,50.8036,18.242
3570,85.5722,153.765,116.516,80.0541,36.9459,51.5669,18.4297
3600,84.8583,152.301,118.816,78.5276,37.7363,52.6353,18.5067
3630,83.9167,155.727,116.507,80.8681,36.2706,51.6934,18.3888
3660,85.9946,155.357,120.095,79.7413,37.4124,51.9638,18.3863
3690,85.6274,153.275,119.857,79.216,36.3916,53.3944,18.502
3720,85.691,153.835,117.012,78.6519,36.1375,53.7518,18.0678
3750,86.833,153.356,119.479,78.8256,36.9656,55.9715,18.5899
3780,85.4752,151.088,117.343,79.4503,36.2245,59.4564,18.4856
3810,86.3286,152.17,116.593,79.872,37.7899,60.5556,18.4641
