Time,FC,PAS,PAM,PAD,temp,SpO2,FR
-1,74,131,90,74,36.7685,98,18
0,81.4,144.1,99,74,36.2537,98,19.8
30,81.8341,144.098,97.6354,74,35.739,98,19.6373
60,82.4492,143.546,97.0871,74,35.2242,98,19.9524
90,82.4704,145.654,99.3233,74,34.7094,98,20.0185
120,82.8498,145.344,97.4851,74,34.1947,98,20.0859
150,82.0573,142.412,97.0422,74,33.6799,98,20.2299
180,82.0841,145.269,98.6782,74,33.1652,98,19.6822
210,80.2933,146.891,100.5,74,32.6504,98,19.3309
240,83.4087,143.814,100.192,74,32.1356,98,19.4319
270,80.5108,146.599,100.484,74,31.6209,98,19.7905
300,80.4405,145.639,100.263,74,31.1061,98,20.1077
330,80.5979,144.593,98.8715,74,30.5914,98,19.9026
360,87.9089,145.454,108.848,74,30.0766,98,19.4925
390,91.276,140.671,109.623,74,29.5619,98,19.9379
420,82.6832,146.719,98.9361,74,30.8015,98,19.8387
450,80.1092,144.531,99.8338,74.5203,31.625,99.0742,19.1096
480,80.8648,143.684,95.8026,75.1967,33.1575,100.406,19.9255
510,82.1719,145.699,97.1069,72.8556,34.9029,98.7914,19.396
540,77.4495,140.421,100.518,75.1252,36.5075,94.9856,19.0878
570,82.0951,119.757,79.1119,59.7301,36.4848,91.3306,18.3423
600,81.357,111.624,75.7981,59.3216,35.9397,87.9732,18.6723
630,76.8461,109.599,77.9232,59.4928,36.172,85.563,18.7448
660,77.1115,119.446,78.8039,58.9197,37.5841,84.661,18.2843
690,75.7129,114.104,79.8343,58.2518,35.7267,79.974,16.9422
720,107.579,59.7275,77.5015,36.4114,35.7426,76.0753,17.2107
750,103.851,53.7224,76.0878,34.815,37.4124,96.38,16.9139
780,104.4,56.7096,77.6135,36.2048,37.1878,91.3438,15.378
810,103.302,53.4555,80.0304,36.4223,36.4503,88.0675,14.9691
840,102.388,61.1992,81.6116,36.2496,36.2145,88.3373,15.691
870,103.06,60.6542,74.2971,34.865,36.0545,82.3909,14.9375
900,101.971,58.4054,98.1419,34.0574,37.7888,78.021,15.0247
930,103.489,53.9565,99.1623,36.3535,35.966,79.1231,14.8055
960,102.226,86.1001,99.6559,49.7546,35.9955,74.6123,15.15
990,103.846,88.7727,98.3527,49.2645,36.1953,69.9549,14.9147
1020,104.616,84.9918,99.1702,51.561,36.7267,70.195,15.0371
1050,104.196,89.709,97.6512,50.0347,36.6705,66.7685,15.1365
1080,100.961,83.5158,100.422,50.6512,36.4209,60.4044,14.8712
1110,104.858,87.2516,97.3725,51.499,36.9837,59.6038,14.8545
1140,106.633,85.9144,100.093,50.5105,38.1119,58.2093,15.7596
1170,105.183,81.6438,100.929,50.4673,38.4914,52.9336,15.035
1200,105.235,91.8954,97.7982,49.4335,36.5253,50.7747,14.8309
1230,69.3505,127.049,99.1245,65.4403,38.1642,48.615,15.2345
1260,65.8849,115.658,94.4963,55.803,37.3525,44.8483,15.0043
1290,59.284,106.732,58.3632,54.943,37.1271,40.8917,14.9637
1320,61.9833,104.524,58.7861,55.626,37.8242,78.8538,14.7809
1350,59.0687,98.438,60.5237,55.8769,38.2001,80.6277,14.6508
1380,60.1676,106.637,56.6814,56.7021,36.7633,78.5403,15.4105
1410,61.8293,105.455,57.9917,54.6039,36.1931,79.0245,15.0163
1440,59.9171,104.615,58.3846,55.7292,36.0489,77.7953,15.4837
1470,60.5475,100.369,58.4352,55.185,38.7028,80.3916,14.8398
1500,61.1097,100.72,57.3909,56.1804,36.6396,80.7266,15.5945
1530,64.4655,98.0802,83.4398,56.5398,36.9126,85.1227,15.2931
1560,64.4038,102.54,82.8968,56.7667,36.8447,82.6958,15.159
1590,64.5265,98.133,82.9493,56.6424,36.8572,82.1085,15.1758
1620,58.7586,89.897,78.9784,47.4802,37.0802,83.7231,15.0492
1650,66.1635,91.2547,80.1536,47.1529,36.5528,82.8355,16.6617
1680,63.7362,95.3762,81.4744,46.5944,36.2101,81.0667,16.7037
1710,63.9441,93.1465,81.5543,47.8446,38.3616,83.2677,16.8398
1740,66.1606,92.9395,81.4356,48.4477,36.3881,83.4291,16.2955
1770,79.1543,114.573,98.6933,47.4852,35.9692,83.0593,19.8363
1800,70.294,104.158,91.8071,46.3216,36.8548,81.5327,19.8929
1830,67.6446,108.359,89.6552,47.5324,37.7894,84.4324,20.1127
1860,70.3577,105.75,91.8701,46.1489,36.6743,83.2655,20.3154
1890,70.1684,104.962,91.7356,45.5319,37.8707,82.4927,19.8809
1920,67.4661,109.225,91.69,45.8582,37.5693,83.4123,20.0882
1950,68.5172,107.329,90.4072,45.635,37.4166,88.745,19.7633
1980,68.1327,105.845,90.7198,47.838,37.6327,88.8707,19.9235
2010,70.2356,105.812,90.8196,46.3055,37.1337,88.2227,19.9034
2040,68.9295,104.932,91.1639,45.5431,38.5652,88.4263,19.8108
2070,80.5471,119.91,100.451,47.3021,38.6892,89.0189,21.1575
2100,79.916,115.011,103.244,47.547,38.1312,85.6846,21.667
2130,81.9257,117.047,99.8858,46.1848,36.7871,88.1833,21.5006
2160,81.7436,114.59,102.062,47.5489,37.5462,89.7473,21.3786
2190,79.6248,115.297,99.5429,45.5597,36.9382,86.1195,21.3355
2220,81.8124,114.695,99.629,47.8283,36.7652,88.4771,21.5095
2250,80.8112,118.985,103.037,47.4198,36.9256,86.6635,21.3191
2280,80.532,119.791,99.531,46.7414,37.2474,89.5622,21.3009
2310,79.4011,119.863,100.859,46.0568,37.4366,88.1568,21.495
2340,80.7819,118.217,101.012,46.1735,36.6595,89.5507,21.304
2370,81.4624,118.717,103.544,46.2202,35.9152,88.3073,21.5129
2400,79.5097,118.268,99.5638,46.3082,37.9253,88.3233,21.5511
2430,81.5551,120.172,103.109,46.9981,36.825,85.9434,21.0859
2460,79.3559,117.396,100.418,47.9752,36.3114,86.1992,21.2912
2490,81.5805,115.222,101.746,48.3803,36.1297,88.3017,21.4352
2520,81.5171,118.307,102.757,46.6178,36.8791,85.7172,21.3383
2550,85.2097,125.436,107.788,47.8887,37.6427,89.3886,22.0145
2580,85.6407,120.148,105.298,45.5251,36.2783,86.9901,21.69
2610,85.9865,125.104,108.176,48.4405,36.208,87.8605,22.2806
2640,84.8248,121.544,104.987,47.8122,36.8923,86.1736,21.7257
2670,84.8696,119.981,107.691,47.3418,36.3745,85.865,22.0661
2700,86.4271,122.148,106.394,48.278,38.2579,89.9703,22.027
2730,86.4757,125.307,106.042,47.9272,37.7261,88.6551,22.1919
2760,85.0175,125.216,106.154,48.4274,36.5807,85.6193,21.9983
2790,86.2777,125.235,104.29,47.7213,36.3765,86.8362,21.9368
2820,85.8521,124.925,105.254,46.8819,36.7273,89.8876,22.0539
2850,84.6299,122.175,105.471,47.6278,35.6068,87.2348,22.1649
2880,86.9167,125.206,106.869,46.1453,37.1108,88.1757,22.2571
2910,86.0237,123.864,104.041,46.5249,36.7867,88.2024,22.7287
2940,84.6511,125.385,107.501,48.6992,36.2365,87.5277,23.0431
2970,84.6055,124.964,107.976,47.6928,36.6481,86.5087,23.748
3000,84.7276,125.786,107.655,48.2816,36.4617,85.4119,23.7976
3030,84.3672,120.514,105.978,48.7053,35.1537,86.6766,24.359
3060,88.1399,121.927,107.015,46.1546,37.5347,86.8841,26.2966
3090,87.3831,122.982,107.527,47.3606,36.8275,86.1891,26.5148
3120,87.5583,121.772,107.328,46.8765,36.1458,87.9033,26.7725
3150,87.1858,127.758,106.995,48.5174,35.7034,86.9174,27.4792
3180,88.0403,126.16,109.546,47.7842,35.9937,88.0978,27.3677
3210,87.448,122.284,108.165,46.2394,37.4319,89.2642,27.9856
3240,88.4284,123.468,108.842,46.8215,36.352,89.1447,27.8428
3270,86.8913,122.845,105.984,46.9135,36.6985,86.5025,28.0981
3300,86.4266,123.001,106.459,48.0636,36.6402,89.5831,28.406
3330,88.5068,124.776,106.094,47.9646,36.5197,86.0173,27.7975
3360,86.4932,127.199,107.44,48.71,34.968,86.0746,28.0345
3390,86.9833,123.076,109.126,46.45,37.2693,88.8709,28.2264
3420,86.4929,127.127,107.662,47.9157,35.9746,85.7506,27.4465
3450,88.2101,125.844,106.198,46.0893,35.6882,80.6401,27.0564
3480,86.1341,124.486,108.337,46.7087,36.701,80.6594,26.6361
3510,88.5884,123.974,110.276,47.4965,36.2747,75.7991,25.7849
3540,87.6345,125.172,106.324,46.5735,37.1405,75.0314,25.2756
3570,86.8933,125.429,108.337,48.6333,36.9925,72.1056,24.9096
3600,86.0513,121.996,106.153,47.9597,36.9615,69.3926,24.1911
3630,85.8705,124.633,106.336,47.0405,35.2023,68.1368,23.7366
3660,88.1583,126.836,109.98,47.8479,36.2523,62.4024,23.2448
3690,85.9465,125.727,109.088,48.5629,35.339,62.3514,22.3347
3720,86.403,125.811,110.291,48.8993,35.9121,59.2467,21.7729
3750,88.4441,125.415,108.99,46.3775,36.8266,58.1896,21.4132
3780,86.4718,126.414,107.114,48.4122,35.5509,54.5607,21.1835
3810,85.6617,123.832,106.728,46.9228,36.9072,52.0165,21.5129
3840,86.9997,125.587,109.234,48.4133,35.1177,47.0229,20.9855
3870,88.2296,126.796,106.671,48.193,36.7601,45.5034,21.3484
3900,87.8765,125.472,107.525,49.0275,38.0099,42.6793,21.6442
3930,86.5552,124.62,107.208,48.6212,36.5836,41.7224,21.4626
3960,87.2198,124.13,108.228,47.9386,36.8375,39.2232,21.3273
3990,87.0351,126.687,107.081,48.2874,37.0049,34.879,21.3413
4020,86.2406,125.683,108.363,46.5768,37.1236,34.4974,21.6043
4050,87.3159,126.399,110.351,47.7801,35.8169,35.5185,20.4561
4080,71.3382,103.431,87.0181,47.4558,35.5304,39.2314,20.4964
4110,71.7663,99.965,87.7652,48.297,37.7193,36.1825,19.8799
4140,70.7036,103.616,85.818,46.6887,36.3391,35.7389,20.5488
4170,71.2317,104.104,87.3602,46.3541,36.6219,40.0524,19.9569
4200,70.8752,101.229,87.5507,46.3547,36.6138,38.4499,20.232
4230,71.3934,102.641,86.1553,48.0196,36.6471,44.6688,20.0134
4260,70.1229,103.98,86.7981,46.2957,35.9224,44.634,19.8699
4290,70.3298,102.404,85.4375,48.4683,35.4642,51.8433,19.956
4320,70.4283,101.933,85.967,46.3238,35.1773,53.1996,20.5415
4350,71.665,104.079,87.6588,47.6862,35.9077,56.8036,20.4745
4380,66.8329,95.5901,85.3239,47.4053,35.8957,58.2722,15.4736
4410,68.1829,97.9266,81.3569,46.4867,37.4354,60.2999,15.4188
4440,67.8136,97.5598,82.2386,48.1086,37.4448,65.0552,15.7919
4470,68.5188,96.1848,82.1917,46.8029,37.393,65.3962,15.8827
4500,66.7911,94.9436,82.3466,48.9101,35.9997,68.5732,15.8526
4530,67.1526,95.7313,85.1366,48.9387,35.1776,71.1568,15.8246
4560,68.3689,96.5634,82.998,47.5231,34.9975,74.3697,16.003
4590,67.3381,96.8695,82.2222,49.0134,35.8575,80.3245,15.7265
4620,67.5872,94.8228,83.5444,47.7836,37.2595,81.0443,15.3923
4650,69.0582,96.0178,81.532,46.51,35.6533,86.5484,15.4405
4680,67.8575,96.2385,84.0906,48.3624,36.7042,88.8553,15.8412
4710,66.9824,100.459,84.3966,48.0303,36.1173,89.3195,15.8856
4740,68.0687,99.2502,82.9067,47.3226,36.7829,93.6162,15.6443
4770,66.258,98.1313,83.8905,47.4963,36.8651,97.1477,15.5587
4800,68.6535,96.4466,81.7285,46.6518,36.3989,98.5584,15.6205
4830,68.8437,98.655,81.6318,46.7831,35.545,94.2383,15.9171
4860,66.6648,97.1955,82.4396,48.0873,36.3356,94.675,15.4662
4890,67.5318,99.1405,84.2097,46.7942,35.6471,96.8317,15.3847
4920,68.3186,98.786,82.499,48.7208,36.0271,95.5339,15.6471
4950,69.0838,97.0166,84.2987,46.6769,37.3235,94.2849,15.9631
4980,59.5248,85.4775,74.7164,47.4144,36.1826,97.193,13.2502
